0
0
0.00274629
0.00189928
0.00147037
0.00116251
0.000970503
0.00117333
0.001089
0.00103541
0.00100885
0.000916387
0.0009034
0.000833478
0.000773869
0.00072847
0.00070866
0.000704504
0.000729657
0.000694979
0.000715346
0.00069945
0.000685177
0.000661629
0.000652783
0.000637672
0.000614559
0.000612519
0.000591744
0.000576847
0.000557598
0.000541215
0.000532537
0.000517747
0.000503033
0.000489182
0.000475989
0.000470259
0.000480725
0.000474022
0.000466212
0.000466537
0.000456278
0.000451269
0.000450571
0.000441373
0.000432374
0.000451743
0.000456999
0.000447672
0.00043872
0.00043323
0.000428823
0.000423903
0.000427515
0.000419748
0.000418264
0.000422016
0.00041474
0.000409251
0.000404928
0.000398874
0.000393551
0.000399095
0.000396132
0.000396944
0.000393096
0.00040877
0.00041231
0.000406795
0.000402171
0.000399038
0.00040242
0.00040371
0.000398255
0.000395033
0.00040197
0.000396756
0.000391684
0.00039658
0.000391645
0.000386968
0.00038679
0.000382502
0.000380487
0.000376488
0.000374855
0.00037066
0.000366585
0.000363024
0.000359905
0.000356373
0.000352703
0.000349785
0.00034721
0.000343678
0.00034011
0.000341787
0.000338403
0.00033514
0.00033288
0.000330955
0.000329048
0.000326585
0.000335537
0.000332434
0.000330583
0.00033028
0.000327608
0.000328155
0.000325173
0.000322243
0.000319411
0.000318777
0.000320239
0.000317576
0.000315322
0.000312653
0.000310535
0.000310368
0.000313115
0.000317761
0.000315432
0.000312909
0.000310597
0.000308202
0.000306107
0.000304771
0.000302429
0.000300263
0.000298265
0.000297232
0.000297118
0.000295004
0.000303746
0.000304273
0.000302764
0.000300617
0.000301977
0.000299829
0.000298293
0.000298373
0.000296275
0.000294209
0.000294284
0.000293342
0.000291333
0.000291249
0.00028937
0.000289226
0.000287419
0.000285727
0.000284945
0.000287014
0.000285476
0.000283635
0.000281818
0.000280023
0.000280064
0.000278681
0.00027914
0.000277563
0.000276002
0.000274732
0.000273057
0.000271756
0.000270481
0.000269005
0.000267602
0.000266019
0.000264579
0.000263267
0.000265233
0.000263701
0.000262304
0.000261172
0.000261607
0.000260621
0.000259242
0.000257881
0.000256852
0.000255454
0.000254071
0.000253015
0.000251672
0.000254422
0.000253119
0.000251799
0.000250835
0.000250441
0.000250991
0.000250596
0.000249652
0.000249179
0.00024958
0.000249439
0.000248167
0.000250851
0.000249584
0.000248331
