92.94
77.76
117.94
103.62
99.06
83.74
76.3
104.18
96.76
110.94
112.3
108
96.9
127.04
98.24
82.54
74.78
108.82
111.38
86.32
82.54
105.94
106.96
121.1
84.5
108.12
90.84
122.8
108.04
95.34
83.94
102.92
86.06
92.06
95.38
87.3
87.92
96.46
82.16
102.18
103.2
130.2
88.82
93.44
91.32
92.62
107.08
94.7
92.46
89.18
92.64
111.1
82.88
109.82
105.6
96.88
78.94
96.78
81.44
109.2
101.06
117.24
101.22
118.64
105.44
93.1
72
113.9
88.36
86.6
116.08
97.8
94.24
94.18
95.62
71.38
95.56
109.68
101.32
112.56
107.22
101.66
98.42
84.62
97.62
101.66
89.96
80.9
93.6
64.92
107.76
117.06
103.86
120.12
87.34
79.74
78.9
96.74
108.12
112.64
