0.495708
0.506394
0.505479
0.505419
0.504293
0.506531
0.504065
0.50366
0.50301
0.502191
0.501251
0.500854
0.501261
0.503536
0.503112
0.504052
0.504186
0.503583
0.501609
0.501214
0.500042
0.499985
0.499886
0.50016
0.500241
0.500513
0.500469
0.500319
0.499952
0.500069
0.501331
0.502089
0.502197
0.501955
0.502232
0.50203
0.502067
0.50241
0.501912
0.502239
0.502127
0.502193
0.502556
0.502628
0.502586
0.501909
0.50206
0.501397
0.501145
0.501469
0.501182
0.500565
0.500333
0.500407
0.500235
0.500215
0.500019
0.500182
0.500031
0.500143
0.499827
0.499822
0.499786
0.499685
0.499813
0.499734
0.499882
0.499716
0.499776
0.500207
0.500325
0.500321
0.500273
0.500405
0.500762
0.500574
0.500495
0.500453
0.500722
0.500522
0.500748
0.500891
0.500992
0.501175
0.501441
0.501354
0.501242
0.501247
0.501088
0.501008
0.50117
0.501151
0.501172
0.501207
0.501235
0.501334
0.50133
0.501198
0.501382
0.501583
0.501639
0.501586
0.501568
0.501462
0.501454
0.501321
0.501303
0.501434
0.501331
0.501337
0.501426
0.501292
0.501452
0.501591
0.501713
0.501867
0.501933
0.501889
0.501979
0.501892
0.501968
0.502039
0.502156
0.50228
0.502306
0.502342
0.502286
0.502278
0.502395
0.502368
0.502387
0.502462
0.502597
0.502576
0.502442
0.502263
0.502284
0.502119
0.50209
0.502078
0.502086
0.502065
0.501765
0.501637
0.501753
0.501591
0.501564
0.501591
0.501743
0.501622
0.501668
0.501501
0.501553
0.501553
0.501714
0.501685
0.501603
0.501712
0.501739
0.501896
0.501881
0.501825
0.501654
0.50158
0.501639
0.501557
0.501476
0.501375
0.501232
0.501241
0.501199
0.501197
0.501107
0.501336
0.501403
0.501387
0.501372
0.501342
0.501303
0.501367
0.501421
0.501434
0.501389
0.501335
0.501338
0.501397
0.50138
0.501369
0.50126
0.501288
0.501343
0.501285
0.501373
0.501435
0.501348
0.501277
0.501405
0.50149
0.501443
0.501438
