0.0814872
0.0848505
0.0848718
0.0841511
0.0845737
0.084586
0.0846985
0.0854674
0.0851212
0.0847708
0.0844016
0.0844109
0.0847305
0.084732
0.0847507
0.0846574
0.0844735
0.084253
0.0845443
0.0844734
0.0842048
0.0840499
0.0838992
0.0838101
0.0836579
0.0837737
0.0837323
0.0835772
0.0836131
0.0835348
0.0835355
0.0834943
0.0834024
0.0833654
0.0833427
0.0833203
0.0833396
0.0832591
0.0834036
0.0834755
0.083415
0.0833124
0.0832848
0.0832147
0.0831234
0.0830968
0.0831194
0.082963
0.0830766
0.0830749
0.0830769
0.0831283
0.0830709
0.0830196
0.0831171
0.0831198
0.0831898
0.0832851
0.0832837
0.0833189
0.0833635
0.0833849
0.0833556
0.08326
0.0832096
0.0831364
0.0830955
0.0832255
0.0831379
0.0831571
0.0831265
0.0830819
0.0831656
0.0832389
0.0832399
0.0832802
0.0833776
0.0833801
0.0833765
0.0832892
0.0832935
0.0833045
0.0833632
0.0833464
0.0833028
0.083284
0.0832389
0.083248
0.0832381
0.0832581
0.0832326
0.0832498
0.0832618
0.0832372
0.0832652
0.0832561
0.0832589
0.0833179
0.0833095
0.0833197
0.0832929
0.0833228
0.0832933
0.0833151
0.0834039
0.0833961
0.083425
0.0834677
0.0834518
0.0834039
0.0834047
0.0834048
0.0833995
0.0834366
0.0833848
0.0833936
0.0833762
0.0833721
0.083354
0.0833927
0.08345
0.0835172
0.083504
0.083499
0.0834875
0.083495
0.0834804
0.0835058
0.083501
0.0834906
0.0834771
0.08345
0.0834146
0.0834061
0.0833257
0.0833665
0.0833874
0.0833813
0.0833354
0.0833392
0.0833203
0.0833563
0.0833577
0.0833595
0.0833946
0.0834198
0.0834197
0.0834528
0.08346
0.0834921
0.0834837
0.0834728
0.0834977
0.0834505
0.0834369
0.0834362
0.0834353
0.0834357
0.083404
0.0834185
0.0834533
0.083444
0.0834349
0.0834501
0.0834501
0.083464
0.08345
0.0834588
0.0834691
0.0834688
0.0834769
0.083488
0.0834452
0.0834443
0.0834365
0.0834503
0.0834819
0.0834659
0.0834725
0.0834658
0.0834515
0.0834548
0.0834516
0.0834387
0.0834427
0.0833973
0.083403
0.0833989
0.0834126
0.083391
0.0833605
0.0833391
0.0833258
0.0833056
0.0832767
0.0833005
0.0832998
0.083344
0.0833437
0.0833442
