0
0.0106861
0.00623718
0.00441076
0.00359733
0.00369262
0.00397764
0.00346846
0.00312719
0.00291441
0.00279862
0.00258543
0.00241273
0.00318843
0.00299833
0.00295798
0.00278177
0.0026911
0.00322151
0.00308158
0.00315689
0.00301052
0.00287836
0.00276939
0.00265756
0.00256771
0.00247117
0.002386
0.0023314
0.00225538
0.00252046
0.00255546
0.00247915
0.00241727
0.00236342
0.00230569
0.00224282
0.00220972
0.00220904
0.00217783
0.002127
0.00207679
0.00206
0.00201396
0.00196915
0.00204145
0.00200324
0.00207003
0.00204305
0.00202794
0.00200845
0.00206388
0.00203783
0.00200111
0.00197184
0.00193641
0.00191218
0.00188598
0.00185992
0.00183211
0.00182931
0.00179957
0.00177114
0.00174615
0.00172381
0.0016993
0.00168028
0.00166368
0.00164047
0.0016733
0.00165382
0.00163069
0.00160893
0.00159255
0.00161115
0.00160085
0.00158193
0.00156208
0.0015655
0.00155871
0.00155584
0.00154344
0.00152809
0.00152082
0.00152605
0.00151069
0.00149742
0.00148031
0.00147221
0.00145795
0.00145087
0.00143514
0.00141978
0.00140502
0.00139043
0.00137944
0.00136515
0.00135757
0.00135628
0.00135767
0.00134532
0.00133314
0.00132025
0.00131177
0.00129924
0.00129384
0.00128182
0.00127663
0.00126903
0.00125746
0.0012492
0.00124519
0.00124451
0.00124136
0.00123649
0.00123543
0.00122658
0.00121691
0.00120995
0.00120298
0.00119539
0.00118771
0.00118377
0.0011808
0.0011716
0.00116283
0.00115503
0.00114599
0.00114308
0.00113458
0.00112606
0.00112
0.00111966
0.00111147
0.00111136
0.00111754
0.00110955
0.00111371
0.00110605
0.00109819
0.0010904
0.00108289
0.00111627
0.00111592
0.00111428
0.00111842
0.00111112
0.00110392
0.00110698
0.00110619
0.0010998
0.00110518
0.00109917
0.00109201
0.00109689
0.00109023
0.00108633
0.00108494
0.00107843
0.00108301
0.00107636
0.00107118
0.00107825
0.00107417
0.00106925
0.00106591
0.00106263
0.0010611
0.00106451
0.00105828
0.00105291
0.00104677
0.00104458
0.00106359
0.00105958
0.00105366
0.00104779
0.00104234
0.00103723
0.00103342
0.00102914
0.00102355
0.00101891
0.00101479
0.00100929
0.00100559
0.00100033
0.000995065
0.000995784
0.00099094
0.000987245
0.000983797
0.000982683
0.000979529
0.000978365
0.000975921
0.000979315
0.000978075
0.000974296
0.000969425
