0
0
0.0272563
0.0233937
0.0236592
0.0369774
0.0314941
0.0347063
0.0423987
0.0389632
0.0414608
0.0376591
0.0349667
0.0325223
0.0303411
0.0283191
0.0279937
0.0279825
0.0271467
0.025714
0.0259209
0.0250899
0.0247689
0.0237445
0.0229429
0.0221335
0.0213134
0.0207632
0.020114
0.0195462
0.0190608
0.0187431
0.0182612
0.0186023
0.0180548
0.0180124
0.0175231
0.017077
0.0168171
0.0163881
0.0159784
0.0158836
0.0160247
0.0156637
0.0153259
0.0151847
0.0149996
0.0148151
0.0145145
0.01423
0.0144627
0.0147121
0.0144449
0.0155206
0.0155115
0.0153195
0.015075
0.0150585
0.015051
0.0148165
0.0147671
0.0147175
0.0144966
0.0144298
0.0144068
0.0141902
0.0140188
0.0138274
0.0139263
0.0137721
0.0136034
0.0134632
0.013421
0.0132384
0.0130819
0.0129074
0.0129222
0.0127848
0.0127524
0.0126517
0.0126188
0.0125131
0.0123724
0.0124848
0.0123659
0.0122331
0.0122772
0.0122072
0.0120928
0.0119709
0.0118406
0.0117388
0.0116161
0.0115244
0.0114339
0.0113212
0.0112033
0.0110995
0.0111053
0.0109935
