3.108
3.12263
3.13995
3.12657
3.14074
3.11221
3.10549
3.1258
3.15355
3.144
3.16505
3.16522
3.17068
3.16672
3.16378
3.16305
3.15443
3.14527
3.13922
3.13912
3.14758
3.15197
3.14579
3.14421
3.14133
3.14349
3.14464
3.14155
3.13965
3.14183
3.13936
3.14263
3.14071
3.1351
3.13516
3.13112
3.13049
3.13145
3.13394
3.13366
3.13356
3.13657
3.14057
3.14117
3.14192
3.13949
3.14155
3.14352
3.144
3.14343
3.13963
3.14352
3.14285
3.14912
3.15201
3.15366
3.15273
3.15003
3.14731
3.14654
3.14892
3.14657
3.14726
3.14511
3.1475
3.14712
3.14822
3.14752
3.14465
3.14352
3.14439
3.14555
3.1436
3.14341
3.14265
3.14268
3.14052
3.13964
3.13783
3.13906
3.1373
3.13841
3.13787
3.14039
3.14124
3.14069
3.13857
3.13726
3.13803
3.1386
3.13835
3.13916
3.13882
3.13969
3.14054
3.14013
3.1401
3.14061
3.14222
3.14232
