1.22649 8.87835
2.38894 9.47084
3.30575 9.53747
3.25739 6.79508
3.0914 4.96849
4.785 4.87275
4.90531 4.41826
6.0179 4.08124
6.43112 7.58748
6.56387 7.94738
7.0543 8.72143
6.67421 7.61679
8.36697 6.17816
8.06001 4.66681
8.40888 3.20812
6.45848 2.23191
6.11215 2.60441
6.09482 2.3892
5.70725 0.855483
4.62386 0.0791554
2.98616 1.72341
1.81236 0.823031
2.42081 1.93738
2.09379 2.81683
2.6377 2.78258
3.4904 3.04287
4.52231 2.75218
3.93371 3.05099
3.12395 4.18159
1.32066 3.90263
0.445765 3.82106
2.04638 4.70706
0.985951 7.74231
1.21514 8.88571
