0 510.24
1 465.535
2 447.994
3 382.175
4 290.363
5 290.363
6 290.363
7 259.022
8 259.022
9 242.638
10 230.088
11 226.302
12 219.675
13 216.339
14 211.393
15 195.712
16 194.514
17 194.514
18 186.795
19 186.795
20 175.088
21 169.084
22 166.597
23 162.179
24 160.497
25 157.562
26 153.106
27 153.106
28 144.514
29 144.514
30 133.795
31 133.795
32 124.603
33 117.684
34 117.684
35 114.654
36 113.761
37 110.676
38 110.676
39 109.228
40 109.228
41 108.338
42 108.338
43 108.133
44 107.644
45 104.871
46 104.871
47 102.264
48 102.264
49 101.517
50 100.311
51 98.9098
52 97.2309
53 95.2781
54 94.5248
55 94.5248
56 93.0238
57 92.2706
58 91.9868
59 91.9868
60 91.9868
61 91.9868
62 91.9868
63 91.9868
64 91.9868
65 91.9868
66 91.9868
67 91.9868
68 91.9868
69 91.9868
70 91.9868
71 91.9868
72 91.9868
73 91.9868
74 91.9868
75 91.9868
76 91.9868
77 91.9868
78 91.9868
79 91.9868
80 91.9868
81 91.9868
82 91.9868
83 91.9868
84 91.9868
85 91.9868
86 91.9868
87 91.9868
88 91.9868
89 91.9868
90 91.9868
91 91.9868
92 91.9868
93 90.899
94 90.899
95 90.899
96 88.5207
97 87.4329
98 87.4329
99 87.3407
100 86.2529
101 86.2529
102 86.2529
103 86.2529
104 86.2529
105 86.2529
106 86.2529
107 86.2529
108 86.2529
109 86.2529
110 86.2529
111 86.2529
112 86.2529
113 86.2529
114 86.2529
115 86.2529
116 85.4047
117 85.4047
118 85.4047
119 85.4047
120 85.4047
121 85.4047
122 85.4047
123 85.4047
124 85.4047
125 85.4047
126 85.4047
127 85.4047
128 85.4047
129 85.4047
130 85.4047
131 85.4047
132 85.4047
133 85.4047
134 85.4047
135 85.4047
136 85.4047
137 85.4047
138 85.4047
139 85.4047
140 85.4047
141 85.4047
142 85.4047
143 85.4047
144 85.4047
145 85.4047
146 85.4047
147 85.4047
148 85.4047
149 85.4047
150 85.4047
151 85.3983
152 85.3983
153 85.3983
154 85.3983
155 85.3983
156 85.3983
157 85.3983
158 85.3983
159 85.3983
160 85.3983
161 85.3983
162 85.3983
163 85.3983
164 85.3983
165 85.3983
166 85.3983
167 85.3983
168 85.3983
169 85.3983
170 85.3983
171 85.3983
172 85.3983
173 85.3983
174 85.3983
175 85.3983
176 85.3983
177 85.3983
178 85.3983
179 85.3983
180 85.3983
181 85.3983
182 85.3983
183 85.3983
184 85.3983
185 85.3983
186 85.3983
187 85.3983
188 85.3983
189 85.3983
190 85.3983
191 85.3983
192 85.3983
193 85.3983
194 85.3983
195 85.3983
196 85.3983
197 85.3983
198 85.3983
199 85.3983
