0 453.65
1 408.262
2 393.611
3 381.913
4 347.976
5 347.976
6 347.976
7 314.663
8 314.663
9 286.42
10 283.726
11 283.726
12 272.149
13 243.906
14 239.385
15 233.724
16 231.574
17 227.76
18 224.913
19 216.542
20 203.9
21 197.469
22 197.469
23 189.323
24 189.323
25 185.296
26 175.786
27 173.795
28 173.795
29 173.795
30 173.795
31 172.513
32 170.141
33 170.141
34 165.653
35 165.653
36 164.705
37 146.295
38 146.295
39 146.295
40 143.638
41 140.602
42 139.821
43 137.945
44 133.42
45 133.42
46 128.944
47 124.567
48 124.567
49 120.092
50 120.092
51 115.642
52 114.823
53 114.257
54 114.257
55 114.257
56 114.211
57 114.211
58 114.164
59 114.164
60 114.164
61 114.164
62 114.164
63 114.164
64 114.164
65 114.164
66 111.159
67 108.434
68 108.434
69 108.434
70 107.441
71 105.873
72 105.873
73 105.873
74 105.873
75 105.873
76 105.873
77 105.873
78 103.903
79 103.903
80 103.903
81 103.903
82 103.903
83 103.903
84 103.903
85 103.903
86 102.956
87 102.956
88 102.956
89 102.956
90 102.956
91 102.956
92 102.956
93 102.956
94 95.0039
95 95.0039
96 95.0039
97 95.0039
98 95.0039
99 95.0039
100 95.0039
101 93.4484
102 93.4484
103 93.4484
104 93.4484
105 93.4484
106 93.4484
107 93.4484
108 93.4484
109 93.4484
110 93.4484
111 93.4484
112 93.4484
113 91.2417
114 91.2417
115 91.2417
116 91.2417
117 91.2417
118 91.2417
119 91.2417
120 91.2417
121 90.9579
122 90.9579
123 90.9579
124 90.9579
125 90.9579
126 90.504
127 90.504
128 90.4976
129 90.4976
130 90.4976
131 90.4976
132 90.4976
133 90.4976
134 89.8791
135 89.8791
136 89.8791
137 89.6719
138 89.0534
139 89.0534
140 89.0534
141 89.0534
142 88.5188
143 88.5188
144 88.5188
145 88.5188
146 88.5188
147 88.5188
148 88.5188
149 88.5188
150 87.2536
151 87.2536
152 87.2536
153 87.2536
154 87.2536
155 87.2536
156 87.2536
157 87.2536
158 87.2536
159 87.2536
160 87.2536
161 87.2536
162 87.2536
163 87.2536
164 87.2536
165 87.2536
166 87.2536
167 87.2536
168 87.2536
169 87.2536
170 87.2536
171 87.2536
172 87.2536
173 87.2536
174 87.2536
175 87.2536
176 87.2536
177 87.2536
178 85.4279
179 85.4279
180 85.4279
181 85.4279
182 85.4279
183 85.4279
184 85.4279
185 85.4279
186 85.4279
187 85.4279
188 85.4279
189 85.4279
190 85.4279
191 85.4279
192 85.4279
193 85.4279
194 85.4279
195 85.4279
196 85.4279
197 85.4279
198 85.4279
199 85.4279
