0 717.488
1 643.013
2 567.243
3 517.638
4 493.176
5 457.53
6 443.706
7 431.469
8 417.158
9 399.922
10 383.406
11 356.724
12 339.484
13 320.314
14 300.792
15 280.84
16 269.366
17 266.363
18 255.528
19 252.237
20 238.343
21 231.925
22 219.914
23 210.019
24 203.38
25 198.727
26 191.516
27 181.343
28 172.257
29 166.222
30 165.734
31 159.622
32 155.2
33 152.463
34 148.481
35 142.735
36 139.655
37 137.849
38 137.353
39 136.169
40 134.967
41 133.972
42 135.22
43 137.449
44 129.988
45 130.665
46 129.245
47 126.506
48 125.316
49 122.973
50 121.076
51 120.531
52 124.097
53 123.119
54 129.953
55 115.544
56 114.802
57 118.525
58 113.176
59 111.481
60 114.626
61 113.264
62 111.206
63 110.646
64 115.285
65 115.428
66 117.559
67 111.374
68 114.794
69 110.304
70 110.53
71 111.115
72 112.552
73 112.516
74 112.717
75 112.551
76 118.919
77 121.58
78 114.619
79 120.156
80 116.325
81 114.837
82 110.679
83 116.915
84 118.015
85 114.41
86 107.463
87 104.935
88 102.025
89 100.705
90 104.419
91 99.762
92 102.219
93 97.2342
94 97.3242
95 97.0941
96 96.9637
97 98.3546
98 96.7875
99 96.7431
100 96.7839
101 97.9559
102 99.4336
103 102.606
104 106.894
105 107.516
106 99.5311
107 98.5799
108 109.197
109 106.23
110 117.704
111 115.939
112 116.178
113 102.962
114 92.262
115 94.3278
116 95.7349
117 95.4894
118 96.5025
119 97.6013
120 95.6139
121 91.9601
122 91.8324
123 91.7977
124 91.8011
125 92.1263
126 93.5535
127 92.4043
128 91.6153
129 91.6718
130 96.4834
131 95.5654
132 97.8619
133 95.6008
134 92.6993
135 91.3439
136 91.3439
137 91.7118
138 92.0694
139 95.1768
140 92.6087
141 91.3439
142 91.3439
143 91.3573
144 91.3439
145 91.3439
146 91.3439
147 91.3439
148 93.9217
149 96.1454
150 91.3439
151 91.3439
152 96.7872
153 96.2944
154 91.6704
155 91.3439
156 91.3439
157 91.3439
158 91.3439
159 91.3439
160 91.3439
161 91.3439
162 91.3439
163 91.4914
164 91.3439
165 91.3439
166 91.3439
167 91.3439
168 91.5095
169 91.8759
170 92.2283
171 93.3895
172 97.3806
173 98.3485
174 95.3705
175 95.387
176 100.97
177 100.814
178 91.3439
179 91.3439
180 91.3439
181 91.3792
182 91.3439
183 91.3439
184 91.3439
185 91.3402
186 91.2969
187 91.1942
188 92.2647
189 90.9491
190 93.0738
191 94.8369
192 93.1214
193 93.3009
194 90.7254
195 92.3011
196 97.4941
197 90.7254
198 90.7254
199 90.7254
