0 716.617
1 651.735
2 579
3 523.593
4 469.645
5 433.23
6 420.862
7 392.059
8 377.423
9 362.952
10 340.573
11 323.692
12 307.336
13 291.469
14 268.551
15 257.737
16 257.156
17 257.427
18 240.546
19 237.439
20 229.345
21 215.528
22 211.068
23 204.443
24 202.25
25 197.307
26 191.376
27 184.638
28 178.688
29 170.198
30 161.245
31 157.102
32 153.359
33 148.867
34 146.686
35 146.107
36 142.468
37 141.31
38 140.284
39 138.234
40 139.428
41 137.203
42 136.643
43 136.081
44 135.766
45 138.853
46 141.444
47 136.059
48 130.872
49 128.82
50 128.673
51 128.178
52 127.032
53 126.294
54 125.839
55 125.911
56 124.845
57 124.017
58 124.296
59 123.995
60 121.264
61 126.076
62 117.985
63 113.683
64 107.392
65 104.623
66 102.736
67 102.481
68 102.386
69 102.385
70 102.39
71 102.832
72 102.185
73 102.098
74 102.097
75 102.529
76 102.016
77 102.016
78 102.016
79 102.016
80 102.016
81 102.015
82 101.985
83 101.885
84 101.706
85 101.48
86 101.41
87 101.439
88 101.405
89 101.276
90 100.888
91 100.167
92 99.4406
93 99.3434
94 98.9879
95 98.0482
96 96.6779
97 95.8628
98 96.8532
99 96.5563
100 93.7239
101 93.1922
102 92.4525
103 90.517
104 95.6575
105 96.4679
106 88.6502
107 90.1065
108 89.3676
109 86.2529
110 86.2529
111 86.2677
112 86.4506
113 86.9851
114 91.4583
115 86.2529
116 88.0926
117 92.7171
118 86.3577
119 86.2529
120 86.2529
121 86.2529
122 86.2529
123 86.2529
124 86.2529
125 86.2529
126 86.2478
127 86.1427
128 85.9764
129 85.6991
130 85.8424
131 87.4975
132 85.4047
133 85.4047
134 85.4047
135 85.4047
136 85.4047
137 85.4047
138 85.404
139 85.3936
140 85.351
141 85.3733
142 85.2538
143 85.0878
144 85.074
145 85.5716
146 85.0319
147 85.0376
148 89.2656
149 88.5084
150 89.4399
151 85.925
152 93.8229
153 100.063
154 89.491
155 85.2372
156 85.0762
157 87.8035
158 85.0254
159 87.7519
160 85.0287
161 85.0254
162 85.0254
163 85.0254
164 86.608
165 90.4285
166 94.0082
167 87.9517
168 85.0254
169 85.0254
170 85.0254
171 85.3531
172 85.0254
173 85.0254
174 85.0535
175 85.0254
176 85.0254
177 85.0254
178 85.0254
179 85.0254
180 85.6697
181 87.558
182 91.612
183 85.4509
184 90.0757
185 85.0254
186 85.3377
187 86.3696
188 87.9545
189 85.0254
190 85.0254
191 85.0254
192 85.0254
193 85.0254
194 85.0254
195 85.0254
196 85.0254
197 85.0254
198 85.4159
199 85.0254
