0 525.398
1 394.066
2 383.629
3 383.629
4 381.398
5 362.989
6 342.675
7 330.729
8 314.527
9 300.478
10 289.361
11 263.285
12 254.082
13 243.798
14 242.681
15 236.943
16 221.168
17 221.168
18 210.524
19 204.871
20 202.388
21 196.736
22 196.736
23 189.884
24 186.343
25 165.35
26 165.35
27 156.469
28 156.469
29 156.469
30 142.341
31 142.341
32 141.965
33 141.965
34 141.53
35 136.955
36 136.955
37 136.796
38 136.796
39 136.234
40 136.234
41 136.075
42 128.773
43 128.773
44 128.773
45 128.773
46 128.773
47 128.65
48 128.65
49 128.65
50 125.602
51 125.602
52 125.602
53 124.71
54 124.71
55 121.647
56 121.647
57 121.647
58 120.14
59 105.777
60 105.777
61 105.777
62 105.773
63 102.386
64 102.386
65 102.386
66 102.386
67 102.386
68 102.386
69 102.016
70 102.016
71 102.016
72 102.016
73 102.016
74 102.016
75 102.016
76 102.016
77 102.016
78 102.016
79 102.016
80 102.016
81 101.41
82 101.41
83 101.41
84 101.41
85 101.41
86 101.41
87 101.41
88 99.4678
89 99.4678
90 99.4678
91 98.753
92 98.753
93 96.8074
94 93.4484
95 93.4484
96 93.4484
97 93.4484
98 93.4484
99 93.4484
100 93.4484
101 86.2529
102 86.2529
103 86.2529
104 86.2529
105 86.2529
106 86.2529
107 86.2529
108 86.2529
109 86.2529
110 86.2529
111 86.2529
112 86.2529
113 86.2529
114 86.2529
115 86.2529
116 86.2529
117 86.2529
118 86.2529
119 86.2529
120 86.2529
121 86.2529
122 86.2529
123 86.2529
124 86.2529
125 86.2529
126 85.4047
127 85.4047
128 85.4047
129 85.4047
130 85.4047
131 85.4047
132 85.4047
133 85.4047
134 85.4047
135 85.4047
136 85.4047
137 85.4047
138 85.0319
139 85.0319
140 85.0319
141 85.0319
142 85.0319
143 85.0319
144 85.0319
145 85.0319
146 85.0319
147 85.0319
148 85.0319
149 85.0254
150 85.0254
151 85.0254
152 85.0254
153 85.0254
154 85.0254
155 85.0254
156 85.0254
157 85.0254
158 85.0254
159 85.0254
160 85.0254
161 85.0254
162 85.0254
163 85.0254
164 85.0254
165 85.0254
166 85.0254
167 85.0254
168 85.0254
169 85.0254
170 85.0254
171 85.0254
172 85.0254
173 85.0254
174 85.0254
175 85.0254
176 85.0254
177 85.0254
178 85.0254
179 85.0254
180 85.0254
181 85.0254
182 85.0254
183 85.0254
184 85.0254
185 85.0254
186 85.0254
187 85.0254
188 85.0254
189 85.0254
190 85.0254
191 85.0254
192 85.0254
193 85.0254
194 85.0254
195 85.0254
196 85.0254
197 85.0254
198 85.0254
199 85.0254
