0 527.958
1 449.4
2 447.265
3 434.15
4 409.139
5 406.406
6 397.417
7 383.57
8 350.763
9 343.031
10 319.66
11 279.588
12 270.572
13 268.66
14 262.978
15 252.426
16 226.63
17 226.63
18 215.71
19 208.217
20 208.217
21 205.731
22 198.08
23 179.667
24 177.18
25 168.747
26 166.261
27 165.677
28 154.17
29 151.949
30 151.578
31 139.858
32 139.858
33 139.274
34 139.274
35 136.787
36 136.787
37 132.272
38 132.272
39 132.272
40 129.931
41 127.885
42 127.653
43 127.642
44 127.397
45 123.151
46 121.766
47 121.687
48 117.441
49 116.056
50 115.568
51 115.568
52 115.568
53 111.881
54 111.393
55 111.393
56 111.393
57 111.393
58 111.393
59 111.393
60 109.836
61 109.836
62 109.836
63 109.368
64 109.368
65 109.368
66 109.368
67 109.368
68 109.368
69 109.368
70 109.368
71 109.368
72 109.368
73 109.368
74 109.368
75 109.361
76 109.361
77 109.361
78 109.361
79 103.73
80 103.73
81 103.73
82 103.73
83 103.73
84 98.5011
85 98.5011
86 97.2361
87 97.2361
88 97.2361
89 97.2361
90 97.2361
91 97.2361
92 97.2361
93 96.7431
94 96.7431
95 96.7431
96 96.7431
97 96.7431
98 96.7431
99 96.7367
100 96.7367
101 92.0815
102 92.0815
103 92.0815
104 92.0815
105 92.0815
106 92.0815
107 92.0815
108 92.0815
109 92.0815
110 92.0815
111 92.0815
112 92.0815
113 92.0815
114 92.0815
115 92.0815
116 92.0815
117 92.0815
118 92.0815
119 91.7977
120 91.7977
121 91.7977
122 91.7977
123 91.7977
124 91.7977
125 91.3439
126 91.3439
127 91.3439
128 91.3439
129 91.3439
130 91.3439
131 91.3439
132 91.3439
133 91.3439
134 91.3439
135 91.3439
136 91.3439
137 91.3439
138 91.3439
139 91.3439
140 91.3439
141 91.3439
142 91.3439
143 91.3439
144 91.3439
145 91.3439
146 91.3439
147 91.3439
148 91.3439
149 91.3439
150 91.3439
151 91.3439
152 91.3439
153 91.3439
154 91.3439
155 91.3439
156 91.3439
157 91.3439
158 91.3439
159 91.3439
160 91.3439
161 91.3439
162 91.3439
163 91.3439
164 91.3439
165 91.3439
166 91.3439
167 91.3439
168 91.3439
169 91.3439
170 91.3439
171 91.3439
172 91.3439
173 91.3439
174 91.3439
175 91.3439
176 91.3439
177 91.3439
178 91.3439
179 91.3439
180 91.3439
181 91.3439
182 91.3439
183 91.3439
184 91.3439
185 90.7254
186 90.7254
187 90.7254
188 90.7254
189 90.7254
190 90.7254
191 90.7254
192 90.7254
193 90.7254
194 90.7254
195 90.7254
196 90.7254
197 90.7254
198 90.7254
199 90.7254
