0 707.985
1 620.018
2 571.437
3 533.403
4 487.507
5 453.142
6 406.85
7 362.32
8 338.332
9 312.679
10 290.487
11 267.878
12 249.48
13 244.373
14 237.177
15 227.793
16 225.616
17 220.566
18 207.604
19 198.848
20 196.615
21 189.783
22 184.345
23 180.499
24 176.045
25 167.955
26 163.442
27 162.202
28 158.565
29 154.905
30 152.257
31 148.839
32 145.936
33 135.653
34 128.675
35 122.651
36 120.253
37 118.498
38 116.41
39 115.925
40 115.831
41 112.078
42 110.957
43 109.337
44 108.839
45 108.515
46 108.169
47 107.257
48 105.852
49 105.039
50 104.809
51 102.82
52 101.91
53 100.78
54 98.7376
55 96.714
56 95.7134
57 94.8079
58 94.1843
59 93.7024
60 92.8953
61 93.8381
62 93.3179
63 93.9632
64 93.4084
65 91.9957
66 92.1879
67 91.9868
68 91.9868
69 93.129
70 94.9448
71 91.9868
72 91.9868
73 92.0396
74 96.2958
75 92.356
76 91.9868
77 92.2694
78 91.9868
79 91.9868
80 91.9868
81 92.2318
82 91.9868
83 92.4136
84 95.13
85 93.2091
86 91.9868
87 91.9939
88 91.9868
89 91.9868
90 91.9868
91 91.9868
92 91.9868
93 91.9846
94 91.9498
95 91.8432
96 91.539
97 90.8646
98 90.051
99 88.8972
100 88.0243
101 87.2962
102 87.1067
103 86.4918
104 86.2529
105 86.2529
106 86.2529
107 86.2529
108 86.2593
109 86.2529
110 86.2529
111 86.2529
112 86.2529
113 86.2529
114 86.2529
115 86.2529
116 87.3031
117 86.0528
118 85.8407
119 85.4913
120 85.4047
121 85.4047
122 85.4047
123 85.7321
124 85.4047
125 85.4047
126 85.4047
127 85.4047
128 85.4064
129 85.4047
130 85.4047
131 85.4047
132 85.4047
133 85.6966
134 91.1961
135 95.9686
136 86.1356
137 85.4321
138 90.123
139 93.2279
140 102.921
141 111.311
142 107.793
143 88.8582
144 94.5861
145 86.0719
146 86.4553
147 87.4903
148 89.0571
149 92.5949
150 89.0426
151 91.9215
152 94.3525
153 93.8511
154 92.1113
155 93.7229
156 92.8166
157 87.9169
158 87.1011
159 94.8805
160 92.8879
161 93.5622
162 101.919
163 102.416
164 89.8658
165 91.2593
166 86.7747
167 85.3983
168 85.3983
169 85.3983
170 85.3983
171 85.3983
172 85.3983
173 85.3983
174 85.3983
175 85.3983
176 85.3983
177 85.3983
178 86.4004
179 85.3983
180 85.3983
181 85.3983
182 85.3983
183 85.3983
184 85.3983
185 85.3983
186 85.3983
187 87.7766
188 85.3983
189 85.3983
190 85.3983
191 85.3983
192 85.3983
193 85.4601
194 85.3983
195 86.2771
196 87.4532
197 89.1266
198 85.6384
199 85.3983
