0 696.323
1 620.101
2 526.95
3 469.389
4 442.602
5 417.444
6 395.916
7 364.827
8 356.804
9 339.321
10 322.685
11 309.659
12 296.613
13 284.244
14 280.413
15 269.41
16 261.453
17 244.214
18 239.986
19 232.535
20 227.382
21 228.521
22 222.042
23 214.666
24 208.154
25 204.067
26 191.898
27 189.984
28 186.031
29 184.604
30 183.142
31 182.586
32 176.649
33 173.694
34 173.369
35 172.946
36 170.485
37 167.17
38 164.925
39 161.589
40 155.842
41 150.957
42 148.216
43 146.093
44 142.681
45 140.177
46 136.503
47 135.047
48 133.3
49 130.557
50 129.009
51 124.121
52 119.825
53 118.256
54 115.73
55 114.836
56 114.419
57 114.262
58 114.27
59 114.254
60 114.484
61 116.195
62 115.617
63 114.255
64 114.166
65 114.164
66 114.155
67 114.077
68 113.502
69 112.046
70 109.978
71 108.804
72 107.729
73 107.207
74 106.71
75 105.91
76 105.873
77 105.873
78 105.869
79 105.804
80 106.155
81 108.56
82 106.369
83 106.039
84 106.871
85 111.639
86 105.927
87 105.858
88 105.555
89 103.318
90 103.232
91 106.935
92 102.967
93 103.227
94 102.94
95 102.543
96 101.217
97 98.0439
98 97.6109
99 98.0508
100 95.4139
101 95.3157
102 100.498
103 102.159
104 103.993
105 110.346
106 109.393
107 111.601
108 109.053
109 120.162
110 123.462
111 126.109
112 102.85
113 109.534
114 111.703
115 107.739
116 92.6194
117 96.6851
118 95.3047
119 91.4695
120 94.758
121 98.1199
122 99.3713
123 91.8795
124 91.0124
125 90.9579
126 90.9693
127 91.1375
128 92.8673
129 90.6588
130 90.6315
131 96.0902
132 95.6094
133 92.9366
134 93.6935
135 92.2366
136 90.2626
137 90.0061
138 89.8622
139 89.7683
140 89.6176
141 89.4232
142 89.1958
143 89.0267
144 88.924
145 88.6663
146 88.6182
147 88.607
148 88.5423
149 88.5188
150 88.5194
151 88.4707
152 88.2834
153 89.9586
154 93.326
155 97.919
156 103.585
157 89.9542
158 92.869
159 98.1187
160 89.7415
161 87.4107
162 87.2536
163 87.3222
164 88.4283
165 92.7017
166 94.5091
167 88.4964
168 89.6786
169 89.8249
170 89.9172
171 89.8606
172 87.2536
173 87.2536
174 87.2536
175 87.2536
176 87.7775
177 87.2536
178 87.2499
179 87.1915
180 86.8519
181 86.2078
182 86.294
183 85.4279
184 85.5408
185 85.5147
186 85.4279
187 85.4279
188 85.4279
189 85.4279
190 85.4279
191 85.4279
192 85.4513
193 86.0469
194 87.9619
195 88.1307
196 90.5627
197 91.6752
198 90.8025
199 86.3483
