7.15249 4.07765
7.1064 4.31274
7.53893 5.55831
8.14473 5.74903
8.00902 7.24949
7.81435 7.10789
6.23834 6.99606
5.61981 7.66518
5.65194 5.57594
4.88531 6.66277
3.0226 8.12634
3.02072 8.96504
3.00128 8.18726
2.65759 6.86875
2.74726 6.39831
3.34158 4.94987
3.67378 4.73588
3.38881 3.59012
4.67967 2.90335
3.44827 3.22367
0.994047 3.35177
2.01709 0.756146
2.02772 0.384974
2.06802 0.0913748
5.93317 0.600357
5.98412 0.461558
6.17043 0.569204
7.916 1.65152
7.93016 2.02779
8.55494 3.24576
9.95083 3.03044
9.74005 4.49923
8.57932 3.56432
7.67767 3.85341
