0 989.309
1 926.623
2 819.507
3 731.386
4 731.386
5 721.53
6 683.882
7 668.571
8 501.321
9 501.321
10 477.194
11 434.54
12 402.024
13 375.326
14 342.427
15 314.194
16 298.615
17 284.036
18 284.036
19 280.791
20 257.081
21 238.264
22 238.264
23 219.899
24 198.326
25 190.579
26 190.579
27 180.008
28 178.043
29 178.043
30 178.043
31 165.104
32 165.104
33 160.883
34 160.883
35 160.111
36 160.111
37 110.693
38 110.693
39 110.693
40 110.693
41 110.693
42 110.693
43 108.754
44 102.21
45 87.8434
46 85.9045
47 85.9045
48 84.7755
49 82.9091
50 78.3916
51 75.3963
52 75.3963
53 73.8751
54 72.6123
55 72.6123
56 71.4833
57 71.4833
58 71.4833
59 71.4833
60 71.4833
61 71.4833
62 71.4833
63 71.2635
64 71.2635
65 71.2635
66 71.2635
67 66.7569
68 66.7569
69 66.7569
70 64.8198
71 64.8198
72 64.8198
73 64.8198
74 64.8198
75 64.8198
76 64.1918
77 64.1918
78 64.1918
79 63.742
80 63.742
81 63.742
82 63.742
83 63.742
84 63.742
85 63.742
86 63.742
87 59.9483
88 59.9483
89 59.9483
90 59.9483
91 59.9483
92 59.9483
93 59.9483
94 59.9483
95 59.9483
96 59.9483
97 59.9483
98 59.9483
99 59.9483
100 59.9483
101 59.9483
102 59.9483
103 59.9483
104 59.664
105 59.664
106 59.664
107 59.664
108 59.664
109 59.664
110 59.664
111 59.664
112 59.664
113 59.664
114 55.889
115 55.889
116 55.7507
117 55.7507
118 55.7507
119 55.7507
120 55.7507
121 55.7507
122 55.7507
123 55.7507
124 55.7507
125 55.7507
126 55.7507
127 55.7507
128 55.7507
129 55.7507
130 55.6652
131 55.6652
132 55.6652
133 55.6652
134 55.6652
135 55.6652
136 55.6652
137 55.6652
138 55.6652
139 55.6652
140 55.6652
141 55.6652
142 55.6652
143 55.6652
144 55.6652
145 55.6652
146 55.6652
147 55.6652
148 55.6652
149 55.6652
150 55.6652
151 55.6652
152 55.6652
153 52.524
154 52.524
155 52.524
156 52.524
157 52.524
158 52.524
159 52.524
160 52.524
161 52.524
162 52.524
163 52.524
164 52.524
165 52.524
166 52.524
167 52.524
168 52.524
169 52.524
170 52.524
171 52.524
172 52.524
173 52.524
174 52.524
175 52.524
176 52.524
177 52.524
178 52.524
179 52.524
180 52.524
181 52.524
182 52.524
183 52.524
184 52.524
185 52.524
186 52.524
187 52.524
188 52.524
189 52.524
190 52.524
191 52.524
192 52.524
193 52.524
194 52.524
195 52.524
196 52.524
197 52.524
198 52.524
199 52.524
