0 1318.53
1 1191.43
2 1078.47
3 1004.21
4 942.674
5 875.794
6 785.891
7 764.895
8 713.409
9 689.218
10 649.798
11 578.971
12 546.91
13 480.332
14 471.231
15 447.14
16 399.557
17 366.721
18 346.658
19 325.782
20 294.081
21 283.177
22 274.889
23 257.075
24 238.547
25 229.173
26 218.642
27 222.522
28 224.298
29 211.084
30 219.158
31 197.458
32 187.612
33 183.247
34 173.383
35 169.282
36 166.324
37 169.153
38 160.963
39 151.254
40 144.474
41 125.436
42 120.261
43 110.686
44 110.51
45 109.731
46 107.163
47 102.75
48 93.2162
49 87.6499
50 85.3689
51 84.6259
52 81.7491
53 78.2105
54 77.0286
55 75.8555
56 73.9334
57 73.0028
58 72.622
59 72.3297
60 72.0627
61 71.5826
62 71.5262
63 71.4829
64 72.1107
65 71.4499
66 71.4017
67 71.3193
68 71.0928
69 70.0001
70 68.6249
71 67.7905
72 69.9181
73 65.8348
74 67.2341
75 67.3254
76 72.2145
77 65.3003
78 64.5467
79 64.4108
80 64.3773
81 64.0947
82 63.9084
83 63.863
84 63.9136
85 63.7843
86 70.5437
87 64.6406
88 68.3865
89 73.3672
90 85.1712
91 60.6573
92 62.2368
93 59.9483
94 59.9483
95 59.9483
96 59.9483
97 60.1918
98 59.9483
99 61.4719
100 59.9483
101 63.4815
102 62.0324
103 64.0531
104 70.6521
105 60.8491
106 67.4162
107 63.8217
108 62.0931
109 65.2734
110 69.3323
111 75.9005
112 60.4495
113 59.664
114 60.0783
115 59.4753
116 58.795
117 56.9503
118 56.0503
119 55.7713
120 55.7507
121 55.7507
122 55.7507
123 55.7507
124 55.7507
125 55.7507
126 55.7507
127 55.7507
128 55.7507
129 55.7507
130 55.7505
131 55.7493
132 55.9443
133 55.7064
134 55.6741
135 55.6652
136 55.6652
137 55.6652
138 55.6652
139 55.7311
140 55.6652
141 60.7603
142 55.6652
143 55.6652
144 56.7121
145 64.7347
146 62.5955
147 58.5825
148 57.6648
149 58.8355
150 60.8151
151 64.51
152 72.5508
153 83.5355
154 63.0764
155 54.4502
156 55.3273
157 53.0448
158 52.524
159 52.524
160 52.524
161 52.524
162 52.524
163 52.524
164 52.524
165 53.6077
166 54.2312
167 52.524
168 52.524
169 52.524
170 52.5601
171 52.524
172 52.524
173 52.524
174 52.524
175 52.524
176 52.524
177 52.524
178 52.524
179 52.524
180 52.8214
181 53.5
182 56.4995
183 57.0432
184 55.8112
185 56.1738
186 66.037
187 61.1565
188 53.6923
189 58.0918
190 63.6134
191 57.0954
192 54.3501
193 53.021
194 52.5405
195 53.7732
196 52.524
197 53.4888
198 52.7309
199 57.2514
