0 542.609
1 447.679
2 447.679
3 433.937
4 381.798
5 381.798
6 357.443
7 351.19
8 344.003
9 332.481
10 305.685
11 261.891
12 242.064
13 242.064
14 226.795
15 217.924
16 214.622
17 214.622
18 213.857
19 205.248
20 203.545
21 196.836
22 196.836
23 189.464
24 186.865
25 184.062
26 179.97
27 177.086
28 169.031
29 166.985
30 164.987
31 164.987
32 164.987
33 162.817
34 151.293
35 151.293
36 151.293
37 151.004
38 151.004
39 151.004
40 151.004
41 147.283
42 147.283
43 147.283
44 147.283
45 147.283
46 147.283
47 146.358
48 145.688
49 145.655
50 141.878
51 141.878
52 134.247
53 134.247
54 132.619
55 131.884
56 131.884
57 129.838
58 128.715
59 128.297
60 128.297
61 125.666
62 120.619
63 119.954
64 118.903
65 118.903
66 118.903
67 118.903
68 118.903
69 118.903
70 118.903
71 118.903
72 117.635
73 116.204
74 114.936
75 114.936
76 114.936
77 114.936
78 114.936
79 114.936
80 114.936
81 114.936
82 111.699
83 111.699
84 111.699
85 111.699
86 111.699
87 111.699
88 111.699
89 111.699
90 111.699
91 111.699
92 111.699
93 105.736
94 105.736
95 105.736
96 104.162
97 104.162
98 104.162
99 102.748
100 100.506
101 100.506
102 98.6804
103 98.6804
104 98.6804
105 98.6804
106 98.6804
107 98.6804
108 97.5241
109 97.5241
110 96.5986
111 96.5986
112 96.5986
113 96.5986
114 96.5986
115 96.5986
116 96.5986
117 96.5986
118 96.5986
119 96.5986
120 96.5986
121 96.5986
122 94.2812
123 94.2812
124 92.1958
125 92.1958
126 92.1958
127 92.1958
128 92.1958
129 92.1958
130 92.1958
131 92.1958
132 92.1958
133 92.1958
134 92.1958
135 92.1958
136 91.5001
137 91.5001
138 91.5001
139 91.5001
140 91.5001
141 91.5001
142 91.5001
143 91.5001
144 91.5001
145 90.1653
146 90.1653
147 90.1653
148 90.1653
149 90.1653
150 89.995
151 89.995
152 89.995
153 89.995
154 89.995
155 89.1022
156 89.1022
157 89.1022
158 89.1022
159 85.9635
160 84.744
161 82.5287
162 79.3901
163 78.1705
164 78.1705
165 78.1705
166 78.1705
167 78.1705
168 78.1705
169 78.1705
170 77.0453
171 77.0453
172 74.7581
173 74.7581
174 74.7581
175 74.7581
176 74.7581
177 74.7581
178 74.7581
179 74.7581
180 74.7581
181 74.7581
182 74.7581
183 74.7581
184 74.7581
185 74.7581
186 74.7581
187 74.7581
188 74.7581
189 74.7581
190 74.7581
191 74.7581
192 74.7581
193 73.9437
194 73.9437
195 73.9437
196 73.9437
197 73.9437
198 73.9437
199 73.9437
