0 702.906
1 642.455
2 596.106
3 545.626
4 489.499
5 463.877
6 431.698
7 400.78
8 387.675
9 364.443
10 350.225
11 340.623
12 325.766
13 302.18
14 286.602
15 258.101
16 248.971
17 241.449
18 238.614
19 232.249
20 233.779
21 235.333
22 231.65
23 213.819
24 205.203
25 204.605
26 203.656
27 192.836
28 189.071
29 182.885
30 176.553
31 177.563
32 171.704
33 168.201
34 167.373
35 166.026
36 165.849
37 163.502
38 158.105
39 154.071
40 155.859
41 154.49
42 154.308
43 154.317
44 156.853
45 155.723
46 147.543
47 147.281
48 147.248
49 147.048
50 146.739
51 146.114
52 145.232
53 144.191
54 140.739
55 138.164
56 137.05
57 136.208
58 135.368
59 132.292
60 132.888
61 130.261
62 128.643
63 128.332
64 125.281
65 120.68
66 119.823
67 119.472
68 120.475
69 124.829
70 119.029
71 118.936
72 118.9
73 118.852
74 118.542
75 117.703
76 116.823
77 115.309
78 115.108
79 115.141
80 115.043
81 114.936
82 114.897
83 114.711
84 114.706
85 113.292
86 112.675
87 111.859
88 111.699
89 111.854
90 111.699
91 111.699
92 111.699
93 111.687
94 111.449
95 111.11
96 108.369
97 107.076
98 106.26
99 106.063
100 105.854
101 103.924
102 104.338
103 103.825
104 100.484
105 99.9491
106 99.3967
107 99.0964
108 99.2737
109 98.987
110 98.4912
111 98.3971
112 99.521
113 103.72
114 106.383
115 100.844
116 101.875
117 106.181
118 107.925
119 100.991
120 96.5986
121 96.5986
122 96.594
123 96.5152
124 96.219
125 95.6962
126 95.026
127 93.1213
128 93.0774
129 92.5875
130 92.1958
131 92.1958
132 92.1958
133 92.1958
134 92.1958
135 92.2809
136 92.1945
137 92.175
138 91.9955
139 91.8284
140 91.61
141 91.5001
142 91.5001
143 91.5001
144 91.5001
145 92.7785
146 91.8312
147 93.1965
148 90.9231
149 91.7073
150 93.0806
151 96.9463
152 98.4783
153 99.2398
154 94.2925
155 102.119
156 104.229
157 102.084
158 100.139
159 106.068
160 105.83
161 97.0925
162 88.8653
163 86.4425
164 82.9125
165 80.2039
166 80.1277
167 79.1882
168 78.5988
169 78.9049
170 78.3322
171 77.9725
172 77.8474
173 77.1481
174 76.4551
175 75.8724
176 75.1445
177 74.7581
178 74.7581
179 74.7581
180 74.7581
181 74.7581
182 74.7581
183 74.7581
184 74.7581
185 74.7581
186 74.7581
187 74.7581
188 74.7581
189 74.7581
190 74.7581
191 74.7581
192 74.7581
193 74.7565
194 74.7255
195 75.1768
196 77.0669
197 79.1749
198 78.7589
199 80.433
