Energy   Error
1         0
0.148974         0.00966025
0.148974         0.00966025
0.148974         0.00966025
0.148974         0.00966025
0.148974         0.00966025
-0.390224         0.00354285
-0.390224         0.00354285
-0.390224         0.00354285
-0.390224         0.00354285
-0.140223         0.00578272
-0.140223         0.00578272
-0.140223         0.00578272
-0.140223         0.00578272
-0.140223         0.00578272
-0.1835         0.00573278
-0.1835         0.00573278
-0.1835         0.00573278
-0.1835         0.00573278
-0.211059         0.0115347
-0.211059         0.0115347
-0.211059         0.0115347
-0.211059         0.0115347
-0.211059         0.0115347
-0.211059         0.0115347
-0.211059         0.0115347
0.164478         0.0344478
0.164478         0.0344478
0.164478         0.0344478
0.164478         0.0344478
0.164478         0.0344478
0.164478         0.0344478
0.164478         0.0344478
0.164478         0.0344478
0.164478         0.0344478
0.164478         0.0344478
-0.242912         0.00914932
-0.148717         0.00443813
-0.148717         0.00443813
-0.138006         0.00568123
-0.138006         0.00568123
-0.138006         0.00568123
0.113467         0.00804155
0.113467         0.00804155
0.113467         0.00804155
0.113467         0.00804155
0.113467         0.00804155
0.756317         0.050634
0.756317         0.050634
0.756317         0.050634
0.756317         0.050634
0.756317         0.050634
0.756317         0.050634
0.756317         0.050634
1.28345         0.0517245
1.28345         0.0517245
1.28345         0.0517245
1.28345         0.0517245
1.76626         0.0641537
1.76626         0.0641537
1.76626         0.0641537
0.464601         0.0102897
0.464601         0.0102897
0.0427131         0.0228703
-0.0882989         0.00643604
-0.0882989         0.00643604
-0.040075         0.0209814
-0.040075         0.0209814
-0.0679064         0.00612215
-0.0679064         0.00612215
-0.0679064         0.00612215
0.227606         0.014663
-0.249885         0.0102457
-0.249885         0.0102457
-0.249885         0.0102457
-0.279595         0.00904816
-0.279595         0.00904816
-0.279595         0.00904816
-0.279595         0.00904816
-0.279595         0.00904816
-0.279595         0.00904816
-0.279595         0.00904816
-0.18971         0.00564904
-0.18971         0.00564904
-0.18971         0.00564904
-0.243904         0.00590765
-0.243904         0.00590765
-0.243904         0.00590765
-0.243904         0.00590765
-0.243904         0.00590765
-0.243904         0.00590765
-0.243904         0.00590765
0.32157         0.0274035
0.32157         0.0274035
0.32157         0.0274035
-0.168762         0.00400524
-0.168762         0.00400524
-0.168762         0.00400524
-0.168762         0.00400524
-0.168762         0.00400524
-0.168762         0.00400524
-0.168762         0.00400524
-0.168762         0.00400524
-0.168762         0.00400524
0.562338         0.012587
0.562338         0.012587
0.562338         0.012587
0.562338         0.012587
0.562338         0.012587
0.562338         0.012587
0.562338         0.012587
-0.336532         0.00314315
-0.336532         0.00314315
-0.336532         0.00314315
-0.0591312         0.0175244
-0.0591312         0.0175244
-0.169448         0.00472945
-0.169448         0.00472945
-0.0665266         0.00640321
-0.0665266         0.00640321
-0.0665266         0.00640321
-0.224874         0.00930518
-0.166863         0.00463822
-0.166863         0.00463822
-0.166863         0.00463822
-0.166863         0.00463822
-0.199733         0.0134286
-0.199733         0.0134286
-0.199733         0.0134286
-0.250654         0.00732052
-0.250654         0.00732052
-0.197678         0.00873688
-0.197678         0.00873688
-0.212013         0.00584416
-0.0890992         0.00600846
0.0312997         0.00551396
1.17911         0.0185945
0.301488         0.00894993
0.217157         0.0291317
0.110786         0.0059556
-0.282473         0.00352318
-0.155204         0.00900982
-0.155204         0.00900982
-0.155204         0.00900982
-0.155204         0.00900982
0.0537277         0.00615971
0.0537277         0.00615971
0.0537277         0.00615971
0.0537277         0.00615971
-0.00365621         0.00727847
-0.393377         0.00370566
-0.393377         0.00370566
-0.118787         0.0168549
-0.118787         0.0168549
-0.233779         0.00547885
-0.233779         0.00547885
0.0546698         0.00828698
0.0546698         0.00828698
0.0546698         0.00828698
0.0546698         0.00828698
0.0546698         0.00828698
-0.243972         0.0102484
-0.243972         0.0102484
-0.243972         0.0102484
-0.243972         0.0102484
-0.243972         0.0102484
-0.257047         0.00496803
-0.257047         0.00496803
-0.00878492         0.0214942
-0.00878492         0.0214942
-0.00878492         0.0214942
-0.310998         0.00984531
-0.310998         0.00984531
-0.310998         0.00984531
-0.310998         0.00984531
-0.310998         0.00984531
-0.310998         0.00984531
-0.310998         0.00984531
-0.0344812         0.00660483
-0.23461         0.00643791
-0.173896         0.00546365
-0.173896         0.00546365
-0.173896         0.00546365
-0.173896         0.00546365
-0.0846044         0.0181309
-0.0846044         0.0181309
-0.0846044         0.0181309
1.21881         0.0657009
1.21881         0.0657009
1.21881         0.0657009
-0.234511         0.00957988
-0.222153         0.00534421
-0.222153         0.00534421
-0.262297         0.00603162
-0.262297         0.00603162
-0.262297         0.00603162
0.032531         0.00656501
0.032531         0.00656501
-0.249943         0.0100162
0.244633         0.0319451
-0.255138         0.00919076
-0.255138         0.00919076
-0.255138         0.00919076
-0.255138         0.00919076
-0.255138         0.00919076
-0.255138         0.00919076
-0.255138         0.00919076
-0.255138         0.00919076
-0.255138         0.00919076
-0.255138         0.00919076
-0.387961         0.0052815
-0.387961         0.0052815
-0.387961         0.0052815
-0.387961         0.0052815
-0.387961         0.0052815
-0.387961         0.0052815
-0.387961         0.0052815
-0.387961         0.0052815
-0.387961         0.0052815
-0.387961         0.0052815
-0.387961         0.0052815
-0.387961         0.0052815
-0.387961         0.0052815
-0.387961         0.0052815
-0.387961         0.0052815
-0.387961         0.0052815
-0.387961         0.0052815
-0.324111         0.00611429
-0.324111         0.00611429
-0.324111         0.00611429
-0.324111         0.00611429
-0.324111         0.00611429
-0.324111         0.00611429
-0.324111         0.00611429
-0.324111         0.00611429
-0.324111         0.00611429
-0.233206         0.00966995
-0.269503         0.00676019
-0.269503         0.00676019
-0.250117         0.00947271
-0.250117         0.00947271
-0.250117         0.00947271
-0.00504461         0.00661473
0.0276035         0.0266444
0.0276035         0.0266444
-0.0138189         0.00656528
-0.224932         0.00490328
-0.224932         0.00490328
-0.224932         0.00490328
-0.151358         0.00465876
-0.151358         0.00465876
-0.151358         0.00465876
-0.151358         0.00465876
-0.151358         0.00465876
-0.101506         0.00708616
0.111452         0.00755312
-0.018176         0.0211675
-0.018176         0.0211675
0.038599         0.00782604
0.038599         0.00782604
0.038599         0.00782604
-0.22171         0.00531818
-0.311462         0.00465547
-0.311462         0.00465547
-0.145184         0.00531361
-0.407804         0.00300622
-0.407804         0.00300622
-0.407804         0.00300622
-0.424448         0.00405029
-0.424448         0.00405029
-0.424448         0.00405029
-0.424448         0.00405029
-0.424448         0.00405029
-0.431219         0.00297266
-0.431219         0.00297266
-0.431219         0.00297266
-0.431219         0.00297266
-0.431219         0.00297266
-0.431219         0.00297266
-0.431219         0.00297266
-0.431219         0.00297266
-0.431219         0.00297266
-0.431219         0.00297266
-0.326435         0.00418191
-0.324642         0.00830795
-0.324642         0.00830795
-0.324642         0.00830795
-0.324642         0.00830795
-0.324642         0.00830795
-0.324642         0.00830795
0.144254         0.0076349
-0.384056         0.00435397
-0.346218         0.00311956
-0.346218         0.00311956
-0.346218         0.00311956
-0.308291         0.00619475
-0.308291         0.00619475
-0.351473         0.0103924
-0.351473         0.0103924
-0.351473         0.0103924
-0.351473         0.0103924
-0.351473         0.0103924
-0.0146569         0.0212048
-0.0146569         0.0212048
-0.089255         0.0131583
-0.089255         0.0131583
-0.089255         0.0131583
0.0246141         0.0184159
0.0246141         0.0184159
0.207597         0.0136648
0.207597         0.0136648
0.0863311         0.0132033
-0.0543132         0.00629424
-0.0543132         0.00629424
-0.0543132         0.00629424
-0.0543132         0.00629424
-0.0543132         0.00629424
-0.0543132         0.00629424
0.255462         0.0188223
0.00901398         0.00742536
0.00901398         0.00742536
0.00901398         0.00742536
0.00901398         0.00742536
0.00901398         0.00742536
0.0462952         0.00873393
-0.304341         0.00698233
-0.304341         0.00698233
-0.304341         0.00698233
-0.304341         0.00698233
-0.304341         0.00698233
-0.289788         0.0109339
-0.319413         0.00321444
-0.415447         0.00352341
-0.407786         0.00426337
-0.407786         0.00426337
-0.260814         0.00373711
-0.370075         0.00486635
-0.370075         0.00486635
-0.370075         0.00486635
-0.370075         0.00486635
-0.261812         0.00545788
-0.261812         0.00545788
-0.261812         0.00545788
-0.252453         0.00774741
-0.252453         0.00774741
-0.246646         0.00535036
-0.22727         0.0109506
-0.22727         0.0109506
-0.22727         0.0109506
-0.229345         0.00538915
-0.234722         0.00516155
-0.234722         0.00516155
-0.227854         0.01103
0.060716         0.00717777
0.060716         0.00717777
0.060716         0.00717777
0.060716         0.00717777
0.060716         0.00717777
0.0687293         0.00772467
-0.247401         0.00770829
-0.26079         0.00762966
-0.26079         0.00762966
-0.24236         0.00841675
-0.248125         0.00866335
-0.248125         0.00866335
-0.248125         0.00866335
-0.240567         0.00630904
-0.227152         0.0110316
-0.225637         0.00482879
-0.225637         0.00482879
-0.225637         0.00482879
-0.251154         0.00672983
-0.215702         0.0105172
-0.234665         0.0051433
-0.304448         0.004308
-0.304448         0.004308
-0.280362         0.00532586
-0.190111         0.0125651
-0.16303         0.0158712
-0.16303         0.0158712
-0.344929         0.00715106
-0.245416         0.00519496
-0.254538         0.00699513
-0.293307         0.00522619
-0.261816         0.0122036
-0.114757         0.0189888
-0.281335         0.00950559
-0.281335         0.00950559
-0.399077         0.00332523
-0.399077         0.00332523
-0.399077         0.00332523
-0.241972         0.0112675
-0.24036         0.0111733
-0.0534884         0.020284
-0.296419         0.00519428
-0.291688         0.00495777
-0.155888         0.0124556
-0.155888         0.0124556
-0.339305         0.00571422
-0.339305         0.00571422
-0.339305         0.00571422
-0.258292         0.00554006
-0.245155         0.00553512
-0.246924         0.00673184
-0.246888         0.00727204
-0.230955         0.0051163
-0.287819         0.00396328
-0.287819         0.00396328
-0.25984         0.00526948
-0.203276         0.00590674
0.0936472         0.00675873
0.0936472         0.00675873
0.0936472         0.00675873
0.0936472         0.00675873
0.0936472         0.00675873
0.0936472         0.00675873
0.00881118         0.00679153
0.00881118         0.00679153
0.00881118         0.00679153
-0.00570999         0.00628964
-0.224478         0.0049951
-0.241166         0.00949836
-0.372901         0.00648409
-0.372901         0.00648409
-0.372901         0.00648409
-0.372901         0.00648409
-0.372901         0.00648409
-0.372901         0.00648409
-0.372901         0.00648409
-0.372901         0.00648409
-0.430593         0.00298755
-0.430593         0.00298755
-0.417024         0.00309247
-0.417024         0.00309247
-0.417024         0.00309247
-0.417024         0.00309247
-0.427637         0.00308213
-0.427637         0.00308213
-0.427637         0.00308213
-0.427637         0.00308213
-0.427637         0.00308213
-0.427637         0.00308213
-0.399513         0.00407623
-0.399513         0.00407623
-0.300627         0.00380316
-0.328872         0.00849084
-0.328872         0.00849084
-0.400609         0.00256995
-0.400609         0.00256995
-0.400609         0.00256995
-0.400609         0.00256995
-0.298365         0.00501243
-0.298365         0.00501243
-0.285002         0.00456286
-0.208658         0.00515073
-0.35013         0.00407273
-0.35013         0.00407273
-0.422628         0.00454434
-0.423642         0.00389863
-0.37987         0.00321972
-0.37987         0.00321972
-0.336854         0.00345592
-0.329542         0.00655585
-0.350265         0.00899938
-0.350265         0.00899938
-0.337254         0.00626942
-0.260848         0.0100339
-0.162136         0.0169038
-0.162136         0.0169038
-0.162136         0.0169038
-0.162136         0.0169038
-0.306333         0.00515432
-0.306333         0.00515432
-0.306333         0.00515432
-0.306333         0.00515432
-0.306333         0.00515432
-0.287957         0.00406117
-0.264113         0.00346086
-0.264113         0.00346086
-0.369855         0.0026047
-0.369855         0.0026047
-0.369855         0.0026047
-0.34104         0.00282654
-0.34104         0.00282654
-0.34104         0.00282654
-0.34104         0.00282654
-0.34104         0.00282654
-0.373974         0.00537412
-0.357365         0.00317259
-0.404138         0.00288034
-0.404138         0.00288034
-0.438519         0.00347671
-0.382095         0.00403977
-0.382095         0.00403977
-0.382095         0.00403977
-0.382095         0.00403977
-0.382095         0.00403977
-0.382095         0.00403977
-0.382095         0.00403977
-0.403716         0.00309089
-0.403716         0.00309089
-0.403716         0.00309089
-0.403716         0.00309089
-0.439855         0.00253678
-0.378554         0.00338765
-0.378554         0.00338765
-0.378554         0.00338765
-0.432609         0.00246924
-0.409786         0.00313722
-0.409786         0.00313722
-0.409786         0.00313722
-0.409786         0.00313722
-0.436001         0.00200045
-0.441703         0.00260302
-0.441703         0.00260302
-0.405769         0.00389576
-0.434069         0.00300104
-0.434069         0.00300104
-0.403638         0.00211198
-0.327904         0.00411346
-0.437404         0.00260631
-0.437404         0.00260631
-0.437404         0.00260631
-0.410989         0.00492872
-0.416008         0.0035913
-0.405296         0.00337557
-0.412523         0.00325893
-0.412523         0.00325893
-0.412523         0.00325893
-0.412523         0.00325893
-0.386363         0.00366627
-0.386363         0.00366627
-0.386363         0.00366627
-0.3209         0.00606106
-0.381226         0.00349163
-0.407216         0.00285629
-0.407216         0.00285629
-0.407216         0.00285629
-0.373675         0.00453411
-0.432287         0.00367057
-0.404978         0.0031534
-0.404978         0.0031534
-0.404978         0.0031534
-0.404978         0.0031534
-0.379345         0.00463073
-0.379345         0.00463073
-0.43444         0.00184195
-0.427837         0.00223097
-0.437431         0.00268588
-0.391405         0.00303136
-0.391405         0.00303136
-0.415268         0.00241753
-0.415268         0.00241753
-0.402722         0.00482479
-0.382127         0.00386945
-0.382127         0.00386945
-0.443072         0.00232668
-0.443072         0.00232668
-0.443072         0.00232668
-0.390265         0.00439232
-0.403808         0.00375567
-0.403808         0.00375567
-0.403808         0.00375567
-0.403808         0.00375567
-0.403808         0.00375567
-0.403808         0.00375567
-0.403808         0.00375567
-0.403808         0.00375567
-0.403808         0.00375567
-0.424651         0.00325057
-0.424651         0.00325057
-0.367442         0.00443296
-0.420654         0.00286479
-0.420654         0.00286479
-0.420654         0.00286479
-0.406086         0.00235781
-0.429516         0.00349556
-0.430273         0.00278609
-0.430273         0.00278609
-0.430273         0.00278609
-0.430273         0.00278609
-0.430273         0.00278609
-0.429458         0.0020888
-0.339725         0.00308499
-0.339725         0.00308499
-0.4137         0.00286705
-0.424558         0.00402952
-0.364435         0.00795725
-0.345431         0.00703284
-0.345431         0.00703284
-0.386259         0.00516407
-0.392944         0.00504655
-0.392944         0.00504655
-0.353608         0.00552811
-0.353608         0.00552811
-0.355923         0.00520053
-0.379546         0.00495914
-0.379546         0.00495914
-0.347213         0.00666495
-0.347213         0.00666495
-0.347213         0.00666495
-0.347213         0.00666495
-0.347213         0.00666495
-0.273817         0.0108982
-0.272418         0.0129154
-0.272418         0.0129154
-0.250829         0.00863389
-0.250829         0.00863389
-0.300382         0.00487251
-0.30344         0.00423161
-0.324196         0.00359828
-0.324196         0.00359828
-0.324196         0.00359828
-0.36263         0.00386066
-0.32751         0.00388574
-0.351751         0.00521771
-0.347332         0.00631682
-0.328279         0.00380695
-0.328279         0.00380695
-0.328279         0.00380695
-0.338254         0.0066761
-0.338254         0.0066761
-0.338254         0.0066761
-0.360772         0.00366086
-0.359872         0.00457955
-0.359872         0.00457955
-0.361546         0.00536264
-0.375819         0.00378986
-0.381805         0.00531222
-0.365047         0.00550105
-0.392006         0.0053698
-0.392006         0.0053698
-0.360561         0.00856258
-0.408693         0.00463422
-0.407801         0.0036453
-0.428831         0.00303826
-0.410035         0.00220694
-0.410035         0.00220694
-0.410035         0.00220694
-0.427412         0.00231625
-0.368715         0.0036389
-0.397674         0.00271612
-0.440222         0.0031726
-0.436423         0.0029759
-0.436423         0.0029759
-0.408582         0.00365531
-0.431584         0.00391434
-0.436485         0.00306405
-0.446957         0.0024605
-0.433025         0.00349971
-0.433025         0.00349971
-0.441884         0.00284319
-0.415799         0.00329369
-0.41468         0.00233969
-0.395493         0.00231379
-0.417962         0.0045319
-0.417962         0.0045319
-0.383083         0.00473918
-0.378548         0.00280908
-0.395912         0.00321735
-0.391212         0.00360995
-0.365867         0.00333461
-0.336434         0.00418548
-0.311949         0.00420257
-0.311949         0.00420257
-0.23753         0.00439888
-0.232912         0.00444853
-0.241249         0.00419449
-0.241249         0.00419449
-0.241249         0.00419449
-0.2048         0.00519827
-0.2048         0.00519827
-0.1957         0.0050241
-0.1957         0.0050241
-0.231542         0.0054364
-0.235688         0.00509891
-0.238973         0.00541538
-0.238973         0.00541538
-0.239719         0.00488341
-0.252201         0.00590118
-0.269441         0.00464807
-0.275777         0.00617416
-0.283659         0.00697136
-0.29625         0.00568436
-0.29625         0.00568436
-0.286614         0.00754176
-0.271815         0.00714776
-0.271815         0.00714776
-0.242028         0.0113822
-0.259198         0.00969313
-0.281743         0.00550115
-0.247932         0.00863593
-0.278087         0.00686314
-0.278087         0.00686314
-0.297306         0.00540503
-0.29024         0.00442656
-0.276401         0.00502034
-0.267971         0.00458813
-0.282857         0.00399506
-0.29424         0.00467705
-0.29424         0.00467705
-0.29424         0.00467705
-0.283286         0.0057039
-0.285662         0.00686916
-0.261376         0.00824905
-0.261471         0.00862881
-0.261471         0.00862881
-0.278514         0.00808244
-0.237046         0.00941589
-0.25972         0.0115361
-0.321818         0.0066079
-0.328782         0.00579698
-0.323493         0.00808325
-0.353044         0.00404385
-0.338659         0.0054174
-0.376051         0.00421865
-0.374951         0.0043862
-0.384553         0.00272329
-0.379318         0.00408137
-0.395747         0.00404254
-0.427103         0.00265869
-0.427103         0.00265869
-0.415422         0.00396565
-0.431954         0.00317205
-0.431954         0.00317205
-0.431954         0.00317205
-0.431954         0.00317205
-0.431954         0.00317205
-0.445475         0.00222375
-0.444121         0.00325139
-0.414019         0.00448547
-0.425946         0.00401006
-0.405715         0.0048574
-0.412596         0.00437047
-0.431356         0.00272424
-0.411481         0.00453822
-0.411481         0.00453822
-0.398346         0.00543739
-0.424949         0.00402954
-0.441317         0.00319188
-0.425814         0.0036074
-0.425814         0.0036074
-0.425814         0.0036074
-0.425814         0.0036074
-0.434289         0.00295763
-0.434289         0.00295763
-0.426977         0.00247603
-0.433133         0.00274569
-0.433709         0.00197029
-0.445776         0.00243299
-0.442614         0.00245419
-0.440754         0.00232588
-0.431298         0.00254703
-0.422231         0.00237594
-0.407829         0.00227973
-0.413124         0.00268609
-0.438436         0.00240591
-0.428631         0.00279343
-0.428631         0.00279343
-0.428631         0.00279343
-0.406632         0.00326959
-0.367604         0.00549899
-0.350051         0.00547727
-0.350151         0.00490345
-0.356244         0.00482344
-0.380264         0.00441192
-0.415229         0.00319392
-0.421146         0.00300674
-0.421146         0.00300674
-0.421146         0.00300674
-0.421146         0.00300674
-0.421146         0.00300674
-0.440079         0.00291883
-0.441443         0.00276824
-0.444333         0.00267503
-0.438545         0.00212724
-0.438985         0.00225872
-0.438985         0.00225872
-0.438985         0.00225872
-0.443976         0.00246237
-0.44209         0.00235197
-0.442581         0.00290651
-0.438563         0.00221989
-0.445448         0.00213327
-0.438874         0.00239584
-0.437607         0.00356266
-0.439183         0.00280337
-0.439183         0.00280337
-0.439183         0.00280337
-0.439183         0.00280337
-0.439183         0.00280337
-0.433508         0.00353508
-0.432696         0.00328495
-0.427794         0.0026252
-0.415904         0.00286427
-0.431528         0.00203863
-0.440244         0.00238672
-0.440244         0.00238672
-0.440244         0.00238672
-0.440244         0.00238672
-0.43792         0.00252779
-0.444457         0.00241815
-0.442513         0.00211476
-0.442513         0.00211476
-0.442513         0.00211476
-0.434539         0.00247738
-0.43201         0.00202724
-0.419884         0.00241107
-0.43144         0.00243328
-0.427563         0.00379498
-0.42457         0.0034982
-0.424206         0.00378512
-0.41532         0.0034897
-0.420453         0.0039936
-0.422982         0.00216665
-0.422982         0.00216665
-0.42445         0.00202115
-0.42445         0.00202115
-0.42445         0.00202115
-0.42445         0.00202115
-0.422397         0.00289186
-0.428195         0.00245561
-0.442098         0.0023927
-0.429042         0.00290108
-0.429963         0.00200386
-0.424401         0.00234199
-0.429469         0.00227099
-0.430044         0.00235779
-0.418438         0.00212217
-0.418438         0.00212217
-0.399455         0.00235451
-0.389619         0.00275116
-0.405884         0.00286831
-0.394922         0.00226694
-0.394922         0.00226694
-0.404952         0.00253103
-0.413455         0.00209269
-0.420323         0.00231879
-0.403115         0.00276775
-0.404474         0.00339333
-0.420722         0.00245784
-0.430149         0.00198412
-0.434372         0.00279637
-0.434372         0.00279637
-0.435497         0.00263914
-0.438847         0.00307981
-0.43812         0.00367306
-0.436481         0.00248521
-0.433563         0.00273175
-0.433123         0.00219626
-0.433123         0.00219626
-0.430193         0.0020659
-0.435885         0.00225552
-0.436507         0.00261017
-0.427697         0.00252344
-0.4298         0.00262298
-0.439427         0.00196591
-0.43617         0.00259401
-0.43617         0.00259401
-0.43617         0.00259401
-0.43617         0.00259401
-0.442169         0.00210451
-0.442169         0.00210451
-0.441662         0.0020287
-0.441662         0.0020287
-0.441662         0.0020287
-0.440574         0.00214389
-0.442624         0.00269712
-0.442128         0.00289893
-0.442128         0.00289893
-0.444693         0.00209215
-0.44087         0.00298922
-0.445891         0.00224403
-0.447209         0.00256187
-0.437645         0.00222528
-0.446984         0.00257003
-0.446984         0.00257003
-0.446984         0.00257003
-0.446984         0.00257003
-0.436708         0.00296696
-0.431448         0.00326855
-0.438566         0.00332752
-0.422789         0.00375105
-0.412636         0.0045865
-0.399962         0.0055529
-0.410225         0.00493046
-0.409358         0.004519
-0.409358         0.004519
-0.414187         0.00553369
-0.414187         0.00553369
-0.413145         0.00431245
-0.423348         0.00380414
-0.43221         0.00375778
-0.424915         0.00354411
-0.424915         0.00354411
-0.430512         0.00371491
-0.423509         0.00456818
-0.429458         0.00400899
-0.43591         0.00298778
-0.444862         0.00233272
-0.444928         0.00240061
-0.441936         0.00212727
-0.438195         0.00245705
-0.438815         0.00264242
-0.438815         0.00264242
-0.438815         0.00264242
-0.438825         0.00286791
-0.430733         0.00304902
-0.442598         0.00224115
-0.442199         0.00255678
-0.44221         0.00238571
-0.442749         0.00256383
-0.442749         0.00256383
-0.444961         0.00248286
-0.444961         0.00248286
-0.443516         0.00245589
-0.435002         0.00315311
-0.430736         0.00365822
-0.434014         0.00377566
