Parameters:
0 1 
1.17143 0.583216 
1.17143 0.583216 
1.17143 0.583216 
1.17143 0.583216 
1.17143 0.583216 
0.701714 0.564309 
0.701714 0.564309 
0.701714 0.564309 
0.701714 0.564309 
0.201061 0.805697 
0.201061 0.805697 
0.201061 0.805697 
0.201061 0.805697 
0.201061 0.805697 
0.249756 0.820382 
0.249756 0.820382 
0.249756 0.820382 
0.249756 0.820382 
0.360351 1.03919 
0.360351 1.03919 
0.360351 1.03919 
0.360351 1.03919 
0.360351 1.03919 
0.360351 1.03919 
0.360351 1.03919 
0.625762 1.1324 
0.625762 1.1324 
0.625762 1.1324 
0.625762 1.1324 
0.625762 1.1324 
0.625762 1.1324 
0.625762 1.1324 
0.625762 1.1324 
0.625762 1.1324 
0.625762 1.1324 
0.122745 0.989275 
1.02803 0.523522 
1.02803 0.523522 
0.0412031 0.829151 
0.0412031 0.829151 
0.0412031 0.829151 
0.240303 0.635674 
0.240303 0.635674 
0.240303 0.635674 
0.240303 0.635674 
0.240303 0.635674 
0.239308 1.40697 
0.239308 1.40697 
0.239308 1.40697 
0.239308 1.40697 
0.239308 1.40697 
0.239308 1.40697 
0.239308 1.40697 
1.04084 1.08114 
1.04084 1.08114 
1.04084 1.08114 
1.04084 1.08114 
0.902222 1.30533 
0.902222 1.30533 
0.902222 1.30533 
0.24031 0.505582 
0.24031 0.505582 
0.7611 1.01422 
0.0351919 0.789801 
0.0351919 0.789801 
0.759551 0.967308 
0.759551 0.967308 
0.0974218 0.771327 
0.0974218 0.771327 
0.0974218 0.771327 
1.16173 0.667329 
0.3735 1.00644 
0.3735 1.00644 
0.3735 1.00644 
0.950465 0.689596 
0.950465 0.689596 
0.950465 0.689596 
0.950465 0.689596 
0.950465 0.689596 
0.950465 0.689596 
0.950465 0.689596 
0.098745 0.865561 
0.098745 0.865561 
0.098745 0.865561 
0.0423514 0.943302 
0.0423514 0.943302 
0.0423514 0.943302 
0.0423514 0.943302 
0.0423514 0.943302 
0.0423514 0.943302 
0.0423514 0.943302 
0.886033 0.996164 
0.886033 0.996164 
0.886033 0.996164 
1.04776 0.546254 
1.04776 0.546254 
1.04776 0.546254 
1.04776 0.546254 
1.04776 0.546254 
1.04776 0.546254 
1.04776 0.546254 
1.04776 0.546254 
1.04776 0.546254 
1.28321 0.56755 
1.28321 0.56755 
1.28321 0.56755 
1.28321 0.56755 
1.28321 0.56755 
1.28321 0.56755 
1.28321 0.56755 
0.621703 0.623792 
0.621703 0.623792 
0.621703 0.623792 
0.967955 0.797641 
0.967955 0.797641 
0.514982 0.564119 
0.514982 0.564119 
0.361624 0.667917 
0.361624 0.667917 
0.361624 0.667917 
0.17469 1.08207 
0.504761 0.587888 
0.504761 0.587888 
0.504761 0.587888 
0.504761 0.587888 
0.337529 1.06806 
0.337529 1.06806 
0.337529 1.06806 
0.104379 1.01218 
0.104379 1.01218 
0.769814 0.472237 
0.769814 0.472237 
0.078203 0.902222 
0.387694 0.662574 
1.07794 0.477807 
0.0684768 0.420217 
0.360632 0.451809 
0.57397 1.19241 
1.10561 0.464388 
0.987471 0.566121 
0.770977 0.465741 
0.770977 0.465741 
0.770977 0.465741 
0.770977 0.465741 
0.472228 0.453135 
0.472228 0.453135 
0.472228 0.453135 
0.472228 0.453135 
0.263774 0.689415 
0.738482 0.552932 
0.738482 0.552932 
0.146413 1.17394 
0.146413 1.17394 
0.0501844 0.943635 
0.0501844 0.943635 
0.222593 0.669532 
0.222593 0.669532 
0.222593 0.669532 
0.222593 0.669532 
0.222593 0.669532 
0.35977 0.972011 
0.35977 0.972011 
0.35977 0.972011 
0.35977 0.972011 
0.35977 0.972011 
0.430634 0.816935 
0.430634 0.816935 
0.108304 1.2273 
0.108304 1.2273 
0.108304 1.2273 
0.830587 0.764095 
0.830587 0.764095 
0.830587 0.764095 
0.830587 0.764095 
0.830587 0.764095 
0.830587 0.764095 
0.830587 0.764095 
0.313308 0.683118 
0.270161 0.902806 
0.028334 0.862949 
0.028334 0.862949 
0.028334 0.862949 
0.028334 0.862949 
0.0510818 1.20641 
0.0510818 1.20641 
0.0510818 1.20641 
0.00792197 1.51288 
0.00792197 1.51288 
0.00792197 1.51288 
0.397146 0.951895 
0.102074 0.899914 
0.102074 0.899914 
0.458246 0.821832 
0.458246 0.821832 
0.458246 0.821832 
0.466936 0.469795 
0.466936 0.469795 
0.606344 0.887413 
0.017596 1.30563 
0.551928 0.899555 
0.551928 0.899555 
0.551928 0.899555 
0.551928 0.899555 
0.551928 0.899555 
0.551928 0.899555 
0.551928 0.899555 
0.551928 0.899555 
0.551928 0.899555 
0.551928 0.899555 
0.906542 0.652494 
0.906542 0.652494 
0.906542 0.652494 
0.906542 0.652494 
0.906542 0.652494 
0.906542 0.652494 
0.906542 0.652494 
0.906542 0.652494 
0.906542 0.652494 
0.906542 0.652494 
0.906542 0.652494 
0.906542 0.652494 
0.906542 0.652494 
0.906542 0.652494 
0.906542 0.652494 
0.906542 0.652494 
0.906542 0.652494 
0.959243 0.640216 
0.959243 0.640216 
0.959243 0.640216 
0.959243 0.640216 
0.959243 0.640216 
0.959243 0.640216 
0.959243 0.640216 
0.959243 0.640216 
0.959243 0.640216 
0.355973 0.998595 
0.708888 0.488382 
0.708888 0.488382 
0.257416 0.993705 
0.257416 0.993705 
0.257416 0.993705 
0.0880509 0.732208 
0.0727062 1.24231 
0.0727062 1.24231 
0.315982 0.666643 
0.438097 0.756164 
0.438097 0.756164 
0.438097 0.756164 
1.0095 0.506972 
1.0095 0.506972 
1.0095 0.506972 
1.0095 0.506972 
1.0095 0.506972 
0.561251 0.462104 
0.0976015 0.68463 
0.244293 1.20597 
0.244293 1.20597 
0.0784422 0.717671 
0.0784422 0.717671 
0.0784422 0.717671 
0.266393 0.853829 
0.577423 0.728924 
0.577423 0.728924 
0.524488 0.512516 
0.714363 0.580941 
0.714363 0.580941 
0.714363 0.580941 
0.844561 0.648953 
0.844561 0.648953 
0.844561 0.648953 
0.844561 0.648953 
0.844561 0.648953 
0.796795 0.574285 
0.796795 0.574285 
0.796795 0.574285 
0.796795 0.574285 
0.796795 0.574285 
0.796795 0.574285 
0.796795 0.574285 
0.796795 0.574285 
0.796795 0.574285 
0.796795 0.574285 
0.654866 0.531466 
0.773444 0.767004 
0.773444 0.767004 
0.773444 0.767004 
0.773444 0.767004 
0.773444 0.767004 
0.773444 0.767004 
0.435414 0.439214 
0.833941 0.53882 
0.627239 0.642901 
0.627239 0.642901 
0.627239 0.642901 
0.980625 0.631585 
0.980625 0.631585 
0.69428 0.747229 
0.69428 0.747229 
0.69428 0.747229 
0.69428 0.747229 
0.69428 0.747229 
0.988101 0.78776 
0.988101 0.78776 
1.00381 0.757632 
1.00381 0.757632 
1.00381 0.757632 
0.811983 0.966616 
0.811983 0.966616 
1.15975 0.651714 
1.15975 0.651714 
0.749944 0.421201 
1.1046 0.591101 
1.1046 0.591101 
1.1046 0.591101 
1.1046 0.591101 
1.1046 0.591101 
1.1046 0.591101 
1.09282 0.778143 
1.13088 0.577886 
1.13088 0.577886 
1.13088 0.577886 
1.13088 0.577886 
1.13088 0.577886 
1.14146 0.576421 
0.977077 0.631465 
0.977077 0.631465 
0.977077 0.631465 
0.977077 0.631465 
0.977077 0.631465 
0.834484 0.779899 
0.600478 0.636216 
0.766357 0.687608 
0.876541 0.662379 
0.876541 0.662379 
0.55162 0.628622 
0.722177 0.735474 
0.722177 0.735474 
0.722177 0.735474 
0.722177 0.735474 
0.442757 0.84652 
0.442757 0.84652 
0.442757 0.84652 
0.107935 1.00803 
0.107935 1.00803 
0.0126613 0.958907 
0.085357 1.06603 
0.085357 1.06603 
0.085357 1.06603 
0.275419 0.895222 
0.223662 0.901755 
0.223662 0.901755 
0.326192 1.03183 
0.112901 0.702988 
0.112901 0.702988 
0.112901 0.702988 
0.112901 0.702988 
0.112901 0.702988 
0.105645 0.69401 
0.11455 1.00027 
0.354621 0.957445 
0.354621 0.957445 
0.138954 1.01939 
0.169204 1.0243 
0.169204 1.0243 
0.169204 1.0243 
0.0364496 0.953749 
0.0208447 1.09742 
0.328365 0.848922 
0.328365 0.848922 
0.328365 0.848922 
0.154136 0.992057 
0.251932 1.06243 
0.328136 0.856289 
0.569179 0.734007 
0.569179 0.734007 
0.528497 0.756421 
0.54588 0.98357 
0.575456 0.99 
0.575456 0.99 
0.738249 0.778839 
0.453585 0.787001 
0.499572 0.927768 
0.528936 0.83191 
0.657535 0.877144 
0.58365 1.02683 
0.748732 0.82978 
0.748732 0.82978 
0.714687 0.689792 
0.714687 0.689792 
0.714687 0.689792 
0.621617 0.89898 
0.874056 0.779567 
0.622251 1.03426 
0.545369 0.854586 
0.546017 0.811467 
0.699826 0.925774 
0.699826 0.925774 
0.656612 0.775003 
0.656612 0.775003 
0.656612 0.775003 
0.471517 0.858455 
0.214435 0.920428 
0.0916186 0.972009 
0.351648 0.923143 
0.413715 0.793736 
0.557295 0.680373 
0.557295 0.680373 
0.441429 0.836621 
0.191669 0.874423 
0.203483 0.659904 
0.203483 0.659904 
0.203483 0.659904 
0.203483 0.659904 
0.203483 0.659904 
0.203483 0.659904 
0.181952 0.717031 
0.181952 0.717031 
0.181952 0.717031 
0.403919 0.58438 
0.399978 0.790934 
0.601313 0.942291 
0.831517 0.719133 
0.831517 0.719133 
0.831517 0.719133 
0.831517 0.719133 
0.831517 0.719133 
0.831517 0.719133 
0.831517 0.719133 
0.831517 0.719133 
0.801468 0.572321 
0.801468 0.572321 
0.744609 0.56979 
0.744609 0.56979 
0.744609 0.56979 
0.744609 0.56979 
0.883366 0.604079 
0.883366 0.604079 
0.883366 0.604079 
0.883366 0.604079 
0.883366 0.604079 
0.883366 0.604079 
0.792748 0.546316 
0.792748 0.546316 
0.968123 0.553433 
0.893609 0.717714 
0.893609 0.717714 
0.685916 0.60682 
0.685916 0.60682 
0.685916 0.60682 
0.685916 0.60682 
0.558146 0.761536 
0.558146 0.761536 
0.550461 0.676059 
0.581336 0.509559 
0.667635 0.544847 
0.667635 0.544847 
0.818208 0.666931 
0.858437 0.632624 
0.66222 0.678613 
0.66222 0.678613 
0.612062 0.641467 
0.660631 0.798964 
0.822437 0.725137 
0.822437 0.725137 
0.696034 0.784499 
0.591457 0.889506 
0.578804 0.994167 
0.578804 0.994167 
0.578804 0.994167 
0.578804 0.994167 
0.602798 0.82608 
0.602798 0.82608 
0.602798 0.82608 
0.602798 0.82608 
0.602798 0.82608 
0.54752 0.698 
0.565956 0.601614 
0.565956 0.601614 
0.655112 0.645303 
0.655112 0.645303 
0.655112 0.645303 
0.633619 0.596852 
0.633619 0.596852 
0.633619 0.596852 
0.633619 0.596852 
0.633619 0.596852 
0.743339 0.741833 
0.640101 0.696145 
0.693544 0.656425 
0.693544 0.656425 
0.833694 0.64025 
0.783179 0.536401 
0.783179 0.536401 
0.783179 0.536401 
0.783179 0.536401 
0.783179 0.536401 
0.783179 0.536401 
0.783179 0.536401 
0.891527 0.57669 
0.891527 0.57669 
0.891527 0.57669 
0.891527 0.57669 
0.776622 0.634728 
0.684901 0.563266 
0.684901 0.563266 
0.684901 0.563266 
0.739397 0.60559 
0.886311 0.59888 
0.886311 0.59888 
0.886311 0.59888 
0.886311 0.59888 
0.756352 0.603591 
0.836794 0.611487 
0.836794 0.611487 
0.893317 0.59584 
0.838697 0.630666 
0.838697 0.630666 
0.691664 0.62336 
0.656843 0.531692 
0.766076 0.628643 
0.766076 0.628643 
0.766076 0.628643 
0.782677 0.688309 
0.800411 0.555089 
0.759897 0.557934 
0.777855 0.55587 
0.777855 0.55587 
0.777855 0.55587 
0.777855 0.55587 
0.877695 0.556536 
0.877695 0.556536 
0.877695 0.556536 
0.96604 0.641096 
0.904247 0.568008 
0.889743 0.589922 
0.889743 0.589922 
0.889743 0.589922 
0.93021 0.612703 
0.801874 0.655488 
0.892591 0.603267 
0.892591 0.603267 
0.892591 0.603267 
0.892591 0.603267 
0.812372 0.532981 
0.812372 0.532981 
0.741426 0.623679 
0.750478 0.590204 
0.79175 0.580622 
0.686404 0.680902 
0.686404 0.680902 
0.711703 0.644626 
0.711703 0.644626 
0.801226 0.700437 
0.700433 0.713889 
0.700433 0.713889 
0.793946 0.602219 
0.793946 0.602219 
0.793946 0.602219 
0.803809 0.535993 
0.890219 0.597546 
0.890219 0.597546 
0.890219 0.597546 
0.890219 0.597546 
0.890219 0.597546 
0.890219 0.597546 
0.890219 0.597546 
0.890219 0.597546 
0.890219 0.597546 
0.827267 0.577138 
0.827267 0.577138 
0.773254 0.530914 
0.752093 0.573321 
0.752093 0.573321 
0.752093 0.573321 
0.695597 0.644831 
0.791105 0.669176 
0.843224 0.58283 
0.843224 0.58283 
0.843224 0.58283 
0.843224 0.58283 
0.843224 0.58283 
0.739702 0.605997 
0.634174 0.580391 
0.634174 0.580391 
0.71373 0.580495 
0.780646 0.675706 
0.852722 0.713078 
0.768979 0.760271 
0.768979 0.760271 
0.736067 0.724171 
0.75162 0.710938 
0.75162 0.710938 
0.722137 0.769044 
0.722137 0.769044 
0.702993 0.755364 
0.727452 0.742165 
0.727452 0.742165 
0.742401 0.78183 
0.742401 0.78183 
0.742401 0.78183 
0.742401 0.78183 
0.742401 0.78183 
0.789646 0.817353 
0.722117 0.837946 
0.722117 0.837946 
0.642606 0.892865 
0.642606 0.892865 
0.559718 0.800435 
0.572091 0.717708 
0.596669 0.679313 
0.596669 0.679313 
0.596669 0.679313 
0.664771 0.736954 
0.600604 0.705208 
0.67748 0.763676 
0.681345 0.756984 
0.596378 0.704672 
0.596378 0.704672 
0.596378 0.704672 
0.652965 0.757 
0.652965 0.757 
0.652965 0.757 
0.647575 0.685631 
0.676945 0.742869 
0.676945 0.742869 
0.737427 0.755276 
0.661907 0.675133 
0.740843 0.726788 
0.736836 0.750275 
0.81802 0.714258 
0.81802 0.714258 
0.795013 0.730616 
0.787595 0.699077 
0.736126 0.679349 
0.748561 0.644817 
0.702809 0.618585 
0.702809 0.618585 
0.702809 0.618585 
0.729397 0.600897 
0.692886 0.54887 
0.707035 0.57197 
0.779394 0.642595 
0.830517 0.587153 
0.830517 0.587153 
0.893499 0.623183 
0.833733 0.642373 
0.834966 0.626248 
0.807544 0.623658 
0.829251 0.646382 
0.829251 0.646382 
0.783785 0.635812 
0.730199 0.677508 
0.709426 0.617707 
0.677636 0.611327 
0.748925 0.675792 
0.748925 0.675792 
0.71641 0.725015 
0.660427 0.664431 
0.705788 0.680742 
0.707062 0.71159 
0.646531 0.674797 
0.623273 0.745743 
0.577244 0.693458 
0.577244 0.693458 
0.510175 0.672443 
0.532538 0.618377 
0.511846 0.668614 
0.511846 0.668614 
0.511846 0.668614 
0.480809 0.681109 
0.480809 0.681109 
0.449464 0.71063 
0.449464 0.71063 
0.482354 0.717075 
0.479871 0.724141 
0.453547 0.79082 
0.453547 0.79082 
0.452595 0.785485 
0.469368 0.801996 
0.476331 0.814913 
0.480981 0.82979 
0.535624 0.859764 
0.550457 0.848456 
0.550457 0.848456 
0.543892 0.822372 
0.551514 0.881431 
0.551514 0.881431 
0.541921 0.925016 
0.550574 0.894976 
0.513288 0.876744 
0.5311 0.916754 
0.531583 0.862849 
0.531583 0.862849 
0.580918 0.8107 
0.54029 0.77736 
0.500191 0.802881 
0.498299 0.776126 
0.521143 0.770672 
0.541825 0.789904 
0.541825 0.789904 
0.541825 0.789904 
0.537582 0.839762 
0.559407 0.84042 
0.592726 0.890971 
0.627734 0.881947 
0.627734 0.881947 
0.654212 0.877238 
0.68914 0.878221 
0.713874 0.860522 
0.727952 0.80937 
0.704393 0.801122 
0.656771 0.790958 
0.662791 0.745882 
0.645896 0.77791 
0.689659 0.725873 
0.684884 0.727968 
0.678199 0.67407 
0.680654 0.701834 
0.723501 0.695034 
0.738927 0.641168 
0.738927 0.641168 
0.764372 0.689168 
0.781323 0.667666 
0.781323 0.667666 
0.781323 0.667666 
0.781323 0.667666 
0.781323 0.667666 
0.783663 0.639144 
0.812733 0.641889 
0.842066 0.683271 
0.838868 0.657589 
0.796425 0.697975 
0.7614 0.689296 
0.78683 0.650247 
0.786811 0.688467 
0.786811 0.688467 
0.798295 0.700361 
0.83633 0.665685 
0.824324 0.644324 
0.828429 0.660507 
0.828429 0.660507 
0.828429 0.660507 
0.828429 0.660507 
0.780415 0.661491 
0.780415 0.661491 
0.746765 0.650636 
0.749884 0.639978 
0.742563 0.633135 
0.775358 0.611634 
0.797015 0.603278 
0.766667 0.621043 
0.737954 0.635298 
0.719592 0.638197 
0.694243 0.624555 
0.720686 0.647877 
0.755951 0.605644 
0.767233 0.574355 
0.767233 0.574355 
0.767233 0.574355 
0.74505 0.556912 
0.756842 0.527115 
0.800696 0.520859 
0.773911 0.523499 
0.750902 0.522682 
0.779286 0.536847 
0.792417 0.557632 
0.803089 0.563742 
0.803089 0.563742 
0.803089 0.563742 
0.803089 0.563742 
0.803089 0.563742 
0.802701 0.587681 
0.787934 0.617595 
0.792426 0.603508 
0.753024 0.604712 
0.761722 0.629434 
0.761722 0.629434 
0.761722 0.629434 
0.790519 0.625897 
0.80503 0.593164 
0.817879 0.617922 
0.778741 0.614917 
0.78144 0.620518 
0.77185 0.595881 
0.806118 0.634867 
0.769472 0.641849 
0.769472 0.641849 
0.769472 0.641849 
0.769472 0.641849 
0.769472 0.641849 
0.763268 0.650191 
0.76793 0.658226 
0.730478 0.636393 
0.715702 0.653444 
0.737218 0.636223 
0.763027 0.626733 
0.763027 0.626733 
0.763027 0.626733 
0.763027 0.626733 
0.785413 0.63064 
0.782303 0.613126 
0.775548 0.600613 
0.775548 0.600613 
0.775548 0.600613 
0.743701 0.628244 
0.742855 0.636232 
0.718708 0.654862 
0.747022 0.647878 
0.770477 0.657306 
0.786932 0.673636 
0.773339 0.667485 
0.752809 0.687708 
0.744564 0.675107 
0.724221 0.644191 
0.724221 0.644191 
0.722997 0.629757 
0.722997 0.629757 
0.722997 0.629757 
0.722997 0.629757 
0.725911 0.621748 
0.739886 0.631965 
0.764647 0.627991 
0.744614 0.645175 
0.732829 0.628248 
0.722212 0.639226 
0.735339 0.614708 
0.735463 0.645711 
0.713691 0.634124 
0.713691 0.634124 
0.684543 0.641296 
0.673276 0.66443 
0.701209 0.658351 
0.684386 0.63214 
0.684386 0.63214 
0.687399 0.633952 
0.70203 0.625818 
0.721494 0.623767 
0.691545 0.64246 
0.711827 0.66982 
0.727129 0.64579 
0.736289 0.632879 
0.761441 0.65043 
0.761441 0.65043 
0.765859 0.638291 
0.793992 0.653451 
0.771938 0.640978 
0.757473 0.646973 
0.762826 0.622609 
0.749044 0.6346 
0.749044 0.6346 
0.737465 0.624846 
0.751262 0.610387 
0.762411 0.616425 
0.737488 0.597799 
0.757678 0.585036 
0.761251 0.604693 
0.765599 0.592249 
0.765599 0.592249 
0.765599 0.592249 
0.765599 0.592249 
0.757913 0.61305 
0.757913 0.61305 
0.764339 0.604529 
0.764339 0.604529 
0.764339 0.604529 
0.78776 0.602177 
0.794777 0.623001 
0.791207 0.625873 
0.791207 0.625873 
0.79316 0.611516 
0.803617 0.607859 
0.807497 0.602628 
0.798509 0.609316 
0.815165 0.601125 
0.824878 0.620424 
0.824878 0.620424 
0.824878 0.620424 
0.824878 0.620424 
0.835888 0.627642 
0.851968 0.607083 
0.837615 0.612825 
0.858942 0.630686 
0.874798 0.648564 
0.879612 0.658891 
0.874153 0.649251 
0.89161 0.638306 
0.89161 0.638306 
0.876603 0.6569 
0.876603 0.6569 
0.867588 0.650089 
0.860029 0.648004 
0.839428 0.636021 
0.854537 0.644952 
0.854537 0.644952 
0.845875 0.635249 
0.854357 0.655255 
0.834979 0.646579 
0.819953 0.638042 
0.817581 0.624916 
0.805388 0.603303 
0.78412 0.60909 
0.805575 0.599414 
0.789467 0.587322 
0.789467 0.587322 
0.789467 0.587322 
0.793041 0.586915 
0.812988 0.575825 
0.821391 0.594984 
0.802673 0.59529 
0.810892 0.613829 
0.824959 0.616681 
0.824959 0.616681 
0.815855 0.628115 
0.815855 0.628115 
0.818458 0.638361 
0.835857 0.622312 
0.844937 0.637966 
0.84642 0.626033 
