0
0
0.0897785
0.0730463
0.0583243
0.0502218
0.0421011
0.0370818
0.0333249
0.0316555
0.0299009
0.0273671
0.0259306
0.0245839
0.0229797
0.0215074
0.0205978
0.0194107
0.0190519
0.0180471
0.0176008
0.0177648
0.0171135
0.0164769
0.0158109
0.0151781
0.0150544
0.0145073
0.0140884
0.0137
0.0132428
0.0130527
0.0128055
0.0138467
0.0135241
0.0131378
0.012777
0.0124849
0.0121929
0.0119504
0.0116517
0.0116871
0.012241
0.0121073
0.0118321
0.0116577
0.0122289
0.012034
0.0117906
0.0115963
0.0114078
0.0114384
0.0113751
0.0111785
0.0110707
0.0108733
0.0106828
0.0106226
0.0104974
0.0103505
0.0102958
0.010238
0.0101774
0.0101774
0.0100281
0.0102337
0.0101238
0.00998368
0.00993214
0.00988486
0.00990478
0.00982378
0.00981195
0.0096974
0.00960598
0.00955759
0.00950781
0.00938559
0.00927612
0.00921648
0.00913221
0.00909822
0.00914486
0.00913646
0.00909962
0.0090006
0.00889795
0.00880325
0.00873195
0.00865047
0.00861705
0.00855119
0.00845979
0.0083752
0.00829227
0.00824766
0.00816323
0.00808051
0.0080048
0.00802497
0.00795062
0.00794484
0.00788153
0.00781149
0.00774885
0.00769692
0.00771191
0.00778429
0.0077445
0.00767796
0.0076082
0.00764977
0.00766133
0.00767722
0.00761088
0.00754619
0.00768084
0.00761593
0.00755309
0.00749521
0.0074335
0.00741023
0.00735296
0.0072938
0.00723831
0.00718217
0.00712524
0.00707083
0.00701725
0.00696612
0.0069361
0.00688368
0.00683161
0.00680879
0.00675956
0.00672751
0.0066795
0.00674447
0.00675256
0.00672175
0.00669433
0.00665719
0.0066104
0.00656574
0.00652023
0.0064818
0.00646265
0.00642128
0.00649692
0.00646454
0.0064231
0.00640701
0.00637037
0.00637579
0.00633621
0.00631994
0.00628128
0.00624146
0.00621788
0.00618816
0.00620632
0.0061771
0.00614845
0.00614247
0.0061095
0.00609435
0.00606259
0.00602811
0.00599236
0.00599652
0.00600242
0.00597145
0.00596696
0.00593268
0.00591967
0.0058874
0.00594284
0.0059171
0.00588408
0.00585505
0.00583008
0.00582601
0.0057953
0.00581023
0.00578619
0.0057551
0.00574989
0.00573111
0.00575411
0.00572531
0.00571226
0.00569911
0.00568588
0.00567257
0.005678
0.00567461
0.00566163
0.00563383
0.00560542
0.00557729
0.00554969
0.0055237
0.00550643
0.00548018
0.00545418
0.00544862
0.00542249
0.00539894
0.00538503
0.00535956
0.00533564
0.00531426
0.00532843
0.0053071
0.00528594
0.00526226
0.00525214
0.00522879
0.00520485
0.0051902
0.0051734
0.00518687
0.00521813
0.00522226
0.00519902
0.00517709
0.00516788
0.00515406
0.00515814
0.00518651
0.0051889
0.00516652
0.00514439
0.00512796
0.00511124
0.00509206
0.00508403
0.00510944
0.00509087
0.00507064
0.00505197
0.00503116
0.00501052
0.00499869
0.00497904
0.00497083
0.00495594
0.00495931
0.00494029
0.0049213
0.00490245
0.00489122
0.0048768
0.00485761
0.00484322
0.0048289
0.00481236
0.00482115
0.00480507
0.00479395
0.00478747
0.00478091
0.0047834
0.00476954
0.00475161
0.00473848
0.0047254
0.00471014
0.00469472
0.00469807
0.00472846
0.00471182
0.00469529
0.00468521
0.00466888
0.00465888
0.00464637
0.00463993
0.00463383
0.00461796
0.00461163
0.00461396
0.00460152
0.00459176
0.00457564
0.00456664
0.00456501
0.00455104
0.00454483
0.00453331
0.00454147
0.00457526
0.00456022
0.00454646
0.0045401
0.0045253
0.00451217
0.00451998
0.00450689
0.00449576
0.00448087
0.00446987
0.0044772
0.00446617
0.00447851
0.00446984
0.00445706
0.00444617
0.00443357
0.0044228
0.00444679
0.00444471
0.00443053
0.00441703
0.00440644
0.00439421
0.00438204
0.00437384
0.00436178
0.00434816
0.00433463
0.00432961
0.00431623
0.00431432
0.0043165
0.00430381
0.00430588
0.00429437
0.00429634
0.00428387
0.00429463
0.00429258
0.0042797
0.00426748
0.00425533
0.0042457
0.00423813
0.00423309
0.00422204
0.0042113
0.00420683
0.00419512
0.00418581
0.00420707
0.00419491
0.00418283
0.00417368
0.0041617
0.0041599
0.00415084
0.00413959
0.0041294
0.00412477
0.00411369
0.00410366
0.00409218
0.00408226
0.00407141
0.00406495
0.00407041
0.00406636
0.00405514
0.00405718
0.00404607
0.00403501
0.00402682
0.00401635
0.00404662
0.00403609
0.00403178
0.00402096
0.00401067
0.00400035
0.00399092
0.00400979
0.00399963
0.00398905
0.00398107
0.00397058
0.00397244
0.00397418
0.00396424
0.00395433
0.00394532
0.00393511
0.00392494
0.0039211
0.00391974
0.0039249
0.00392115
0.00391115
0.00391598
0.00390855
0.00389867
0.00389007
0.00388151
0.00387176
0.0038645
0.00385484
0.00384523
0.00385767
0.00385401
0.00384489
0.00383656
0.00383112
0.0038217
0.00381233
0.00380416
0.00379727
0.00378917
0.00378802
0.00377926
0.00377015
0.00376331
0.00375428
0.00374527
0.00373666
0.00373333
0.00372997
0.0037211
0.00371334
0.00370846
0.00370995
0.00370154
0.00369522
0.00369716
0.00368969
0.00368487
0.0036763
0.00367152
0.00366515
0.00367277
0.00366533
0.00365692
0.00365407
0.00364573
0.00364262
0.00363434
0.0036264
0.0036204
0.00362187
0.0036141
0.00360628
0.0035982
0.00359763
0.00359492
0.00359913
0.00359111
0.00358409
0.0035781
0.00357021
0.00356263
0.00355573
0.00355524
0.00354746
0.0035397
0.00353409
0.00352638
0.0035259
0.00352148
0.00351385
0.00350733
0.00350007
0.00349762
0.00350173
0.0034946
0.00348901
0.00348186
0.00347537
0.003473
0.00347985
0.00347278
0.00346634
0.00345907
0.00345208
0.00344572
0.00345623
0.0034499
0.00344571
0.00343958
0.00343421
0.00342886
0.0034463
0.00343955
0.00343693
0.0034361
0.00343078
0.00342477
0.00341804
0.00341581
0.00341943
0.00341566
0.00341341
0.00340749
0.00340145
0.00339487
0.00339265
0.00339622
0.00338978
0.00338327
0.00338247
0.0033785
0.00337487
0.00336854
0.00336604
0.00336018
0.0033536
0.003347
0.00334043
0.00334916
0.00334566
0.00334482
0.00333854
0.00333604
0.00333143
0.00333541
0.00332933
0.00332552
0.00331935
0.00331557
0.00330925
0.00330291
0.0032966
0.00329766
0.00329234
0.00328903
0.00328315
0.00327698
0.00327102
0.00326485
0.00325871
0.00325352
0.00324919
0.00324598
0.00325791
0.00325436
0.00324831
0.00325444
0.00325219
0.0032465
0.00324074
0.0032348
0.00323259
0.00322811
0.00322307
0.0032174
0.00321396
0.00321177
0.00320626
0.00320077
0.00320859
0.00320637
0.00321004
0.00320696
0.00320187
0.00319644
0.00319156
0.00318617
0.00318549
0.00319657
0.00319091
0.00318757
0.00318212
0.00318782
0.00318248
0.00318068
0.00317858
0.00317302
0.00317271
0.00316737
0.00316529
0.00317872
0.00317663
0.00317792
0.00317583
0.00317279
0.00316732
0.00316549
0.00317071
0.00317555
0.0031725
0.00317364
0.00316964
0.0031676
0.00318631
0.00318311
0.00318115
0.00318803
0.00318333
0.00317795
0.003176
0.00317135
0.00316671
0.00316609
0.00316213
0.00315707
0.00315181
0.00315645
0.00315448
0.00314924
0.00314532
0.00314616
0.00314424
0.00314119
0.00313733
0.00313345
0.00313047
0.00312661
0.00312594
0.00312084
0.00312175
0.00312255
0.00311747
0.00311993
0.00311617
0.00311178
0.00311265
0.00311204
0.00310723
0.00310536
0.00310615
0.00310547
0.00310794
0.00310606
0.00310234
0.00310473
0.00310183
0.00309691
0.00309261
0.00308833
0.00308345
0.00308059
0.00307595
0.00307171
0.0030711
0.00306689
0.00307103
0.00306919
0.00306558
0.00306373
0.00305897
0.00305441
0.00304988
0.00304574
0.003044
0.0030399
0.00303522
0.00303056
0.00302609
0.00302336
0.00302167
0.00301895
0.00301453
0.00301107
0.00300649
0.00300192
0.00299755
0.00299495
0.00299042
0.00298778
0.0029852
0.00298359
0.00298593
0.00298673
0.00298226
0.0029778
0.00297391
0.00297338
0.00296951
0.00296694
0.00296529
0.00296146
0.00295816
0.00295379
0.00295222
0.00294787
0.00294465
0.00294216
0.00293895
0.00293846
0.00293434
0.00293388
0.0029296
0.00292551
0.0029218
0.00291864
0.00291459
0.00291682
0.00291758
0.00291337
0.00290934
0.00290691
0.00290291
0.00290675
0.00291053
0.00290654
0.00290239
0.00290453
0.00290092
0.00289679
0.00289285
0.00289134
0.00288777
0.00288543
0.00288152
0.00287797
0.00287495
0.00287091
0.00286704
0.00286302
0.00286071
0.00285687
0.00285288
0.00284942
0.00284545
0.00284166
0.00284027
0.00283803
0.00283409
0.00283371
0.00283232
0.00283093
0.00282753
0.00282714
0.00282424
0.00282086
0.00281717
0.00281429
0.00281295
0.0028126
0.00280975
0.00281329
0.00280947
0.00280662
0.00280332
0.00280194
0.00280893
0.00280674
0.0028088
0.00280502
0.0028014
0.00280344
0.00280128
0.00280199
0.0027984
0.00279801
0.00279444
0.00279167
0.00278796
0.00278993
0.00279064
0.00279555
0.00279278
0.00278925
0.00278573
0.00278206
0.00277934
0.00277585
0.00277451
0.00277104
0.00276896
0.0027655
0.00276281
0.00275936
0.00275623
0.00275357
0.0027532
0.00275114
0.00275078
0.00274949
0.0027482
0.00274481
0.00274173
0.0027397
0.00273618
0.00273267
0.00272917
0.00272613
0.00272279
0.00272153
0.00271957
0.00271699
0.00271504
0.00271159
0.00271128
0.00270828
0.00270708
0.00270409
0.00270155
0.00269904
0.00269607
0.00269676
0.00269424
0.00269389
0.00269065
0.0026877
0.00268435
0.00268142
0.00269128
0.00268793
0.00268546
0.00268298
0.00268181
0.00268488
0.00268197
0.0026801
0.00268312
0.00268023
0.00267993
0.00267955
0.00267626
0.00267342
0.00267027
0.00266907
0.00266662
0.00266377
0.00266067
0.00265743
0.00265913
0.00265724
0.00265414
0.00265131
0.00265012
0.00265299
0.0026499
0.00264683
0.00264363
0.00264045
0.00263814
0.00264232
0.00263916
0.00263676
0.0026336
0.00263667
0.00263438
0.00263125
0.00263284
0.00263355
0.00263182
0.00262998
0.00262702
0.0026239
0.00262164
0.0026193
0.00261621
0.0026144
0.00261987
0.00261817
0.00261521
0.00261418
0.00261112
0.00260807
0.00260539
0.00260318
0.00260014
0.0026019
0.00259898
0.00259784
0.00260503
0.00260569
0.00260268
0.00260003
0.00259783
0.00259498
0.00259199
0.00258974
0.00258677
0.00258391
0.00258095
0.00258071
0.00257899
0.00257618
0.00257338
0.00257118
0.00256825
0.00256532
0.00256255
0.00256157
0.00255866
0.00255833
0.00255616
0.00255582
0.00255372
0.00255084
0.00254808
0.00254556
0.00254281
0.00254066
0.00254346
0.00254188
0.00253915
0.00253883
0.00253634
0.00253614
0.0025368
0.00254354
0.00254071
0.00253803
0.0025356
0.0025329
0.00253267
0.00253022
0.00252743
0.00252475
0.00252267
0.00252027
0.00251824
0.00252787
0.00252579
0.00252735
0.00252469
0.00252227
0.00251952
0.00251792
0.00252594
0.0025232
0.00252045
0.00251844
0.00251643
0.00251792
0.00251591
0.0025164
0.00251368
0.00251211
0.00250951
0.00250856
0.00250622
0.00250364
0.00250208
0.00250264
0.00250032
0.00250793
0.00250538
0.00250511
0.00251129
0.00250895
0.00250663
0.00250465
0.00250515
0.00250282
0.00250018
0.00250485
0.00250253
0.00250225
0.00249993
0.00249795
0.00249567
0.00249472
0.00249275
0.00249246
0.00248997
0.00248965
0.00248738
0.00248512
0.00248253
0.00248385
0.00248233
0.00247986
0.00247794
0.00247538
0.00247445
0.00247493
0.00247462
0.00247206
0.0024706
0.00246911
0.00246668
0.00246796
0.00246705
0.00246451
0.0024621
0.00246253
0.00246
0.00245759
0.00245616
0.00245469
0.00245323
0.00245228
0.00244979
0.00244885
0.00245009
0.00244921
0.00244826
0.00244579
0.00244332
0.00244085
0.00244062
0.00243848
0.00243603
0.00243369
0.00243226
0.00243441
0.00243573
0.00243703
0.00243519
0.00243375
0.00243143
0.0024291
0.00242731
0.00242589
