0.957663
0.969204
0.976199
0.987909
0.989473
0.988067
0.987434
0.990839
0.999238
1.00224
1.00403
1.0035
0.998952
1.00189
1.00411
1.00556
1.00632
1.00405
0.999993
1.0021
1.00342
1.00323
1.00408
1.00221
1.00345
1.00433
1.00397
1.00461
1.00473
1.00529
1.00572
1.00571
1.00744
1.00659
1.00676
1.00773
1.00681
1.00525
1.00516
1.0045
1.00225
1.00178
1.002
1.0021
1.00148
0.9995
1.00036
1.00082
1.00171
1.00202
1.00263
1.00211
1.00178
1.00216
1.00151
1.00095
1.00103
1.0012
1.001
1.00038
0.999644
1.00013
0.99909
0.999377
1.00032
1.00017
0.999564
0.999497
0.999182
0.999123
0.998787
0.998958
0.998674
0.998499
0.998967
0.999467
0.999226
0.998695
0.998197
0.998343
0.998385
0.998731
0.998464
0.997847
0.99765
0.997816
0.997442
0.996963
0.997288
0.997224
0.997073
0.996739
0.996097
0.995971
0.996419
0.996368
0.995917
0.996339
0.996354
0.996234
0.996642
0.996576
0.996356
0.996526
0.99681
0.997271
0.997032
0.996896
0.996915
0.996788
0.997092
0.997033
0.996722
0.997223
0.997155
0.996986
0.997151
0.997068
0.997153
0.997507
0.997794
0.997564
0.99698
0.997155
0.99742
0.997455
0.996774
0.997138
0.997099
0.997006
0.996965
0.996833
0.996872
0.996584
0.997079
0.997145
0.997028
0.997002
0.996873
0.997063
0.997095
0.996557
0.99665
0.997097
0.997236
0.997278
0.997628
0.997113
0.996931
0.996765
0.996766
0.996974
0.997273
0.996977
0.996831
0.996643
0.996784
0.996832
0.997064
0.99737
0.997462
0.997479
0.997847
0.99791
0.997801
0.997791
0.998195
0.998227
0.998084
0.998353
0.9985
0.998317
0.99808
0.998051
0.998149
0.998309
0.998388
0.998287
0.99841
0.998622
0.998818
0.9989
0.998706
0.998875
0.998924
0.998739
0.998704
0.998814
0.998719
0.999071
0.999069
0.998906
0.998606
0.998556
0.998302
0.998308
0.998394
0.998539
0.998464
0.998617
0.998681
0.998824
0.998774
0.99885
0.998843
0.998779
0.998666
0.998515
0.998609
0.998442
0.99863
0.998538
0.998547
0.998436
0.998559
0.998653
0.998808
0.99893
0.99872
0.998628
0.998772
0.998908
0.998991
0.998863
0.9985
0.998652
0.998737
0.998489
0.998464
0.998391
0.998304
0.998264
0.99831
0.998269
0.998302
0.998197
0.998268
0.998254
0.998161
0.998219
0.99827
0.998237
0.998238
0.998272
0.998382
0.998191
0.997989
0.997887
0.99784
0.998057
0.998103
0.998265
0.998365
0.998462
0.998692
0.998706
0.998576
0.998689
0.998637
0.99854
0.998575
0.998623
0.998433
0.99858
0.998781
0.998868
0.998774
0.998675
0.998682
0.998705
0.998677
0.998689
0.99887
0.998942
0.998669
0.998729
0.998644
0.99848
0.998389
0.998203
0.998202
0.998315
0.998303
0.998306
0.998431
0.998659
0.998476
0.9984
0.998364
0.998352
0.998437
0.998466
0.99841
0.998474
0.998592
0.998555
0.998869
0.998873
0.999083
0.999232
0.999253
0.999193
0.999196
0.999307
0.999187
0.999003
0.998944
0.998792
0.998948
0.998979
0.998897
0.999017
0.999022
0.998881
0.99889
0.998689
0.998708
0.998696
0.998585
0.998572
0.998518
0.998501
0.998421
0.998531
0.998558
0.998475
0.998513
0.998632
0.998731
0.998573
0.998739
0.998904
0.998923
0.998956
0.999024
0.999003
0.999028
0.998974
0.998927
0.99901
0.998958
0.999051
0.999094
0.999089
0.999228
0.999167
0.99917
0.998851
0.998842
0.99897
0.998714
0.9987
0.998699
0.998697
0.998838
0.998929
0.999062
0.999261
0.999237
0.999191
0.999032
0.999219
0.999092
0.999105
0.99922
0.999254
0.999262
0.999302
0.999409
0.999276
0.999255
0.999299
0.999422
0.999427
0.999535
0.999385
0.999425
0.999392
0.999367
0.99945
0.99946
0.999402
0.999524
0.999577
0.999619
0.999456
0.999432
0.999421
0.999344
0.999518
0.99952
0.999669
0.999645
0.999604
0.999638
0.999792
0.999871
0.999808
0.999739
0.999787
0.999884
0.999796
0.999751
0.999818
0.999768
0.999762
0.999721
0.999859
0.99988
0.999883
0.99986
0.999827
0.999941
1
0.999881
0.999869
0.999923
0.999873
0.999862
0.999833
0.999718
0.999757
0.999721
0.999662
0.99966
0.999678
0.999458
0.999393
0.999431
0.999431
0.999226
0.999331
0.999267
0.999371
0.99932
0.99924
0.999264
0.999283
0.999396
0.999394
0.999436
0.999553
0.999526
0.9997
0.999727
0.999724
0.999683
0.999641
0.999788
0.99986
0.999969
0.999847
0.999874
0.999823
0.999832
0.999821
0.999806
0.999806
0.999756
0.999772
0.999693
0.999628
0.999569
0.999501
0.999601
0.999619
0.999683
0.999529
0.999632
0.999597
0.999478
0.999504
0.999474
0.999417
0.999329
0.999292
0.999329
0.999342
0.999375
0.999439
0.999419
0.999472
0.999606
0.999649
0.999696
0.999663
0.999719
0.999784
0.999732
0.999695
0.999705
0.999642
0.999756
0.999865
0.999957
0.999941
0.999989
1.00005
1.0002
1.00021
1.00013
1.00031
1.00028
1.00018
1.00016
1.00029
1.00027
1.00031
1.00025
1.00013
1.00014
1.00004
1.00007
1.00001
0.999956
0.999969
0.999959
1.00003
0.999961
0.999976
1.00007
1.00002
1.00011
1.00009
1.00013
1.00013
1.00014
1.00021
1.00023
1.00029
1.00032
1.0003
1.00025
1.00026
1.00025
1.00034
1.00042
1.00033
1.00028
1.00027
1.00021
1.00022
1.00015
1.00009
1.00005
0.999972
0.999982
0.999892
0.999871
0.99987
0.999857
0.999924
0.999852
0.999853
0.999854
0.99986
0.999871
0.999887
0.999833
0.999879
0.999876
0.999917
0.999944
0.99997
0.999896
0.999906
0.999902
0.999901
1.00002
0.999905
0.999917
0.999906
0.999845
0.999802
0.999805
0.999806
0.999839
0.999896
0.999851
0.999857
0.99987
0.999801
0.999656
0.999617
0.999518
0.999595
0.999602
0.999548
0.9996
0.999603
0.999697
0.999661
0.99975
0.999757
0.999649
0.999683
0.999642
0.999644
0.999694
0.99969
0.999608
0.999647
0.999692
0.999693
0.999687
0.9997
0.999735
0.999715
0.999636
0.999624
0.999704
0.99965
0.999611
0.999732
0.99967
0.999684
0.99964
0.999539
0.999493
0.999466
0.999485
0.999402
0.999512
0.999597
0.999578
0.999579
0.999579
0.999625
0.999632
0.999676
0.999677
0.999739
0.999771
0.999891
0.999883
0.999865
0.999882
0.999902
0.999838
0.999793
0.999759
0.999812
0.999741
0.999697
0.999734
0.999799
0.999743
0.999766
0.999836
0.99981
0.999794
0.999761
0.999768
0.99972
0.999626
0.999694
0.999752
0.999714
0.999738
0.999753
0.99967
0.999617
0.999539
0.999604
0.999589
0.999561
0.999564
0.999666
0.999611
0.999567
0.999541
0.9996
0.999589
0.999656
0.999709
0.999697
0.999763
0.99978
0.99976
0.999778
0.999814
0.999815
0.999719
0.999611
0.999593
0.999593
0.999555
0.999517
0.999516
0.999581
0.999566
0.999613
0.999619
0.999643
0.999631
0.999579
0.999627
0.999683
0.999711
0.999755
0.999807
0.99984
0.999803
0.999864
0.999821
0.9998
0.999792
0.999847
0.999862
0.999883
0.999906
0.999923
0.999846
0.999793
0.999806
0.999728
0.999735
0.999729
0.999696
0.999745
0.999674
0.999679
0.999703
0.999713
0.999713
0.999656
0.999574
0.999636
0.999601
0.999628
0.999647
0.999668
0.999658
0.999662
0.999662
0.999632
0.9996
0.999612
0.999597
0.999622
0.999588
0.999534
0.999498
0.999502
0.999546
0.999618
0.999619
0.999601
0.999564
0.999564
0.999612
0.999593
0.999573
0.999619
0.999615
0.999551
0.999557
0.999591
0.999568
0.999612
0.999636
0.999619
0.999561
0.999593
0.999627
0.999685
0.999672
0.999693
0.99967
0.999775
0.999787
0.999762
0.999791
0.999805
0.999842
0.999778
0.999821
0.99981
0.999806
0.999809
0.999792
0.99978
0.999714
0.999686
0.999657
0.999602
0.999516
0.999514
0.999543
0.99954
0.999581
0.999576
0.999627
0.999645
0.999702
0.999686
0.999687
0.999733
0.999715
0.999728
0.999702
0.999725
0.999767
0.999777
0.999748
0.999735
0.99972
0.999693
0.9997
0.99973
0.999756
0.999828
0.999755
0.999798
0.99978
0.999769
0.999813
0.999807
0.999745
0.999714
0.999667
0.999693
0.999729
0.999764
0.999809
0.999804
0.999769
0.999757
0.999684
0.999684
0.999725
0.999781
0.999815
0.999886
0.999928
0.999944
0.999895
0.999892
0.999879
0.999893
0.999919
0.999843
0.999783
0.999812
0.999807
0.999739
0.999806
0.99978
0.999833
0.999857
0.999882
0.999905
0.999892
0.999862
0.999816
0.999851
0.999858
0.999794
0.999766
0.999791
0.999759
0.999773
0.99975
0.999732
0.999666
0.99966
0.999615
0.9996
0.999633
0.999571
0.999581
0.99964
0.999603
0.999509
0.999449
0.999452
0.999461
0.999425
0.999475
0.999488
0.999459
0.999469
0.999474
0.99947
0.99943
0.999431
0.999455
0.999466
0.9995
0.999442
0.999433
0.999473
0.999487
0.999514
0.999506
0.999483
0.999541
0.999532
0.999487
0.999464
0.999512
0.999529
0.999514
0.999505
0.99951
0.999489
0.999546
0.999526
0.99954
0.99954
0.99954
0.999569
0.999635
0.999652
0.999635
0.999654
0.999647
0.999684
0.999678
0.999669
0.999663
0.999652
0.999677
0.999632
0.999657
0.999726
0.999762
0.999796
0.999823
0.999799
0.999836
0.999866
0.999895
0.999889
0.999871
0.999861
0.99984
0.999818
0.999777
0.999795
0.9998
0.999786
0.999829
0.999762
0.999676
0.999744
0.999717
0.999755
0.99975
0.999826
0.999806
0.999825
0.999843
0.999811
0.999796
0.999789
0.999836
0.999888
0.999906
0.999837
0.999856
0.999806
0.99976
0.99982
0.999832
0.999864
0.99986
0.999895
0.999908
0.999927
0.999981
1
0.999968
0.99997
0.999958
0.999867
0.999885
0.999893
0.999923
0.999913
0.999931
0.999941
0.999954
0.999969
0.99998
0.999962
0.999989
1.00001
1.00008
1.00006
1.00007
1.0001
1.0001
1.00013
1.00017
1.00014
1.00019
1.00014
1.00014
1.00012
