0
0
0.0136626
0.0166039
0.0122595
0.00981862
0.00816014
0.00787928
0.0113104
0.0105308
0.00965177
0.00878392
0.00934614
0.00915001
0.00879843
0.00834556
0.00786089
0.00775718
0.00843081
0.00827311
0.00797507
0.00759695
0.00730311
0.00724196
0.00705461
0.00683145
0.00657882
0.00636854
0.00614205
0.00595727
0.00577509
0.00558862
0.00569218
0.00558596
0.00542428
0.00535919
0.00529298
0.00538765
0.00524645
0.00515546
0.00552004
0.00540614
0.00528208
0.00516004
0.0050812
0.00535603
0.00531042
0.00521842
0.00518771
0.00509161
0.00502834
0.00495752
0.00487374
0.00479665
0.00475284
0.00470021
0.00461701
0.00453887
0.00446485
0.00443404
0.00442251
0.00437785
0.0044339
0.00437311
0.00440849
0.00434314
0.00432132
0.00425733
0.0042067
0.00414616
0.00410083
0.00404672
0.00400075
0.0039499
0.00392496
0.00390515
0.00386138
0.00384846
0.00383206
0.00378641
0.0037393
0.00370956
0.0036742
0.00368265
0.00364416
0.00360514
0.00358304
0.00357445
0.00354895
0.00350967
0.00347398
0.00345218
0.00347514
0.00344009
0.00343309
0.00339732
0.00339242
0.00338414
0.00334964
0.00331801
0.00331028
0.00327817
0.00325358
0.00322657
0.00320823
0.00321125
0.00319001
0.00316315
0.00313391
0.00310778
0.00309468
0.00306737
0.00305593
0.00307032
0.00304415
0.00302245
0.00300099
0.00297651
0.00295251
0.00294923
0.00293882
0.00292368
0.00295846
0.00293969
0.00292813
0.00290492
0.00296202
0.00296141
0.00293853
0.00291727
0.00289511
0.0028761
0.00285459
0.00284781
0.00286993
0.00284942
0.00283091
0.00281037
0.00279301
0.00277949
0.00275981
0.00279294
0.00277485
0.00279173
0.00277585
0.00275703
0.0027606
0.0027901
0.00277723
0.00276367
0.00274524
0.00273505
0.00273359
0.00273196
0.00271813
0.00270722
0.0026936
0.00267687
0.00267013
0.00267105
0.00265595
0.00263951
0.00264906
0.00263356
0.00261978
0.00260392
0.00261967
0.00260418
0.00259261
0.00259137
0.0025803
0.00257173
0.00256782
0.00255314
0.00254038
0.00253095
0.00251782
0.00250561
0.00249459
0.00248967
0.00248364
0.00247129
0.00246535
0.00245767
0.00244481
0.00243862
0.00242576
0.00241528
0.00240429
0.00241741
0.00240469
0.00239767
0.00240407
0.00239215
0.00239341
0.00238114
0.00237057
0.002363
0.00235227
0.00234548
0.00233462
0.00232746
0.00231649
0.00230635
0.00229505
0.00228477
0.0022765
0.00227055
0.0022616
0.00225698
0.00225411
0.00224528
0.00223471
0.00222701
0.00222004
0.00221171
0.00220694
0.00220021
0.00220025
0.00219213
0.00218693
0.00218128
0.00217306
0.00216709
0.00218792
0.0021835
0.0021755
0.00218011
0.00217068
0.00216245
0.00215483
0.00214587
0.00213712
0.00212834
0.0021195
0.00211315
0.0021054
0.00209656
0.00208983
0.0020819
0.00207385
0.00206552
0.00205699
0.0020488
0.00204342
0.00204406
0.00204582
0.0020401
0.00203241
0.00203583
0.00202822
0.00202664
0.00202109
0.00201544
0.00202075
0.00201287
0.00200925
0.00200466
0.00199757
0.00199223
0.00198488
0.00197785
0.00197947
0.00197744
0.0019802
0.00197465
0.00196947
0.00196458
0.00195726
0.00195012
0.0019431
0.00193597
0.00193734
0.00193161
0.00194386
0.00193772
0.00193256
0.0019326
0.00192781
0.00192997
0.00192308
0.00191961
0.00191284
0.00190609
0.00190352
0.00191061
0.00191276
0.00190763
0.00190134
0.0018948
0.00189018
0.0018839
0.00187828
0.00187296
0.00187034
0.00186437
0.00188438
0.00187804
0.00188355
0.00188317
0.00187701
0.00187173
0.00186554
0.00186266
0.00186043
0.00186346
0.0018583
0.00185852
0.0018591
0.00185334
0.00184917
0.00184716
0.00184124
0.00184074
0.0018349
0.00184003
0.0018343
0.00182855
0.00182622
0.00182054
0.00181565
0.00181007
0.00180622
0.00180396
0.00179859
0.00179498
0.00178988
0.00178836
0.00178566
0.00178731
0.00178964
0.00179187
0.00178658
0.00178153
0.00177747
0.00177229
0.00176719
0.0017628
0.0017582
0.00175498
0.0017506
0.00174792
0.00174335
0.00173828
0.00173884
0.00173487
0.00172986
0.00175421
0.00174919
0.00174888
0.00176268
0.00175772
0.00175272
0.00174776
0.00174852
0.00174597
0.00174619
0.00175266
0.00174793
0.00174366
0.0017461
0.00175123
0.00175098
0.0017462
0.0017452
0.00174076
0.00173602
0.00173175
0.00173036
0.00173074
0.0017262
0.0017221
0.00172187
0.00171726
0.00171606
0.001718
0.00171389
0.00170966
0.00170533
0.0017029
0.00169845
0.001695
0.00169494
0.00169134
0.00168747
0.00169094
0.00168673
0.00168241
0.00167984
0.00168452
0.00168021
0.00168253
0.00167841
0.00167465
0.00167075
0.00167361
0.00167128
0.00166827
0.00166551
0.00166205
0.00166071
0.00165891
0.00165538
0.00165262
0.00164929
0.00164523
0.0016417
0.00164352
0.00163962
0.00163562
0.00163179
0.00162816
0.00162817
0.00162548
0.00162623
0.00162236
0.00161937
0.00161626
0.00161243
0.00160884
0.00160915
0.00160579
0.00160238
0.00159968
0.00159591
0.00159226
0.00160369
0.00160127
0.00159799
0.00159426
0.00160378
0.00160354
0.00160113
0.00160087
0.00159801
0.00159633
0.00159285
0.00158931
0.00158974
0.00158612
0.00158307
0.00158388
0.00158054
0.00158666
0.0015833
0.00157975
0.00157673
0.00157376
0.00157709
0.00157523
0.00157553
0.00157677
0.0015735
0.00157085
0.00156741
0.00156401
0.00156066
0.00155724
0.00155467
0.00155137
0.00155003
0.00154805
0.00154579
0.00154396
0.00154384
0.00154062
0.00153867
0.00154309
0.00154326
0.00154036
0.00154175
0.0015387
0.00153573
0.00153355
0.00153283
0.00153007
0.0015273
0.00152416
0.00152132
0.00151951
0.00151648
0.00151426
0.00151707
0.00151455
0.00151214
0.00150937
0.0015073
0.0015056
0.0015034
0.00150079
0.00149776
0.00149605
0.00149741
0.00149835
0.00149812
0.00149518
0.00149297
0.00149129
0.00149537
0.00149243
0.00149164
0.00149935
0.00149659
0.00149737
0.00149447
0.0014968
0.00149395
0.00149144
0.00148957
0.00149132
0.00148842
0.00148897
0.00148631
0.00148442
0.00148257
0.00147975
0.00147692
0.00147598
0.00147497
0.00147221
0.00147241
0.00147038
0.00147004
0.00146733
0.00146515
0.00146236
0.00145958
0.00145866
0.00145611
0.00145436
0.00145185
0.00144918
0.00144741
0.00144475
0.00144211
0.00144223
0.00144165
0.00144179
0.00143996
0.00143729
0.00143622
0.00143361
0.00143239
0.00143113
0.00142909
0.00142856
0.00142598
0.0014262
0.00142376
0.00142117
0.00141864
0.00141763
0.00141687
0.00141431
0.00141176
0.00140922
0.00140674
0.0014043
0.00140284
0.0014011
0.0013986
0.00139673
0.0013945
0.00139227
0.0013918
0.00138938
0.00138693
0.00138448
0.00138719
0.00138955
0.00138717
0.00138479
0.0013837
0.00138195
0.00137955
0.00137715
0.00137514
0.00137397
0.00137234
0.00136998
0.00136768
0.00136709
0.00137243
0.00137063
0.00137184
0.00137166
0.00136933
0.00136803
0.0013667
0.00136438
0.00136531
0.00136349
0.00136412
0.00136184
0.00136384
0.00136198
0.00136031
0.00135804
0.00135671
0.00135446
0.00135467
0.00135299
0.00135148
0.00134924
0.00134702
0.00134485
0.00134308
0.00134101
0.00134115
0.001339
0.00133918
0.00133806
0.00133645
0.00133979
0.00133906
0.00133696
0.00133551
0.00133718
0.00133581
0.00133392
0.0013319
0.00133235
0.00133475
0.0013353
0.00133329
0.00133115
0.00132903
0.00132772
0.00132562
0.00132426
0.00132215
0.0013215
0.0013198
0.00132317
0.00132111
0.00131914
0.00131717
0.00131526
0.00131474
0.00131346
0.00131186
0.00131091
0.00131079
0.0013095
0.00130801
0.00130758
0.00130676
0.00130495
0.00130479
0.00130302
0.00130112
0.00129953
0.00129756
0.00129645
0.00129787
0.00129766
0.001297
0.00129558
0.00129384
0.00129196
0.00129268
0.00129182
0.00129223
0.00129189
0.00129002
0.00128839
0.00128646
0.00128859
0.00128784
0.0012867
0.00128502
0.00128445
0.0012826
0.00128246
0.00128165
0.00127981
0.00127962
0.00127784
0.00127611
0.00127436
0.00127299
0.00127112
0.00127285
0.00127559
0.00127385
0.00127199
0.0012707
0.00126942
0.00126757
0.0012674
0.00126564
0.00126468
0.00126286
0.00126127
0.00125951
0.0012588
0.00125794
0.00125737
0.00125588
0.00125486
0.00125414
0.00125279
0.00125155
0.00125127
0.00125026
0.00124865
0.00124691
0.00124634
0.00124467
0.0012431
0.00124157
0.00123994
0.0012406
0.00124001
0.00123835
0.00123912
0.00123741
0.00123569
0.00123443
0.0012337
0.00123405
0.00123235
0.00123086
0.0012292
0.00122751
0.00122711
0.00122818
0.00122805
0.00122686
0.00122547
0.00122394
0.00122245
0.00122083
0.00121917
0.00121751
0.00121621
0.00121498
0.00121338
0.00121183
0.00121044
0.00120928
0.00120887
0.00120778
0.00120616
0.00120535
0.00120589
0.00120427
0.0012028
0.00120175
0.00120014
0.00119947
0.00119802
0.00119659
0.00119591
0.00119434
0.00119445
0.00119288
0.00119179
0.00119043
0.00118966
0.00118835
0.00118691
0.00118679
0.00118567
0.0011846
0.0011845
0.00118303
0.00118169
0.00118038
0.00118352
0.00118205
0.00118078
0.0011796
0.00117817
0.00117722
0.00117746
0.00117671
0.00117525
0.00117375
0.00117225
0.00117087
0.00116943
0.00116981
0.00116863
0.00116751
0.00116733
0.00116899
0.00116751
0.00116639
0.00116491
0.00116414
0.00116268
0.0011623
0.00116098
0.0011609
0.00115955
0.0011581
0.00115757
0.00115627
0.0011549
0.00115376
0.00115255
0.0011519
0.00115051
0.00114944
0.00114809
0.00114676
0.00114565
0.00114425
0.00114322
0.0011421
0.00114297
0.00114388
0.00114327
0.001142
0.00114065
0.00114011
0.00113873
0.00113903
0.00113806
0.00113763
0.00113653
0.00113573
0.00113491
0.00113442
0.00113306
0.00113223
0.00113092
0.00113195
0.00113058
0.00112997
0.00113
0.00112914
0.00113006
0.00112947
0.00112823
0.00112793
0.00112659
0.00112533
0.00112408
0.00112305
0.00112434
0.00112456
0.00112359
0.00112227
0.00112297
0.00112362
0.00112259
0.00112249
0.00112142
0.0011204
0.00111932
0.00111808
0.00111719
0.00111682
0.00111606
0.00111478
0.00111531
0.00111436
0.00111334
0.0011125
0.0011113
0.00111026
0.00110911
0.00110975
0.00110849
0.00110813
0.00110694
0.00110615
0.00110662
0.00110539
0.00110571
0.00110507
0.00110782
0.00110816
0.0011069
0.00110567
0.00110498
0.00110485
0.00110366
0.00110278
0.00110157
0.00110034
0.0010991
0.00109857
0.00109732
0.00109635
0.00109517
0.00109446
0.00109476
0.00109357
0.00109306
0.00109193
0.00109103
0.00108983
0.00108885
0.00108917
0.00108799
0.0010877
0.00108675
0.00108661
0.00108554
0.00108443
0.00108327
0.00108209
0.0010811
0.00108141
0.0010804
0.0010793
0.00107811
0.00107692
0.00107614
0.00107701
0.00107595
0.00107491
0.0010739
0.00107275
0.00107223
0.00107108
0.00106995
0.00106881
0.00106769
0.00106683
0.00106664
0.00106577
0.00106691
0.00106635
0.00106574
0.00106494
0.00106409
0.0010636
0.00106288
0.00106213
0.00106101
0.00106002
0.00105893
0.00105801
0.00105712
0.00105679
0.00105583
0.00105472
0.00105369
0.00105345
0.00105444
0.00105686
0.00105795
0.00105718
0.00105674
0.00105563
0.00105722
0.00105629
0.00105535
0.00105439
0.0010538
0.0010528
0.00105172
0.00105167
0.00105186
0.00105092
0.00105206
0.00105114
0.00105125
0.00105116
0.00105175
0.00105072
0.00105014
0.00104907
0.00104857
0.00104756
0.00104667
0.00104697
0.00104611
0.00104561
0.00104454
0.00104353
0.00104644
0.00104553
0.00104449
0.00104384
0.00104281
0.0010419
0.00104089
0.00103991
0.00103896
0.00103796
0.00103706
0.00103636
0.00103554
0.00103695
0.00103609
0.00103505
0.00103475
0.00103372
0.00103328
0.00103291
0.00103227
0.00103226
0.0010324
0.00103136
0.00103062
