0.973894
0.918916
0.973894
1.01316
0.992743
1.01055
1.01653
1.02494
1.01753
1.00688
0.99817
1.00138
1.00773
1.01316
1.01055
1.01218
1.00808
1.00705
1.002
1.00217
1.00606
1.00031
1.00258
1.00073
1.00154
1.00168
1.00531
1.00475
1.00639
1.00479
1.0048
1.00236
1.00436
1.01039
1.0089
1.0088
1.00913
1.01027
1.00934
1.00806
1.00799
1.00531
1.00093
1.00281
1.00287
1.00429
1.00865
1.00989
1.00948
1.00845
1.00747
1.00984
1.00798
1.00735
1.00588
1.00559
1.00531
1.00368
1.00478
1.00557
1.00711
1.0086
1.01005
1.00825
1.00869
1.00602
1.00508
1.00554
1.0069
1.00553
1.0073
1.00836
1.00682
1.00743
1.00657
1.00779
1.00898
1.00914
1.00869
1.00767
1.00841
1.00723
1.00891
1.00755
1.00642
1.00604
1.00585
1.00549
1.00619
1.00566
1.00669
1.00599
1.00615
1.00648
1.0068
1.00596
1.00612
1.00627
1.00594
1.00468
1.00438
1.00331
1.00378
1.0041
1.00366
1.00309
1.00193
1.00342
1.00272
1.00245
1.00248
1.00377
1.00267
1.00379
1.00367
1.00382
1.00209
1.00198
1.00214
1.00243
1.00232
1.00158
1.00135
1.00126
1.00104
1.0012
1.00123
1.00138
1.00153
1.00132
1.00075
1.00067
1.0007
1.00132
1.00147
1.00196
1.0021
1.00087
0.999998
1.00049
0.999962
1.00033
1.00037
1.00051
1.00054
1.00025
1.00082
1.00064
0.999406
0.999026
0.999172
0.998592
0.998328
0.997558
0.997709
0.997154
0.997306
0.997257
0.996814
0.996474
0.997309
0.996971
0.997311
0.996689
0.996456
0.995942
0.996186
0.996334
0.996294
0.995608
0.996307
0.996086
0.996684
0.996733
0.997231
0.997366
0.998387
0.998691
0.99864
0.998852
0.999148
0.998578
0.9987
0.997968
0.998262
0.998216
0.998758
0.999127
0.999907
0.999771
1.00021
1.00065
1.00108
1.0015
1.00088
1.00034
1.00076
1.00087
1.00089
1.00091
1.00086
1.00072
1.00105
1.00115
1.00125
1.00173
1.00167
1.00184
1.00148
1.00142
1.00129
1.00109
1.00044
1.00024
1.00005
1.00015
1.00053
1.00063
1.00065
1.00095
1.00069
1.00007
0.999322
0.998788
0.998817
0.998707
0.999082
0.999385
0.998862
0.998139
0.998646
0.998674
0.998635
0.998395
0.998625
0.998787
0.998417
0.999106
0.998934
0.99883
0.998987
0.998949
0.99891
0.998614
0.998706
0.999052
0.998823
0.998342
0.998244
0.998335
0.998426
0.998141
0.997921
0.99795
0.998164
0.998376
0.998525
0.999039
0.998881
0.999147
0.99881
0.998475
0.998919
0.999122
0.999086
0.998873
0.998662
0.998511
0.998653
0.998212
0.997543
0.997456
0.997542
0.9978
0.997884
0.998139
0.997938
0.998247
0.997934
0.998017
0.998322
0.998737
0.998927
0.99917
0.999192
0.998939
0.998578
0.99871
0.999005
0.99881
0.998346
0.999016
0.999091
0.999219
0.999506
0.999578
0.999439
0.998984
0.998848
0.99866
0.99863
0.998444
0.998
0.997817
0.997327
0.997558
0.997686
0.997507
0.997379
0.997557
0.996976
0.997305
0.99728
0.997356
0.99753
0.997655
0.997778
0.997999
0.99812
0.998143
0.998165
0.997895
0.997918
0.998231
0.997866
0.997938
0.997576
0.997695
0.997336
0.997265
0.996815
0.996509
0.996489
0.996562
0.996635
0.996474
0.996267
0.996015
0.995903
0.996023
0.996281
0.996353
0.996196
0.996725
0.99675
0.996775
0.996618
0.996598
0.996308
0.996154
0.996225
0.99634
0.996098
0.996169
0.996283
0.996308
0.996422
0.99649
0.99669
0.996321
0.996564
0.996544
0.996871
0.996895
0.996875
0.997026
0.997092
0.996517
0.996455
0.996225
0.996249
0.996316
0.996255
0.996154
0.996639
0.996704
0.996727
0.996583
0.996565
0.996877
0.997188
0.99725
0.997189
0.997088
0.997109
0.99713
0.996908
0.996646
0.996991
0.997214
0.997235
0.996895
0.997036
0.997057
0.997157
0.997257
0.997278
0.997416
0.997397
0.997416
0.997828
0.998042
0.997982
0.998078
0.997902
0.99792
0.997938
0.998033
0.997897
0.997992
0.998239
0.99818
0.998159
0.99829
0.998269
0.998286
0.998341
0.998545
0.998749
0.998765
0.998855
0.998684
0.99896
0.999012
0.998879
0.998599
0.998504
0.998336
0.998353
0.998186
0.998312
0.998656
0.998744
0.998722
0.998521
0.9985
0.998696
0.998675
0.998726
0.998598
0.998863
0.998806
0.998856
0.998835
0.998603
0.998407
0.998703
0.998718
0.998803
0.998922
0.998901
0.99895
0.999033
0.998805
0.998785
0.998799
0.998676
0.99869
0.998465
0.998617
0.998631
0.998544
0.998592
0.998404
0.998689
0.998635
0.998751
0.998798
0.998879
0.998692
0.999006
0.999053
0.999133
0.999113
0.999159
0.999238
0.998888
0.998967
0.999112
0.999026
0.999137
0.999248
0.998838
0.998786
0.998962
0.999169
0.999278
0.999194
0.999238
0.999059
0.999327
0.99918
0.999001
0.998918
0.998995
0.999039
0.998862
0.999127
0.999077
0.999121
0.999321
0.999458
0.999314
0.999263
0.999431
0.999505
0.999485
0.999496
0.999508
0.999827
0.999684
0.999879
0.999921
1.00008
0.999972
0.999708
0.999658
0.999791
0.999832
0.999963
0.999943
0.999953
0.999964
1.00018
1.0001
0.999964
0.999915
0.999895
0.999935
0.999945
0.999955
0.999877
0.999769
0.999632
0.999291
0.999419
0.99943
0.999149
0.999306
0.999259
0.999299
0.999282
0.999437
0.999535
0.999459
0.999498
0.999624
0.999777
0.99973
0.999683
0.999979
1.00013
0.999884
0.999752
0.999819
0.999772
0.999698
0.999651
0.99983
0.999503
0.999486
0.999608
0.999646
0.999377
0.999332
0.999176
0.999326
0.999309
0.999126
0.999164
0.999313
0.998966
0.999114
0.998906
0.999054
0.998928
0.998912
0.99876
0.9985
0.998756
0.998632
0.998427
0.998331
0.998478
0.998087
0.998206
0.998058
0.998337
0.998269
0.998281
0.998133
0.998066
0.997999
0.997826
0.997733
0.997693
0.997679
0.997429
0.997574
0.997587
0.997678
0.997873
0.997729
0.997846
0.997754
0.997844
0.997727
0.997817
0.997984
0.997971
0.997777
0.997969
0.997981
0.998198
0.998107
0.998042
0.99785
0.997684
0.997722
0.997582
0.997772
0.997935
0.99772
0.997582
0.997493
0.99728
0.997393
0.997406
0.997343
0.997406
0.997418
0.997307
0.997344
0.997282
0.997443
0.997505
0.997271
0.997136
0.99705
0.996916
0.996929
0.996893
0.99693
0.99687
0.997005
0.997067
0.997079
0.997068
0.997032
0.996924
0.997058
0.99695
0.996914
0.996831
0.996844
0.996833
0.996798
0.996907
0.996896
0.996789
0.996897
0.997029
0.997231
0.997408
0.99742
0.997432
0.997491
0.997644
0.997702
0.997807
0.997936
0.997876
0.997957
0.997945
0.997816
0.997827
0.997746
0.997641
0.99756
0.99771
0.997675
0.997525
0.997536
0.997502
0.997559
0.997479
0.997444
0.99725
0.997079
0.997069
0.997035
0.996934
0.996968
0.997184
0.997399
0.997365
0.997377
0.997186
0.997242
0.997231
0.997265
0.997142
0.997199
0.997299
0.997266
0.997211
0.997289
0.9973
0.997267
0.997257
0.997157
0.997125
0.997114
0.99717
0.997181
0.997149
0.997269
0.997368
0.997357
0.997499
0.997379
0.997499
0.997553
0.997694
0.99777
0.997823
0.997791
0.997866
0.997747
0.997606
0.997681
0.997885
0.997874
0.997948
0.997894
0.998011
0.997765
0.99786
0.997679
0.997689
0.997721
0.99754
0.997445
0.997287
0.997255
0.997392
0.997424
0.997498
0.997508
0.99733
0.997487
0.997706
0.997779
0.997747
0.997716
0.997726
0.997653
0.997621
0.997735
0.997704
0.99761
0.997579
0.997651
0.99762
0.997569
0.997497
0.99763
0.997722
0.997588
0.9977
0.997812
0.997781
0.99773
0.997821
0.997831
0.99782
0.997809
0.997759
0.997788
0.997899
0.997808
0.997877
0.997787
0.997776
0.997646
0.997695
0.997585
0.997635
0.997705
0.997635
0.997684
0.997832
0.997901
0.998029
0.998058
0.998107
0.998096
0.998145
0.997878
0.997868
0.997799
0.997867
0.997759
0.997944
0.997992
0.997904
0.998088
0.998136
0.998009
0.998134
0.998124
0.998075
0.998103
0.998208
0.998275
0.998322
0.998292
0.998301
0.998463
0.998548
0.998575
0.998621
0.998725
0.998904
0.998931
0.998958
0.998966
0.998973
0.998905
0.999102
0.999091
0.999155
0.999162
0.998981
0.998914
0.998902
0.99906
0.998918
0.998832
0.998914
0.998885
0.998892
0.998825
0.998889
0.998896
0.998978
0.99919
0.999104
0.99913
0.999026
0.999034
0.999023
0.999067
0.999001
0.999008
0.99885
0.998876
0.998975
0.998745
0.998606
0.998596
0.99864
0.998575
0.998546
0.998554
0.998617
0.998606
0.998632
0.99864
0.998521
0.998601
0.998573
0.998544
0.998606
0.998614
0.998621
0.998593
0.998493
0.998501
0.998616
0.998677
0.998791
0.998728
0.998735
0.99876
0.998803
0.998828
0.998888
0.998719
0.998638
0.998663
0.998776
0.998819
0.998703
0.99857
0.99835
0.998358
0.99833
0.998286
0.998311
0.998197
0.998239
0.998247
0.998272
0.998332
0.998288
0.998226
0.998476
0.998536
0.998388
0.998413
0.998455
0.998445
0.998521
0.998288
0.998279
0.998286
0.998226
0.998165
0.998019
0.997959
0.998086
0.998094
0.99817
0.998194
0.9981
0.998057
0.998082
0.998157
0.99803
0.997987
0.998214
0.998188
0.998078
0.997867
0.997909
0.997866
0.997807
0.997682
0.997723
0.997731
0.997923
0.997964
0.997855
0.997896
0.997954
0.997912
0.99782
0.997878
0.99777
0.997745
0.997852
0.99781
0.997769
0.99776
0.997899
0.997973
0.997997
0.997939
0.99793
0.99784
0.997717
0.997823
0.99783
0.997757
0.99783
0.997854
0.997991
0.997901
0.997909
0.997884
0.998005
0.998013
0.998036
0.997963
0.998035
0.998107
0.998194
0.998202
0.998289
0.998424
0.998335
0.998422
0.998413
0.998405
0.998396
0.998291
0.998251
0.998242
0.998217
0.998288
0.998437
0.998302
0.998167
0.998221
0.998292
0.998267
0.99829
0.998234
0.998304
