0
0.00462807
0.0037791
0.00692211
0.00717589
0.00836291
0.00884828
0.0119578
0.0128163
0.0144053
0.0153111
0.0143579
0.0151525
0.017313
0.0169093
0.0219657
0.023524
0.0255967
0.0272211
0.0265363
0.026195
0.0247916
0.0246017
0.0255107
0.0289889
0.0318848
0.0354069
0.0359515
0.0377684
0.0457773
0.0451886
0.0491094
0.0509169
0.0551888
0.053454
0.0568096
0.0548025
0.0503821
0.0506438
0.0506262
0.0533026
0.0526919
0.0504743
0.0490049
0.0505669
0.0521685
0.0533909
0.0543726
0.0532785
0.0559081
0.0594982
0.0557991
0.0574589
0.0561553
0.0584705
0.0606178
0.0597666
0.0622675
0.0648229
0.0624695
0.0721543
0.0743954
0.0763342
0.0708222
0.0692607
0.0698224
0.0721401
0.0775931
0.0733029
0.0769863
0.0820356
0.0811643
0.0896154
0.0860809
0.0837289
0.0850055
0.0890565
0.0910298
0.0937203
0.0966809
0.0988515
0.0997319
0.0976748
0.0995201
0.103151
0.101841
0.109385
0.109429
0.112545
0.118512
0.122342
0.120752
0.122389
0.12432
0.130276
0.133595
0.133486
0.1309
0.132036
0.13153
