1
1.31477
1.61377
1.85364
2.07057
2.25976
2.44662
2.60894
2.77021
2.91867
3.06946
3.20194
3.33572
3.46192
3.58668
3.70755
3.83088
3.93675
4.03825
4.14037
4.24634
4.34123
4.44509
4.54136
4.63838
4.72478
4.80885
4.90154
4.98219
5.07628
5.16622
5.24603
5.32366
5.39692
5.4682
5.54844
5.61699
5.68985
5.77285
5.85523
5.92794
5.9936
6.06438
6.13305
6.20142
6.27405
6.34914
6.40879
6.47779
6.54257
6.60042
6.66712
6.71829
6.78118
6.83827
6.89608
6.95816
7.01516
7.08034
7.1595
7.21475
7.27885
7.33115
7.38479
7.43647
7.50338
7.55308
7.60616
7.6746
7.71404
7.77672
7.82266
7.88581
7.92321
7.9839
8.04022
8.09583
8.15788
8.21356
8.26471
8.304
8.36028
8.4164
8.46762
8.51092
8.57187
8.61875
8.67437
8.71285
8.76236
8.80524
8.85695
8.89988
8.94809
8.99793
9.04351
9.09079
9.14896
9.19054
9.2339
