1
1.27779
1.62968
1.84772
2.08995
2.27066
2.46739
2.63051
2.79603
2.93878
3.09212
3.20963
3.34683
3.47158
3.59632
3.71039
3.82735
3.9287
4.02826
4.13275
4.24001
4.33021
4.42994
4.52059
4.61217
4.69961
4.79189
4.8726
4.96149
5.05011
5.14604
5.2285
5.30078
5.38005
5.46391
5.54916
5.62641
5.69355
5.76944
5.84321
5.92653
5.98279
6.0634
6.12786
6.20404
6.27434
6.35211
6.41791
6.47422
6.54909
6.60533
6.67505
6.72726
6.78278
6.83778
6.90018
6.95723
7.01533
7.08313
7.13821
7.20174
7.25973
7.31379
7.37446
7.43545
7.49067
7.55073
7.60288
7.66922
7.72021
7.78082
7.83384
7.88504
7.93433
7.99699
8.05061
8.10611
8.15067
8.20369
8.24555
8.30018
8.33823
8.38432
8.43788
8.48244
8.54384
8.59443
8.64302
8.6817
8.73294
8.78716
8.83047
8.88567
8.92669
8.97692
9.02079
9.07153
9.12236
9.16783
9.22071
