0
0.00257361
0.00390773
0.00555262
0.00707738
0.00801697
0.0097351
0.0131964
0.0145923
0.0166584
0.017779
0.0183296
0.0160629
0.0202908
0.0207459
0.0244305
0.0264828
0.0274242
0.0271999
0.0287121
0.0292931
0.0310899
0.0317744
0.0333464
0.0378277
0.0412964
0.0435155
0.0460551
0.0503567
0.0524734
0.0556286
0.0542979
0.0524429
0.0569709
0.0575417
0.0584848
0.0604554
0.0613552
0.0616481
0.0632655
0.0671811
0.0656721
0.0607454
0.0656728
0.0747989
0.0740109
0.0759354
0.0796111
0.0809588
0.0799516
0.0741034
0.072285
0.0738601
0.0756166
0.0765177
0.0786056
0.0815837
0.0825661
0.0884796
0.0938112
0.101611
0.107687
0.102904
0.102291
0.109854
0.114674
0.121725
0.123328
0.127002
0.132569
0.141727
0.141304
0.141121
0.141984
0.137257
0.144877
0.147549
0.146245
0.14437
0.146637
0.147225
0.143764
0.146691
0.140878
0.147334
0.143603
0.15214
0.155185
0.161959
0.166292
0.162087
0.159864
0.156845
0.153192
0.155423
0.160181
0.163089
0.168786
0.164062
0.171802
