0 2512.8
1 2228.31
2 2041.22
3 1931.18
4 1816.36
5 1713.32
6 1608.23
7 1549.13
8 1495.21
9 1404.79
10 1321.67
11 1265.02
12 1210.99
13 1146.61
14 1088.46
15 1056.34
16 1017.7
17 991.742
18 960.366
19 921.922
20 906.967
21 890.646
22 869.022
23 838.167
24 822.811
25 805.211
26 782.377
27 762.231
28 742.12
29 725.088
30 706.126
31 684.444
32 675.823
33 671.265
34 662.673
35 655.517
36 638.038
37 622.469
38 610.037
39 602.077
40 595.389
41 590.342
42 584.616
43 576.081
44 569.926
45 540.743
46 518.646
47 510.429
48 506.156
49 504.892
50 501.7
51 495.961
52 493.08
53 489.676
54 486.953
55 483.683
56 479.828
57 463.114
58 436.954
59 418.899
60 402.188
61 400.737
62 388.25
63 378.652
64 376.986
65 359.097
66 349.124
67 348.146
68 347.712
69 345.852
70 342.477
71 339.101
72 336.631
73 334.554
74 331.649
75 330.213
76 329.331
77 325.179
78 320.443
79 316.713
80 310.442
81 309.73
82 309.708
83 306.761
84 302.234
85 294.626
86 283.844
87 276.873
88 275.713
89 275.713
90 275.713
91 275.713
92 275.713
93 275.713
94 275.713
95 275.713
96 275.713
97 275.713
98 275.713
99 275.673
100 272.892
101 269.756
102 268.06
103 267.206
104 265.611
105 264.277
106 264.275
107 263.984
108 263.688
109 261.145
110 259.144
111 258.76
112 257.4
113 256.705
114 256.698
115 255.118
116 253.304
117 249.501
118 244.774
119 242.645
120 240.249
121 240.191
122 240.189
123 239.833
124 239.297
125 238.458
126 237.037
127 235.833
128 233.445
129 231.264
130 231.264
131 231.264
132 231.264
133 231.151
134 229.933
135 227.602
136 226.551
137 226.086
138 225.525
139 225.525
140 225.503
141 223.742
142 222.481
143 220.496
144 218.643
145 218.41
146 216.821
147 215.096
148 212.058
149 209.244
150 208.519
151 208.453
152 205.941
153 203.641
154 202.089
155 201.196
156 198.24
157 196.685
158 194.747
159 184.757
160 172.766
161 168.061
162 164.383
163 162.7
164 158.923
165 155.743
166 154.213
167 153.561
168 152.139
169 150.65
170 150.65
171 150.65
172 150.649
173 150.23
174 150.002
175 149.156
176 148.525
177 147.997
178 147.018
179 145.936
180 145.936
181 145.936
182 145.936
183 145.934
184 145.508
185 144.846
186 144.771
187 143.336
188 142.634
189 142.241
190 141.143
191 140.168
192 139.319
193 139.193
194 139.192
195 138.934
196 138.608
197 137.708
198 136.178
199 135.551
200 135.029
201 134.839
202 134.839
203 134.839
204 134.839
205 134.838
206 134.637
207 134.537
208 134.535
209 133.993
210 133.523
211 133.523
212 133.523
213 133.523
214 133.523
215 133.521
216 133.066
217 131.824
218 130.996
219 130.996
220 130.996
221 130.994
222 130.691
223 130.185
224 130.02
225 129.007
226 128.576
227 128.366
228 128.085
229 128.085
230 128.085
231 128.085
232 128.085
233 128.085
234 128.085
235 128.084
236 127.947
237 127.768
238 127.768
239 127.768
240 127.768
241 127.768
242 127.766
243 127.251
244 126.789
245 126.789
246 126.777
247 124.495
248 117.67
249 114.057
250 114.004
251 114.004
252 114.004
253 114.004
254 114.004
255 114.004
256 114.004
257 114.004
258 114.004
259 114.004
260 114.004
261 113.998
262 113.162
263 112.408
264 112.408
265 112.408
266 112.408
267 112.408
268 112.408
269 112.408
270 112.408
271 112.401
272 112.395
273 112.395
274 112.395
275 112.395
276 112.395
277 112.395
278 112.395
279 112.395
280 112.395
281 112.393
282 111.729
283 111.416
284 111.415
285 111.135
286 110.69
287 110.209
288 110.073
289 110.073
290 110.073
291 110.073
292 109.963
293 109.903
294 109.903
295 109.903
296 109.903
297 109.903
298 109.903
299 109.902
300 109.79
301 108.593
302 108.211
303 108.211
304 108.211
305 108.211
306 108.209
307 107.976
308 107.814
309 107.814
310 107.814
311 107.814
312 107.814
313 107.814
314 107.814
315 107.814
316 107.814
317 107.813
318 107.663
319 107.439
320 107.439
321 107.437
322 106.679
323 106.277
324 106.277
325 106.277
326 106.277
327 106.277
328 106.277
329 106.277
330 106.271
331 105.509
332 104.811
333 104.811
334 104.811
335 104.811
336 104.811
337 104.811
338 104.811
339 104.811
340 104.811
341 104.811
342 104.811
343 104.811
344 104.811
345 104.811
346 104.81
347 104.685
348 104.48
349 104.48
350 104.48
351 104.48
352 104.48
353 104.48
354 104.48
355 104.48
356 104.48
357 104.48
358 104.471
359 102.527
360 102.153
361 102.153
362 102.153
363 102.153
364 102.153
365 102.153
366 102.153
367 102.153
368 102.11
369 101.789
370 101.699
371 101.65
372 101.65
373 101.65
374 101.65
375 101.65
376 101.65
377 101.649
378 101.347
379 101.119
380 101.119
381 101.119
382 101.119
383 101.119
384 101.114
385 100.108
386 98.3657
387 97.6506
388 97.648
389 97.0052
390 96.3985
391 96.3634
392 96.0108
393 95.5487
394 95.5487
395 95.5487
396 95.5487
397 95.5487
398 95.9559
399 99.522
400 108.645
401 114.039
402 133.042
403 141.067
404 130.332
405 129.666
406 136.104
407 141.819
408 142.545
409 140.475
410 144.665
411 143.124
412 138.088
413 146.074
414 140.331
415 136.761
416 136.17
417 141.995
418 138.879
419 139.797
420 142.927
421 165.978
422 155.775
423 150.344
424 151.465
425 175.576
426 164.021
427 157.363
428 167.255
429 164.579
430 157.839
431 160.002
432 164.157
433 157.429
434 150.835
435 158.403
436 179.824
437 174.633
438 171.582
439 169.016
440 162.391
441 161.712
442 180.405
443 173.906
444 158.418
445 169.597
446 174.116
447 174.436
448 162.871
449 185.46
450 175.576
451 181.444
452 197.832
453 204.986
454 230.005
455 242.39
456 244.898
457 240.134
458 237.32
459 242.875
460 282.382
461 256.335
462 245.207
463 278.173
464 263.584
465 287.091
466 272.079
467 247.751
468 258.715
469 229.45
470 253.765
471 247.134
472 251.383
473 258.427
474 274.607
475 276.441
476 279.139
477 269.788
478 248.303
479 337.358
480 308.476
481 305.348
482 328.628
483 307.009
484 325.674
485 313.502
486 330.073
487 310.758
488 288.025
489 274.019
490 282.096
491 289.571
492 240.933
493 301.176
494 337.293
495 324.397
496 315.037
497 326.572
498 279.704
499 326.174
500 286.824
501 279.685
502 342.704
503 308.088
504 262.419
505 268.76
506 281.061
507 370.221
508 281.493
509 277.627
510 260.834
511 298.547
512 323.142
513 354.436
514 335.942
515 325.772
516 335.408
517 361.848
518 356.221
519 289.391
520 313.81
521 296.834
522 369.108
523 355.728
524 385.146
525 369.324
526 335.331
527 403.587
528 341.026
529 350.482
530 321.417
531 329.319
532 361.678
533 304.792
534 346.39
535 334.47
536 346.267
537 315.433
538 397.434
539 378.202
540 402.351
541 383.872
542 415.8
543 433.679
544 382.962
545 328.124
546 317.22
547 342.69
548 356.297
549 400.466
550 338.633
551 410.434
552 395.843
553 416.21
554 395.033
555 410.613
556 396.953
557 378.797
558 395.409
559 361.939
560 282.361
561 385.433
562 417.582
563 395.185
564 378.16
565 334.983
566 360.861
567 359.104
568 395.858
569 385.283
570 309.142
571 313.601
572 383.953
573 334.401
574 374.532
575 403.886
576 393.655
577 354.264
578 396.283
579 342.986
580 357.575
581 393.242
582 366.047
583 434.668
584 446.889
585 443.46
586 352.687
587 405.174
588 434.432
589 281.218
590 297.154
591 396.875
592 406.413
593 389.175
594 387.05
595 316.652
596 330.054
597 413.902
598 342.753
599 375.301
600 383.25
601 335.488
602 426.46
603 377.388
604 451.119
605 380.916
606 377.943
607 376.454
608 383.533
609 369.47
610 390.961
611 357.532
612 308.278
613 320.517
614 330.488
615 413.326
616 344.338
617 437.371
618 423.043
619 347.945
620 403.875
621 419.15
622 388.928
623 411.321
624 412.787
625 350.452
626 319.71
627 336.297
628 349.949
629 391.81
630 397.411
631 379.622
632 324.299
633 365.584
634 350.057
635 422.129
636 412.036
637 362.504
638 367.044
639 372.824
640 407.426
641 436.581
642 361.467
643 377.94
644 355.278
645 344.715
646 384.732
647 356.228
648 403.334
649 393.217
650 399.059
651 399.917
652 360.134
653 371.977
654 344.735
655 395.326
656 359.821
657 268.368
658 346.563
659 392.769
660 412.331
661 369.357
662 382.523
663 436.701
664 372.176
665 391.05
666 346.759
667 415.591
668 341.641
669 341.502
670 385.706
671 364.723
672 363.361
673 311.101
674 373.965
675 317.497
676 408.237
677 335.753
678 391.65
679 392.279
680 513.942
681 364.572
682 327.949
683 331.176
684 316.327
685 372.742
686 371.469
687 383.368
688 359.734
689 387.575
690 378.482
691 337.817
692 363.235
693 375.561
694 391.957
695 369.825
696 406.387
697 374.171
698 434.187
699 351.491
700 373.543
701 345.794
702 397.544
703 356.535
704 450.697
705 453.622
706 418.951
707 424.023
708 412.44
709 407.349
710 437.079
711 371.796
712 424.174
713 502.439
714 452.023
715 391.449
716 397.45
717 420.022
718 421.613
719 404.462
720 414.442
721 388.596
722 365.255
723 356.303
724 378.682
725 423.473
726 447.113
727 426.373
728 379.69
729 328.977
730 430.623
731 351.926
732 395.497
733 362.3
734 396.6
735 407.207
736 368.587
737 402.347
738 422.82
739 468.88
740 446.846
741 455.987
742 395.535
743 372.215
744 428.459
745 439.868
746 378.563
747 444.477
748 418.505
749 439.164
750 403.023
751 421.65
752 420.095
753 446.72
754 390.868
755 420.103
756 409.773
757 471.753
758 459.781
759 391.819
760 408.676
761 372.953
762 421.663
763 353.029
764 471.052
765 438.76
766 380.66
767 435.201
768 448.896
769 471.33
770 400.035
771 387.551
772 464.743
773 458.81
774 368.284
775 351.316
776 520.356
777 524.113
778 488.265
779 412.47
780 525.545
781 441.492
782 512.375
783 454.914
784 404.146
785 454.362
786 408.696
787 431.216
788 392.987
789 382.792
790 358.184
791 435.005
792 394.974
793 326.37
794 471.218
795 493.941
796 471.503
797 493.29
798 458.711
799 504.901
800 458.826
801 452.528
802 442.607
803 547.901
804 447.301
805 412.468
806 418.394
807 484.306
808 486.482
809 482.531
810 460.956
811 471.915
812 488.359
813 463.544
814 421.096
815 477.334
816 468.146
817 489.445
818 401.05
819 436.045
820 492.109
821 489.462
822 410.557
823 466.323
824 404.441
825 485.411
826 461.396
827 466.687
828 481.882
829 466.026
830 459.658
831 532.318
832 454.004
833 478.643
834 419.819
835 467.29
836 506.858
837 414.013
838 455.965
839 495.639
840 463.883
841 395.01
842 413.214
843 464.068
844 481.977
845 470.292
846 433.278
847 483.845
848 495.196
849 519.232
850 515.464
851 517.87
852 487.293
853 467.446
854 568.568
855 549.451
856 463.497
857 423.664
858 500.443
859 493.383
860 442.624
861 404.718
862 481.799
863 474.883
864 438.132
865 431.876
866 506.59
867 488.105
868 441.983
869 488.722
870 440.584
871 437.865
872 472.361
873 504.958
874 539.76
875 444.802
876 484.998
877 373.589
878 438.958
879 458.744
880 438.911
881 467.181
882 424.098
883 418.272
884 436.323
885 441.511
886 540.196
887 478.247
888 425.101
889 426.578
890 436.711
891 393.72
892 384.354
893 389.992
894 398.377
895 448.9
896 389.153
897 418.625
898 508.166
899 467.718
900 370.421
901 421.77
902 367.573
903 449.251
904 391.895
905 443.604
906 416.155
907 543.765
908 463.54
909 448.975
910 370.968
911 453.462
912 402.428
913 507.038
914 491.529
915 443.828
916 397.803
917 419.384
918 417.802
919 365.873
920 450.679
921 443.835
922 445.636
923 446.703
924 485.92
925 381.401
926 450.779
927 463.871
928 422.6
929 423.48
930 424.536
931 463.41
932 414.08
933 452.026
934 429.662
935 471.747
936 467.573
937 402.223
938 436.555
939 422.508
940 502.792
941 391.267
942 479.974
943 432.245
944 401.909
945 424.042
946 389.985
947 462.271
948 423.855
949 459.618
950 464.696
951 411.021
952 405.358
953 470.106
954 405.544
955 454.11
956 415.886
957 459.479
958 442.899
959 387.014
960 388.351
961 455.744
962 455.249
963 400.778
964 377.92
965 432.961
966 434.342
967 456.345
968 435.758
969 407.102
970 411.508
971 438.792
972 433.271
973 439.291
974 448.613
975 477.868
976 446.75
977 428.727
978 376.766
979 442.257
980 465.805
981 500.429
982 361.208
983 393.647
984 484.411
985 415.82
986 411.81
987 451.588
988 478.316
989 458.366
990 509.175
991 414.667
992 460.066
993 428.994
994 390.716
995 457.423
996 451.945
997 425.746
998 478.827
999 394.222
1000 378.743
1001 390.517
1002 374.543
1003 464.837
1004 455.372
1005 410.469
1006 445.394
1007 426.158
1008 457.661
1009 376.768
1010 459.807
1011 445.814
1012 459.006
1013 488.264
1014 445.748
1015 514.342
1016 430.924
1017 440.045
1018 409.329
1019 510.555
1020 379.657
1021 399.104
1022 494.862
1023 443.344
1024 441.231
1025 501.835
1026 478.556
1027 454.51
1028 413.903
1029 390.262
1030 381.83
1031 420.176
1032 436.621
1033 426.243
1034 430.303
1035 370.146
1036 396.224
1037 390.582
1038 414.58
1039 433.297
1040 432.947
1041 433.289
1042 459.949
1043 418.294
1044 395.071
1045 331.789
1046 384.395
1047 403.934
1048 407.537
1049 436.488
1050 455.185
1051 428.33
1052 395.051
1053 441.747
1054 452.563
1055 526.413
1056 506.414
1057 426.011
1058 404.875
1059 465.007
1060 494.104
1061 428.94
1062 435.308
1063 448.384
1064 474.079
1065 437.219
1066 425.333
1067 483.571
1068 412.801
1069 457.134
1070 459.864
1071 361.385
1072 467.946
1073 472.276
1074 493.75
1075 444.395
1076 471.195
1077 405.277
1078 458.453
1079 467.921
1080 460.837
1081 432.299
1082 456.933
1083 473.437
1084 532.398
1085 508.023
1086 512.935
1087 449.45
1088 429.479
1089 460.926
1090 463.122
1091 451.647
1092 424.235
1093 460.171
1094 421.776
1095 460.027
1096 491.424
1097 493.515
1098 449.079
1099 449.35
1100 511.523
1101 430.912
1102 376.431
1103 466.393
1104 552.407
1105 432.734
1106 441.383
1107 502.948
1108 348.696
1109 462.851
1110 443.244
1111 486.809
1112 499.118
1113 458.107
1114 376.262
1115 390.757
1116 465.001
1117 412.286
1118 448.35
1119 458.934
1120 423.239
1121 472.251
1122 451.437
1123 448.654
1124 450.772
1125 376.169
1126 444.242
1127 444.032
1128 409.764
1129 496.347
1130 540.464
1131 524.225
1132 432.641
1133 443.518
1134 464.651
1135 485.289
1136 441.772
1137 466.701
1138 504.822
1139 477.275
1140 511.477
1141 453.632
1142 548.86
1143 492.103
1144 490.05
1145 510.394
1146 479.115
1147 430.552
1148 516.859
1149 416.438
1150 509.971
1151 498.1
1152 452.793
1153 476.189
1154 501.198
1155 548.319
1156 452.554
1157 371.039
1158 396.137
1159 500.579
1160 434.105
1161 452.193
1162 403.507
1163 426.179
1164 480.126
1165 463.877
1166 405.941
1167 440.021
1168 465.556
1169 389.412
1170 464.884
1171 454.066
1172 386.358
1173 438.492
1174 375.626
1175 417.119
1176 419.785
1177 487.957
1178 427.717
1179 401.872
1180 398.333
1181 431.902
1182 480.229
1183 426.182
1184 452.774
1185 404.738
1186 445.432
1187 380.977
1188 392.967
1189 365.078
1190 433.87
1191 431.26
1192 552.356
1193 498.585
1194 456.678
1195 431.167
1196 516.799
1197 434.716
1198 464.99
1199 467.842
1200 420.805
1201 405.315
1202 416.656
1203 445.337
1204 406.377
1205 512.43
1206 523.52
1207 467.053
1208 523.141
1209 411.771
1210 420.056
1211 443.75
1212 466.155
1213 478.408
1214 412.057
1215 431.821
1216 476.772
1217 447.876
1218 467.999
1219 437.711
1220 511.074
1221 480.177
1222 475.818
1223 505.913
1224 446.202
1225 441.511
1226 517.588
1227 465.55
1228 458.357
1229 483.77
1230 460.036
1231 530.133
1232 475.255
1233 473.309
1234 457.015
1235 466.279
1236 410.933
1237 480.952
1238 453.121
1239 424.556
1240 549.159
1241 514.607
1242 441.674
1243 455.066
1244 536.558
1245 490.889
1246 470.441
1247 475.053
1248 534.364
1249 468.455
1250 422.279
1251 472.639
1252 485.802
1253 476.553
1254 492.827
1255 497.872
1256 449.107
1257 450.311
1258 391.873
1259 350.024
1260 487.163
1261 404.959
1262 505.325
1263 482.846
1264 464.969
1265 534.795
1266 451.541
1267 496.343
1268 502.816
1269 480.881
1270 478.821
1271 416.122
1272 431.558
1273 509.215
1274 484.955
1275 439.618
1276 495.592
1277 469.09
1278 445.517
1279 422.897
1280 589.376
1281 590.499
1282 468.185
1283 435.88
1284 554.363
1285 447.363
1286 419.799
1287 420.701
1288 496.532
1289 504.113
1290 441.803
1291 459.714
1292 405.285
1293 532.067
1294 489.434
1295 468.629
1296 511.632
1297 450.646
1298 427.777
1299 459.228
1300 429.506
1301 493.209
1302 468.729
1303 440.584
1304 519.396
1305 446.615
1306 415.874
1307 405.515
1308 481.009
1309 389.482
1310 428.235
1311 402.608
1312 449.26
1313 511.53
1314 483.42
1315 467.144
1316 514.655
1317 433.62
1318 500.905
1319 426.019
1320 473.485
1321 559.973
1322 524.599
1323 443.91
1324 471.939
1325 468.193
1326 472.166
1327 550.935
1328 530.364
1329 445.783
1330 420.129
1331 434.368
1332 496.261
1333 450.32
1334 464.011
1335 390.223
1336 470.735
1337 447.399
1338 497.711
1339 454.304
1340 388.53
1341 411.966
1342 489.148
1343 522.543
1344 466.863
1345 469.919
1346 462.519
1347 418.539
1348 469.815
1349 480.126
1350 454.082
1351 493.807
1352 443.258
1353 460.506
1354 394.652
1355 453.149
1356 536.27
1357 472.939
1358 555.646
1359 491.688
1360 392.001
1361 439.348
1362 462.447
1363 506.858
1364 482.095
1365 488.639
1366 509.054
1367 432.072
1368 480.368
1369 520.525
1370 483.953
1371 615.334
1372 474.445
1373 508.875
1374 446.862
1375 385.494
1376 459.343
1377 457.698
1378 404.134
1379 482.146
1380 411.99
1381 427.244
1382 409.134
1383 393.157
1384 443.682
1385 447.998
1386 502.181
1387 495.758
1388 465.121
1389 402.663
1390 451.572
1391 384.18
1392 450.764
1393 411.421
1394 478.766
1395 442.548
1396 441.949
1397 450.622
1398 488.827
1399 414.65
1400 485.394
1401 471.059
1402 576.076
1403 401.533
1404 434.206
1405 437.775
1406 420.185
1407 442.885
1408 420.413
1409 483.028
1410 409.647
1411 414.96
1412 543.233
1413 509.677
1414 430.059
1415 496.246
1416 466.067
1417 484.298
1418 510.553
1419 449.276
1420 438.193
1421 493.23
1422 373.774
1423 450.217
1424 479.165
1425 392.796
1426 548.067
1427 530.619
1428 502.068
1429 406.232
1430 490.74
1431 491.035
1432 463.828
1433 456.222
1434 387.841
1435 437.327
1436 430.554
1437 443.953
1438 502.284
1439 442.272
1440 414.112
1441 540.33
1442 563.807
1443 453.234
1444 343.125
1445 439.036
1446 422.08
1447 500.981
1448 487.895
1449 402.831
1450 454.863
1451 438.143
1452 424.818
1453 477.778
1454 494.623
1455 463.597
1456 428.056
1457 478.663
1458 444.079
1459 443.033
1460 449.01
1461 461.701
1462 396.419
1463 454.668
1464 467.784
1465 427.36
1466 416.397
1467 466.326
1468 510.596
1469 471.154
1470 388.431
1471 507.573
1472 528.673
1473 407.713
1474 509.248
1475 506.988
1476 470.685
1477 439.63
1478 404.942
1479 405.291
1480 494.48
1481 534.804
1482 459.131
1483 475.129
1484 462.044
1485 461.739
1486 405.241
1487 470.899
1488 533.295
1489 481.08
1490 441.243
1491 470.067
1492 452.454
1493 479.036
1494 515.703
1495 423.214
1496 379.494
1497 453.06
1498 508.898
1499 471.702
1500 503.947
1501 465.84
1502 495.357
1503 449.189
1504 451.93
1505 434.124
1506 468.102
1507 476.583
1508 509.943
1509 519.946
1510 460.156
1511 447.236
1512 409.907
1513 502.432
1514 497.504
1515 454.247
1516 538.942
1517 442.895
1518 497.663
1519 435.956
1520 469.204
1521 484.307
1522 461.963
1523 423.756
1524 445.804
1525 521.782
1526 454.983
1527 502.593
1528 494.851
1529 552.679
1530 491.365
1531 451.679
1532 446.501
1533 443.388
1534 434.674
1535 425.04
1536 399.143
1537 483.643
1538 429.165
1539 448.051
1540 463.875
1541 554.368
1542 482.41
1543 434.204
1544 426.323
1545 436.993
1546 370.795
1547 385.135
1548 382.925
1549 442.221
1550 407.028
1551 485.801
1552 456.566
1553 431.912
1554 442.374
1555 523.14
1556 467.888
1557 415.2
1558 460.75
1559 501.27
1560 430.197
1561 409.562
1562 340.97
1563 317.722
1564 417.912
1565 469.966
1566 468.543
1567 415.069
1568 461.048
1569 412.764
1570 470.787
1571 458.378
1572 462.121
1573 400.381
1574 421.597
1575 412.652
1576 353.782
1577 421.647
1578 400.449
1579 409.965
1580 437.921
1581 475.822
1582 460.467
1583 384.443
1584 410.818
1585 459.068
1586 505.331
1587 430.017
1588 467.635
1589 463.338
1590 522.793
1591 489.765
1592 421.877
1593 365.007
1594 437.663
1595 519.355
1596 486.555
1597 454.179
1598 454.92
1599 456.195
1600 482.199
1601 454.517
1602 419.738
1603 416.664
1604 431.925
1605 428.218
1606 536.139
1607 467.596
1608 563.934
1609 470.993
1610 434.391
1611 416.464
1612 363.735
1613 440.661
1614 451.428
1615 450.116
1616 423.77
1617 497.676
1618 445.428
1619 508.171
1620 503.117
1621 426.764
1622 392.959
1623 379.827
1624 365.25
1625 432.591
1626 505.651
1627 351.744
1628 420.188
1629 359.432
1630 447.517
1631 472.061
1632 453.693
1633 428.084
1634 428.264
1635 411.132
1636 441.343
1637 452.336
1638 431.229
1639 421.255
1640 457.338
1641 380.34
1642 396.648
1643 323.383
1644 447.797
1645 392.977
1646 358.072
1647 391.808
1648 417.858
1649 325.348
1650 414.273
1651 496.31
1652 511.239
1653 394.982
1654 385.031
1655 475.183
1656 467.417
1657 406.645
1658 464.862
1659 363.331
1660 504.085
1661 474.238
1662 436.171
1663 352.421
1664 424.472
1665 395.344
1666 417.882
1667 405.236
1668 371.755
1669 343.058
1670 451.284
1671 429.308
1672 419.58
1673 438.989
1674 449.236
1675 441.58
1676 384.232
1677 393.342
1678 370.199
1679 412.444
1680 375.961
1681 430.648
1682 427.053
1683 459.43
1684 422.178
1685 457.426
1686 398.631
1687 398.267
1688 394.353
1689 407.028
1690 391.633
1691 402.954
1692 443.418
1693 408.614
1694 424.974
1695 336.297
1696 446.266
1697 425.595
1698 462.753
1699 445.504
1700 445.717
1701 461.591
1702 429.912
1703 468.129
1704 420.553
1705 499.614
1706 499.161
1707 462.259
1708 412.24
1709 458.46
1710 429.016
1711 402.223
1712 483.386
1713 457.667
1714 355.109
1715 402.625
1716 470.792
1717 433.871
1718 450.567
1719 487.263
1720 366.092
1721 429.488
1722 418.143
1723 486.692
1724 452.253
1725 494.111
1726 299.084
1727 393.112
1728 486.438
1729 416.42
1730 431.513
1731 414.414
1732 496.639
1733 462.17
1734 388.507
1735 427.153
1736 391.509
1737 454.733
1738 474.722
1739 510.166
1740 495.642
1741 513.332
1742 458.06
1743 420.565
1744 435.936
1745 486.179
1746 500.108
1747 470.872
1748 459.54
1749 399.819
1750 425.185
1751 382.625
1752 446.33
1753 485.515
1754 362.813
1755 473.514
1756 458.659
1757 490.237
1758 457.703
1759 460.358
1760 520.842
1761 453.19
1762 472.53
1763 547.608
1764 491.239
1765 468.624
1766 459.315
1767 526.86
1768 452.105
1769 405.054
1770 548.752
1771 483.479
1772 457.392
1773 486.649
1774 477.455
1775 395.529
1776 439.164
1777 397.144
1778 418.509
1779 432.326
1780 485.098
1781 491.697
1782 457.658
1783 484.449
1784 337.061
1785 438.252
1786 427.656
1787 445.737
1788 465.585
1789 456.42
1790 438.63
1791 378.867
1792 430.698
1793 466.432
1794 446.149
1795 455.956
1796 466.581
1797 443.756
1798 434.209
1799 493.368
1800 419.054
1801 460.197
1802 458.541
1803 525.939
1804 468.693
1805 377.878
1806 430.728
1807 459.613
1808 452.33
1809 452.723
1810 402.186
1811 453.124
1812 508.468
1813 451.685
1814 470.2
1815 477.682
1816 394.743
1817 434.403
1818 460.353
1819 390.072
1820 397.318
1821 459.084
1822 401.138
1823 424.217
1824 510.223
1825 469.669
1826 406.937
1827 421.247
1828 424.648
1829 504.284
1830 378.955
1831 428.574
1832 442.598
1833 455.628
1834 410.813
1835 447.788
1836 434.623
1837 593.502
1838 475.644
1839 488.998
1840 411.4
1841 459.545
1842 526.506
1843 466.746
1844 515.206
1845 461.268
1846 469.895
1847 444.135
1848 454.929
1849 421.17
1850 441.754
1851 401.905
1852 391.604
1853 428.437
1854 434.698
1855 465.235
1856 414.218
1857 395.125
1858 417.659
1859 392.58
1860 392.074
1861 491.477
1862 475.704
1863 475.547
1864 452.22
1865 422.587
1866 384.466
1867 442.269
1868 459.961
1869 374.055
1870 464.395
1871 400.728
1872 390.114
1873 369.69
1874 449.747
1875 425.078
1876 439.942
1877 475.819
1878 412.94
1879 397.01
1880 438.755
1881 420.124
1882 415.303
1883 406.551
1884 452.636
1885 442.512
1886 438.757
1887 320.022
1888 416.96
1889 378.115
1890 399.716
1891 495.497
1892 401.773
1893 406.146
1894 449.589
1895 462.594
1896 413.984
1897 443.823
1898 458.011
1899 460.691
1900 372.805
1901 423.588
1902 388.947
1903 430.504
1904 413.497
1905 478.888
1906 438.978
1907 477.899
1908 415.798
1909 406.06
1910 427.519
1911 459.718
1912 379.02
1913 382.405
1914 435.176
1915 464.607
1916 415.555
1917 332.266
1918 352.117
1919 418.598
1920 421.062
1921 446.185
1922 446.156
1923 411.78
1924 511.198
1925 521.565
1926 498.916
1927 440.257
1928 390.512
1929 370.639
1930 446.027
1931 439.773
1932 459.127
1933 438.285
1934 455.109
1935 459.879
1936 461.357
1937 376.739
1938 386.681
1939 504.318
1940 423.282
1941 429.036
1942 448.613
1943 458.002
1944 420.632
1945 421.697
1946 449.532
1947 467.735
1948 435.267
1949 437.082
1950 439.06
1951 412.407
1952 394.102
1953 459.314
1954 454.7
1955 340.053
1956 446.129
1957 438.086
1958 423.632
1959 466.581
1960 439.406
1961 437.48
1962 480.537
1963 403.442
1964 400.443
1965 383.061
1966 395.427
1967 457.287
1968 436.843
1969 430.579
1970 442.424
1971 417.764
1972 384.567
1973 411.515
1974 460.589
1975 452.954
1976 479.451
1977 334.136
1978 410.303
1979 454.106
1980 384.542
1981 449.375
1982 406.806
1983 465.051
1984 430.774
1985 501.812
1986 451.825
1987 385.934
1988 463.682
1989 512.073
1990 407.844
1991 388.265
1992 464.29
1993 445.425
1994 416.28
1995 395.242
1996 419.648
1997 383.124
1998 432.668
1999 457.405
2000 442.617
2001 326.557
2002 422.391
2003 282.75
2004 429.098
2005 410.159
2006 438.132
2007 445.5
2008 435.199
2009 440.854
2010 453.149
2011 444.317
2012 431.389
2013 425.178
2014 450.471
2015 462.271
2016 460.494
2017 447.293
2018 507.468
2019 411.62
2020 424.118
2021 440.96
2022 513.051
2023 444.507
2024 427.772
2025 456.44
2026 506.83
2027 407.805
2028 392.187
2029 477.195
2030 420.979
2031 394.773
2032 434.117
2033 423.751
2034 404.935
2035 439.365
2036 441.528
2037 508.801
2038 405.771
2039 438.794
2040 430.903
2041 412.139
2042 458.429
2043 448.977
2044 423.98
2045 434.135
2046 453.434
2047 476.163
2048 482.572
2049 358.636
2050 524.294
2051 461.04
2052 445.805
2053 456.397
2054 485.981
2055 464.244
2056 409.383
2057 468.147
2058 465.288
2059 441.844
2060 472.087
2061 421.959
2062 385.053
2063 476.411
2064 489.455
2065 467.555
2066 389.887
2067 340.448
2068 405.644
2069 381.984
2070 399.868
2071 419.273
2072 471.052
2073 371.176
2074 480.506
2075 428.819
2076 401.394
2077 379.749
2078 394.861
2079 429.425
2080 388.858
2081 397.107
2082 448.384
2083 422.248
2084 399.139
2085 464.127
2086 492.262
2087 420.725
2088 412.01
2089 416.551
2090 449.14
2091 465.333
2092 402.768
2093 485.401
2094 409.509
2095 457.413
2096 403.862
2097 395.746
2098 385.876
2099 512.96
2100 484.419
2101 384.345
2102 417.174
2103 488.577
2104 435.795
2105 453.422
2106 534.506
2107 489.874
2108 407.194
2109 425.955
2110 443.027
2111 431.25
2112 405.396
2113 445.857
2114 436.72
2115 443.183
2116 433.133
2117 425.843
2118 439.047
2119 422.392
2120 396.694
2121 487.571
2122 485.896
2123 442.912
2124 477.131
2125 463.017
2126 398.006
2127 382.247
2128 440.647
2129 460.295
2130 448.943
2131 434.324
2132 414.691
2133 417.791
2134 459.338
2135 426.12
2136 470.889
2137 405.165
2138 407.936
2139 442.336
2140 475.312
2141 494.651
2142 407.966
2143 416.735
2144 486.866
2145 456.834
2146 412.48
2147 351.694
2148 404.822
2149 472.921
2150 464.999
2151 421.403
2152 503.346
2153 495.692
2154 444.383
2155 422.404
2156 450.275
2157 498.523
2158 469.659
2159 416.357
2160 479.7
2161 428.431
2162 370.524
2163 449.723
2164 518.019
2165 376.073
2166 331.527
2167 422.625
2168 354.909
2169 432.571
2170 537.056
2171 487.327
2172 515.837
2173 494.183
2174 426.141
2175 477.963
2176 447.695
2177 487.987
2178 485.58
2179 513.253
2180 380.585
2181 458.642
2182 445.401
2183 503.89
2184 529.177
2185 490.488
2186 488.489
2187 439.648
2188 426.506
2189 388.955
2190 472.764
2191 442.481
2192 430.387
2193 509.518
2194 500.028
2195 480.628
2196 393.507
2197 455.955
2198 427.102
2199 471.084
2200 486.167
2201 441.25
2202 407.518
2203 461.847
2204 466.786
2205 458.183
2206 441.581
2207 431.969
2208 416.648
2209 526.597
2210 509.088
2211 466.672
2212 376.422
2213 527.151
2214 471.347
2215 419.618
2216 516.728
2217 502.68
2218 506.645
2219 537.493
2220 525.052
2221 466.749
2222 424.497
2223 355.92
2224 434.182
2225 463.815
2226 439.305
2227 474.803
2228 406.797
2229 420.213
2230 489.025
2231 422.155
2232 457.461
2233 476.243
2234 384.825
2235 451.176
2236 514.771
2237 456.013
2238 525.05
2239 506.66
2240 498.388
2241 425.593
2242 373.591
2243 472.142
2244 488.204
2245 489.235
2246 419.475
2247 428.672
2248 508.055
2249 474.22
2250 426.063
2251 489.948
2252 533.916
2253 436.775
2254 476.753
2255 514.665
2256 458.37
2257 479.058
2258 497.067
2259 451.07
2260 534.776
2261 427.337
2262 424.251
2263 418.055
2264 505.33
2265 482.811
2266 450.588
2267 398.149
2268 483.843
2269 399.017
2270 429.889
2271 492.197
2272 439.105
2273 478.584
2274 473.962
2275 422.733
2276 503.902
2277 361.562
2278 470.846
2279 422.951
2280 551.335
2281 366.197
2282 418.138
2283 454.738
2284 543.031
2285 389.716
2286 390.888
2287 473.954
2288 369.962
2289 438.605
2290 488.795
2291 447.26
2292 529.695
2293 479.808
2294 430.741
2295 548.195
2296 456.925
2297 537.212
2298 461.968
2299 419.716
2300 451.788
2301 486.516
2302 512.889
2303 497.591
2304 451.541
2305 512.305
2306 465.082
2307 511.628
2308 482.401
2309 609.748
2310 507.079
2311 398.026
2312 385.199
2313 403.288
2314 509.086
2315 407.895
2316 438.868
2317 537.579
2318 481.508
2319 431.122
2320 466.031
2321 604.359
2322 493.605
2323 459.4
2324 465.369
2325 520.137
2326 429.168
2327 422.347
2328 418.716
2329 508.301
2330 417.661
2331 514.831
2332 414.989
2333 551.016
2334 457.573
2335 422.164
2336 494.554
2337 432.781
2338 468.883
2339 428.431
2340 471
2341 423.523
2342 506.329
2343 550.096
2344 525.872
2345 415.824
2346 414.321
2347 459.488
2348 430.705
2349 483.864
2350 498.235
2351 528.432
2352 498.603
2353 478.58
2354 491.907
2355 459.408
2356 417.546
2357 492.499
2358 492.835
2359 542.486
2360 450.352
2361 391.686
2362 422.518
2363 480.995
2364 523.57
2365 511.02
2366 464.976
2367 543.857
2368 555.054
2369 424.423
2370 402.182
2371 490.405
2372 396.178
2373 440.877
2374 482.962
2375 483.771
2376 483.501
2377 482.721
2378 491.119
2379 494.663
2380 455.685
2381 431.658
2382 382.929
2383 455.233
2384 455.001
2385 350.266
2386 414.125
2387 420.51
2388 465.62
2389 484.769
2390 489.051
2391 340.657
2392 487.819
2393 460.547
2394 454.222
2395 457.918
2396 424.707
2397 429.738
2398 502.436
2399 489.525
2400 442.524
2401 497.47
2402 466.196
2403 446.653
2404 441.742
2405 408.185
2406 436.302
2407 404.478
2408 476.327
2409 482.035
2410 464.316
2411 411.012
2412 430.206
2413 480.465
2414 503.303
2415 508.075
2416 519.848
2417 430.535
2418 478.211
2419 524.158
2420 450.065
2421 429.467
2422 479.376
2423 583.801
2424 491.42
2425 513.276
2426 426.142
2427 489.501
2428 539.796
2429 470.436
2430 613.475
2431 539.422
2432 531.244
2433 497.26
2434 498.278
2435 412.395
2436 502.363
2437 398.245
2438 462.223
2439 457.589
2440 436.822
2441 481.555
2442 512.484
2443 520.698
2444 538.391
2445 504.709
2446 448.684
2447 526.428
2448 461.337
2449 428.117
2450 531.905
2451 483.571
2452 512.824
2453 439.19
2454 482.226
2455 576.111
2456 483.93
2457 525.282
2458 442.818
2459 524.117
2460 461.367
2461 476.172
2462 499.945
2463 503.567
2464 429.49
2465 496.584
2466 341.841
2467 480.22
2468 481.249
2469 555.149
2470 478.476
2471 442.942
2472 509.94
2473 555.658
2474 464.976
2475 423.96
2476 472.563
2477 477.904
2478 624.642
2479 635.332
2480 591.37
2481 554.676
2482 533.474
2483 538.31
2484 559.054
2485 597.934
2486 479.542
2487 513.268
2488 445.876
2489 509.834
2490 545.745
2491 502.26
2492 514.195
2493 493.557
2494 524.75
2495 460.624
2496 499.016
2497 503.438
2498 456.558
2499 557.214
2500 521.265
2501 495.816
2502 518.649
2503 532.379
2504 504.512
2505 527.935
2506 527.266
2507 483.152
2508 433.603
2509 579
2510 544.766
2511 475.053
2512 449.442
2513 475.174
2514 442.346
2515 484.11
2516 492.161
2517 473.083
2518 409.825
2519 549.795
2520 596.396
2521 540.517
2522 434.41
2523 459.26
2524 405.561
2525 416.321
2526 435.424
2527 399.934
2528 415.953
2529 441.13
2530 501.51
2531 430.06
2532 464.831
2533 425.146
2534 456.162
2535 529.327
2536 519.446
2537 467.099
2538 446.097
2539 423.021
2540 487.371
2541 523.46
2542 507.458
2543 443.76
2544 452.021
2545 451.489
2546 396.087
2547 459.792
2548 501.956
2549 445.69
2550 442.184
2551 554.343
2552 515.863
2553 518.021
2554 572.071
2555 451.867
2556 491.772
2557 474.551
2558 472.005
2559 491.989
2560 564.3
2561 435.879
2562 458.53
2563 460.036
2564 487.257
2565 542.677
2566 519.209
2567 434.493
2568 505.955
2569 372.272
2570 512.309
2571 495.809
2572 483.325
2573 659.863
2574 539.555
2575 473.735
2576 643.661
2577 436.223
2578 514.222
2579 521.045
2580 425.218
2581 446.677
2582 495.419
2583 515.699
2584 492.527
2585 462.614
2586 541.819
2587 486.761
2588 454.152
2589 514.372
2590 498.433
2591 490.559
2592 431.755
2593 492.694
2594 457.074
2595 429.416
2596 421.673
2597 483.25
2598 619.63
2599 523.809
2600 498.905
2601 520.138
2602 503.336
2603 454.448
2604 471.599
2605 482.084
2606 483.784
2607 529.923
2608 544.729
2609 441.535
2610 549.643
2611 450.948
2612 457.834
2613 410.71
2614 589.14
2615 515.664
2616 542.611
2617 525.841
2618 601.773
2619 529.358
2620 472.94
2621 493.88
2622 517.1
2623 451.098
2624 549.222
2625 486.625
2626 473.307
2627 403.673
2628 501.688
2629 526.422
2630 476.836
2631 470.837
2632 458.27
2633 401.544
2634 402.947
2635 548.807
2636 513.968
2637 458.85
2638 455.062
2639 500.768
2640 471.764
2641 491.917
2642 483.488
2643 543.972
2644 595.782
2645 518.998
2646 529.354
2647 409.495
2648 483.739
2649 399.811
2650 508.986
2651 430.441
2652 476.946
2653 491.352
2654 480.476
2655 513.373
2656 485.249
2657 445.546
2658 483.047
2659 454.542
2660 502.591
2661 501.815
2662 477.346
2663 447.973
2664 440.146
2665 519.702
2666 527.494
2667 474.017
2668 562.719
2669 425.366
2670 497.186
2671 414.776
2672 414.235
2673 537.386
2674 536.133
2675 474.358
2676 574.538
2677 485.099
2678 541.689
2679 538.343
2680 461.692
2681 506.5
2682 458.055
2683 470.777
2684 400.134
2685 450.928
2686 490.708
2687 393.839
2688 495.668
2689 387.606
2690 419.001
2691 438.32
2692 457.154
2693 512.704
2694 426.923
2695 483.741
2696 452.299
2697 464.806
2698 504.101
2699 518.507
2700 488.743
2701 490.598
2702 503.012
2703 493.63
2704 446.8
2705 451.877
2706 434.222
2707 558.268
2708 580.895
2709 538.452
2710 519.538
2711 491.123
2712 482.205
2713 543.876
2714 536.211
2715 419.245
2716 469.579
2717 429.778
2718 489.435
2719 473.818
2720 488.059
2721 575.09
2722 501.509
2723 526.48
2724 510.484
2725 358.16
2726 415.932
2727 468.64
2728 480.724
2729 560.33
2730 476.07
2731 476.611
2732 414.72
2733 421.803
2734 426.134
2735 453.35
2736 454.671
2737 447.165
2738 456.842
2739 499.054
2740 486.254
2741 467.565
2742 459.833
2743 488.669
2744 451.43
2745 454.535
2746 437.764
2747 473.595
2748 508.794
2749 446.315
2750 527.09
2751 420.616
2752 421.358
2753 460.41
2754 430.375
2755 534.027
2756 482.152
2757 445.259
2758 437.08
2759 471.386
2760 545.224
2761 448.437
2762 354.582
2763 424.054
2764 499.417
2765 416.251
2766 465.498
2767 471.563
2768 458.425
2769 509.078
2770 547.207
2771 460.402
2772 468.515
2773 447.26
2774 525.424
2775 561.088
2776 590.979
2777 433.463
2778 480.581
2779 425.246
2780 450.684
2781 491.526
2782 509.308
2783 477.619
2784 367.729
2785 469.435
2786 476.025
2787 477.737
2788 449.26
2789 460.502
2790 459.63
2791 514.51
2792 582.736
2793 466.802
2794 557.547
2795 491.475
2796 466.738
2797 467.555
2798 450.643
2799 474.741
2800 538.609
2801 511.45
2802 473.286
2803 529.536
2804 504.176
2805 487.42
2806 434.309
2807 505.153
2808 465.096
2809 514.415
2810 441.501
2811 506.318
2812 374.143
2813 497.049
2814 448.758
2815 507.805
2816 523.871
2817 512.052
2818 494.63
2819 483.411
2820 512.236
2821 534.498
2822 472.494
2823 447.194
2824 381.079
2825 529.564
2826 488.761
2827 512.069
2828 529.111
2829 470.62
2830 489.959
2831 479.323
2832 444.63
2833 469.359
2834 472.7
2835 501.479
2836 484.407
2837 498.674
2838 429.528
2839 392.481
2840 503.651
2841 447.603
2842 566.023
2843 482.446
2844 481.652
2845 440.33
2846 536.783
2847 507.722
2848 397.285
2849 419.377
2850 556.732
2851 557.647
2852 503.991
2853 501.879
2854 440.387
2855 407.335
2856 420.7
2857 564.418
2858 464.486
2859 487.49
2860 484.146
2861 491.258
2862 523.588
2863 490.9
2864 530.557
2865 559.49
2866 495.966
2867 545.864
2868 522.532
2869 527.466
2870 598.13
2871 534.198
2872 549.99
2873 563.912
2874 535.016
2875 472.514
2876 481.214
2877 523.962
2878 512.58
2879 533.83
2880 514.548
2881 521.515
2882 476.602
2883 510.248
2884 479.233
2885 419.048
2886 468.6
2887 442.583
2888 537.962
2889 463.075
2890 583.567
2891 548.216
2892 489.733
2893 545.617
2894 531.73
2895 517.339
2896 522.248
2897 447.59
2898 525.735
2899 497.947
2900 468.464
2901 485.27
2902 467.58
2903 417.35
2904 464.277
2905 526.648
2906 484.791
2907 507.898
2908 495.293
2909 549.975
2910 557.225
2911 563.536
2912 528.044
2913 488.479
2914 547.811
2915 535.381
2916 520.63
2917 523.436
2918 508.74
2919 509.679
2920 478.981
2921 459.203
2922 554.936
2923 447.002
2924 536.202
2925 547.852
2926 535.106
2927 404.173
2928 444.127
2929 504.286
2930 466.286
2931 461.397
2932 498.183
2933 539.855
2934 558.252
2935 458.476
2936 458.5
2937 522.489
2938 460.721
2939 561.67
2940 546.027
2941 550.051
2942 538.597
2943 532.087
2944 573.637
2945 539.395
2946 487.068
2947 443.616
2948 469.551
2949 565.267
2950 566.727
2951 511.88
2952 568.692
2953 507.938
2954 515.94
2955 501.581
2956 485.211
2957 497.982
2958 563.375
2959 485.661
2960 526.327
2961 464.353
2962 407.461
2963 492.658
2964 459.254
2965 449.991
2966 545.194
2967 533.207
2968 522.879
2969 515.399
2970 569.435
2971 570.656
2972 580.079
2973 551.835
2974 517.371
2975 535.754
2976 458.955
2977 464.802
2978 566.303
2979 520.689
2980 449.245
2981 523.484
2982 525.669
2983 571.793
2984 494.285
2985 518.021
2986 495.296
2987 471.818
2988 521.92
2989 620.827
2990 503.94
2991 449.994
2992 605.135
2993 549.8
2994 548.316
2995 658.932
2996 600.623
2997 549.027
2998 577.504
2999 508.638
3000 494.934
3001 516.318
3002 526.683
3003 563.904
3004 572.397
3005 643.791
3006 583.666
3007 607.291
3008 516.749
3009 517.718
3010 560.542
3011 540.202
3012 503.558
3013 642.045
3014 613.438
3015 569.199
3016 610.914
3017 402.709
3018 511.961
3019 604.378
3020 564.377
3021 533.646
3022 540.445
3023 513.236
3024 545.817
3025 579.891
3026 597.607
3027 571.938
3028 449.189
3029 534.663
3030 458.215
3031 494.758
3032 538.183
3033 456.85
3034 425.433
3035 567.412
3036 507.962
3037 614.911
3038 662.065
3039 564.15
3040 606.733
3041 559.226
3042 592.36
3043 578.526
3044 560.726
3045 515.359
3046 606.522
3047 534.624
3048 615.451
3049 635.928
3050 541.95
3051 463.662
3052 497.183
3053 489.255
3054 531.909
3055 601.642
3056 621.827
3057 568.1
3058 487.437
3059 530.283
3060 535.598
3061 468.939
3062 473.881
3063 546.333
3064 553.737
3065 527.98
3066 558.564
3067 458.691
3068 495.396
3069 416.914
3070 511.069
3071 585.419
3072 538.127
3073 537.04
3074 492.868
3075 539.96
3076 477.845
3077 527.128
3078 507.652
3079 578.961
3080 534.267
3081 497.034
3082 472.496
3083 454.333
3084 507.118
3085 615.735
3086 527.497
3087 484.431
3088 484.703
3089 493.164
3090 503.266
3091 558.223
3092 514.932
3093 432.215
3094 468.767
3095 578.01
3096 494.723
3097 543.347
3098 534.422
3099 472.895
3100 548.256
3101 479.414
3102 568.22
3103 535.765
3104 560.016
3105 565.078
3106 496.011
3107 554.986
3108 562.461
3109 571.241
3110 627.317
3111 536.842
3112 470.074
3113 559.145
3114 433.324
3115 503.39
3116 450.699
3117 482.813
3118 467.499
3119 573.106
3120 521.237
3121 460.919
3122 519.977
3123 593.123
3124 486.736
3125 455.601
3126 564.76
3127 578.791
3128 536.493
3129 366.113
3130 443.384
3131 503.249
3132 510.516
3133 572.94
3134 501.575
3135 488.998
3136 588.808
3137 595.794
3138 492.629
3139 525.319
3140 623.058
3141 545.716
3142 554.355
3143 513.23
3144 547.929
3145 535.269
3146 542.831
3147 521.152
3148 494.914
3149 512.168
3150 563.023
3151 582.433
3152 479.654
3153 550.437
3154 513.683
3155 454.65
3156 624.785
3157 432.884
3158 516.25
3159 537.478
3160 535.236
3161 487.561
3162 538.133
3163 454.722
3164 504.957
3165 487.46
3166 436.568
3167 582.86
3168 545.952
3169 551.696
3170 481.776
3171 473.934
3172 491.855
3173 559.031
3174 628.424
3175 628.149
3176 586.381
3177 558.592
3178 598.141
3179 518.539
3180 525.08
3181 513.808
3182 512.972
3183 432.475
3184 470.351
3185 516.311
3186 475.377
3187 488.081
3188 504.646
3189 545.031
3190 507.307
3191 528.623
3192 519.525
3193 579.629
3194 611.244
3195 549.809
3196 558.502
3197 493.934
3198 472.795
3199 461.302
3200 431.039
3201 553.507
3202 554.864
3203 550.276
3204 491.65
3205 476.387
3206 449.898
3207 468.29
3208 472.108
3209 602.046
3210 497.028
3211 640.68
3212 500.393
3213 491.447
3214 520.497
3215 488.079
3216 506.137
3217 542.844
3218 456.687
3219 581.281
3220 523.427
3221 501.03
3222 528.376
3223 556.65
3224 478.059
3225 482.508
3226 455.912
3227 472.762
3228 469.637
3229 473.962
3230 498.486
3231 466.827
3232 473.641
3233 538.046
3234 407.95
3235 428.431
3236 527.188
3237 556.699
3238 477.343
3239 443.577
3240 483.228
3241 490.289
3242 521.431
3243 470.839
3244 420.053
3245 450.379
3246 408.931
3247 510.866
3248 474.327
3249 533.824
3250 481
3251 430.659
3252 417.299
3253 474.524
3254 499.52
3255 551.065
3256 467.78
3257 455.592
3258 534.725
3259 520.232
3260 540.801
3261 561.372
3262 548.396
3263 523.608
3264 490.64
3265 504.235
3266 466.795
3267 445.397
3268 408.12
3269 468.814
3270 452.457
3271 481.424
3272 403.519
3273 474.15
3274 528.914
3275 527.366
3276 475.291
3277 397.329
3278 539.727
3279 515.29
3280 451.567
3281 466.075
3282 590.005
3283 523.112
3284 480.281
3285 470.839
3286 590.207
3287 539.988
3288 535.486
3289 427.982
3290 545.428
3291 522.559
3292 451.676
3293 494.06
3294 434.948
3295 413.201
3296 424.489
3297 415.613
3298 399.452
3299 411.05
3300 482.873
3301 478.72
3302 393.712
3303 490.433
3304 468.22
3305 441.185
3306 456.798
3307 440.781
3308 441.331
3309 504.775
3310 438.055
3311 544.128
3312 517.372
3313 550.173
3314 466.114
3315 446.178
3316 442.851
3317 457.267
3318 425.08
3319 453.059
3320 465.464
3321 475.292
3322 571.475
3323 459.648
3324 422.235
3325 428.07
3326 459.842
3327 448.135
3328 473.422
3329 492.226
3330 540.04
3331 516.401
3332 532.091
3333 426.008
3334 420.619
3335 525.692
3336 448.398
3337 472.365
3338 495.381
3339 491.95
3340 507.405
3341 461.723
3342 401.87
3343 562.985
3344 541.44
3345 454.505
3346 502.479
3347 386.431
3348 404.018
3349 423.856
3350 532.834
3351 446.076
3352 436.696
3353 390.732
3354 479.617
3355 494.77
3356 474.932
3357 461.174
3358 453.303
3359 435.796
3360 447.267
3361 501.747
3362 425.43
3363 543.135
3364 468.165
3365 450.877
3366 528.925
3367 442.42
3368 488.153
3369 543.369
3370 604.624
3371 465.559
3372 448.944
3373 442.391
3374 571.021
3375 468.96
3376 516.039
3377 587.345
3378 600.961
3379 563.706
3380 541.228
3381 501.377
3382 498.7
3383 476.063
3384 457.846
3385 530.489
3386 543.455
3387 454.673
3388 506.622
3389 586.438
3390 559.512
3391 589.646
3392 539.597
3393 527.796
3394 416.22
3395 452.045
3396 510.502
3397 574.456
3398 451.454
3399 438.875
3400 414.946
3401 465.445
3402 535.811
3403 480.051
3404 444.319
3405 471.755
3406 369.196
3407 501.635
3408 458.151
3409 473.8
3410 421.58
3411 505.113
3412 473.105
3413 527.468
3414 589.326
3415 508.027
3416 516.155
3417 516.391
3418 624.732
3419 551.722
3420 527.291
3421 533.376
3422 413.372
3423 550.144
3424 473.882
3425 452.943
3426 499.91
3427 482.324
3428 451.623
3429 475.284
3430 560.23
3431 568.09
3432 606.376
3433 503.023
3434 546.481
3435 539.55
3436 522.62
3437 449.29
3438 537.671
3439 431.686
3440 406.651
3441 508.848
3442 578.859
3443 580.73
3444 483.119
3445 501.53
3446 508.065
3447 569.905
3448 482.021
3449 406.382
3450 473.813
3451 552.983
3452 451.064
3453 496.014
3454 497.54
3455 465.469
3456 503.077
3457 519.869
3458 484.314
3459 483.804
3460 607.351
3461 591.072
3462 464.608
3463 404.045
3464 548.507
3465 498.873
3466 405.736
3467 518.88
3468 512.384
3469 444.313
3470 468.236
3471 475.926
3472 497.262
3473 402.871
3474 443.68
3475 450.472
3476 465.448
3477 505.814
3478 475.402
3479 439.725
3480 456.703
3481 494.975
3482 526.062
3483 414.275
3484 559.442
3485 504.444
3486 470.762
3487 510.084
3488 447.062
3489 453.593
3490 502.022
3491 380.07
3492 438.6
3493 493.122
3494 423.973
3495 466.107
3496 429.56
3497 456.509
3498 463.797
3499 484.412
3500 444.839
3501 371.413
3502 493.231
3503 440.998
3504 436.199
3505 420.269
3506 467.847
3507 441.699
3508 473.204
3509 485.444
3510 450.269
3511 406.463
3512 406.672
3513 444.582
3514 466.864
3515 490.768
3516 471.715
3517 448.8
3518 439.059
3519 494.907
3520 464.589
3521 455.096
3522 432.323
3523 433.405
3524 484.891
3525 415.227
3526 452.984
3527 578.806
3528 482.886
3529 495.994
3530 480.688
3531 398.16
3532 475.684
3533 427.84
3534 432.414
3535 430.934
3536 381.753
3537 500.194
3538 489.877
3539 486.278
3540 418.408
3541 416.784
3542 420.03
3543 424.725
3544 436.707
3545 439.206
3546 429.23
3547 545.938
3548 431.296
3549 497.145
3550 500.233
3551 378.765
3552 372.704
3553 425.374
3554 477.156
3555 469.58
3556 486.868
3557 500.72
3558 519.118
3559 594.754
3560 485.265
3561 472.561
3562 491.578
3563 483.138
3564 389.143
3565 444.606
3566 471.842
3567 426.215
3568 547.541
3569 512.831
3570 423.283
3571 423.687
3572 468.217
3573 435.911
3574 432.884
3575 492.864
3576 487.574
3577 427.133
3578 429.286
3579 496.568
3580 577.864
3581 407.575
3582 509.245
3583 469.244
3584 531.684
3585 412.105
3586 438.546
3587 388.914
3588 430.267
3589 432.328
3590 444.772
3591 425.048
3592 379.84
3593 486.862
3594 508.078
3595 482.468
3596 594.469
3597 445.498
3598 384.249
3599 499.128
3600 480.109
3601 469.202
3602 451.92
3603 544.384
3604 479.351
3605 488.339
3606 445.192
3607 546.668
3608 380.027
3609 446.318
3610 453.465
3611 493.578
3612 420.825
3613 369.525
3614 419.087
3615 556.017
3616 456.108
3617 434.339
3618 452.291
3619 439.047
3620 465.707
3621 444.293
3622 550.593
3623 462.737
3624 479.307
3625 522.649
3626 482.41
3627 527.675
3628 428.678
3629 464.692
3630 536.141
3631 511.834
3632 609.872
3633 495.698
3634 492.99
3635 511.568
3636 412.784
3637 503.458
3638 485.724
3639 617.81
3640 531.355
3641 612.424
3642 506.732
3643 516.678
3644 511.649
3645 506.314
3646 497.133
3647 468.214
3648 563.084
3649 630.607
3650 443.847
3651 495.739
3652 486.894
3653 511.561
3654 461.822
3655 424.532
3656 418.376
3657 464.287
3658 476.548
3659 499.182
3660 449.95
3661 464.207
3662 427.282
3663 439.257
3664 409.071
3665 493.661
3666 554.667
3667 482.418
3668 450.04
3669 467.177
3670 523.477
3671 506.606
3672 476.252
3673 468.685
3674 495.687
3675 487.832
3676 499.738
3677 467.927
3678 458.441
3679 482.568
3680 536.94
3681 488.669
3682 525.307
3683 438.699
3684 473.528
3685 502.761
3686 460.339
3687 413.431
3688 463.489
3689 458.763
3690 393.797
3691 490.036
3692 482.584
3693 477.408
3694 443.644
3695 496.914
3696 438.219
3697 519.661
3698 443.813
3699 506.897
3700 485.843
3701 422.363
3702 480.029
3703 412.686
3704 455.51
3705 529.411
3706 441.486
3707 496.983
3708 493.426
3709 477.802
3710 415.498
3711 472.341
3712 436.362
3713 525.894
3714 419.824
3715 418.738
3716 377.897
3717 488.158
3718 477.684
3719 468.859
3720 425.708
3721 515.456
3722 515.559
3723 516.01
3724 573.41
3725 507.683
3726 448.227
3727 437.555
3728 421.902
3729 402.683
3730 444.281
3731 440.092
3732 422.338
3733 540.057
3734 492.128
3735 471.602
3736 534.651
3737 477.108
3738 451.726
3739 388.089
3740 396.346
3741 432.402
3742 498.353
3743 420.297
3744 485.394
3745 438.393
3746 383.509
3747 419.307
3748 443.297
3749 517.307
3750 476.472
3751 475.894
3752 514.173
3753 459.771
3754 510.518
3755 482.027
3756 499.628
3757 510.411
3758 497.065
3759 471.056
3760 441.348
3761 507.931
3762 526.676
3763 476.737
3764 542.722
3765 480.468
3766 501.295
3767 479.056
3768 498.541
3769 545.583
3770 475.92
3771 426.836
3772 442.517
3773 524.06
3774 534.679
3775 478.652
3776 543.425
3777 552.249
3778 538.834
3779 546.364
3780 437.731
3781 470.125
3782 514.858
3783 455.598
3784 580.006
3785 441.381
3786 500.765
3787 420.75
3788 509.233
3789 456.975
3790 500.818
3791 475.648
3792 471.546
3793 505.766
3794 455.697
3795 482.415
3796 609.573
3797 527.966
3798 535.587
3799 505.302
3800 480.265
3801 500.8
3802 549.351
3803 498.443
3804 441.128
3805 406.995
3806 490.994
3807 509.402
3808 543.478
3809 602.841
3810 498.143
3811 481.008
3812 451.001
3813 534.243
3814 520.35
3815 494
3816 486.671
3817 517.655
3818 439.708
3819 424.821
3820 498.88
3821 561.237
3822 424.929
3823 453.104
3824 513.345
3825 488.035
3826 502.901
3827 425.926
3828 391.537
3829 393.675
3830 511.852
3831 493.894
3832 528.2
3833 447.708
3834 486.51
3835 505.604
3836 509.69
3837 470.406
3838 464.837
3839 428.655
3840 481.819
3841 532.947
3842 492.449
3843 452.195
3844 464.566
3845 475.357
3846 444.021
3847 502.255
3848 460.006
3849 500.628
3850 472.554
3851 438.284
3852 521.165
3853 496.657
3854 470.292
3855 457.951
3856 424.434
3857 402.044
3858 488.339
3859 388.76
3860 465.976
3861 391.756
3862 440.427
3863 414.804
3864 442.76
3865 403.474
3866 413.476
3867 488.317
3868 471.699
3869 412.317
3870 412.871
3871 413.668
3872 458.959
3873 440.938
3874 372.61
3875 405.633
3876 383.523
3877 451.455
3878 379.575
3879 436.185
3880 480.61
3881 405.751
3882 404.179
3883 485.432
3884 418.092
3885 462.555
3886 432.137
3887 369.522
3888 359.137
3889 437.787
3890 470.28
3891 466.838
3892 468.337
3893 443.119
3894 471.832
3895 450.13
3896 495.284
3897 400.436
3898 400.635
3899 506.562
3900 465.385
3901 459.673
3902 484.641
3903 391.319
3904 448.482
3905 434.376
3906 318.278
3907 476.951
3908 470.723
3909 417.684
3910 436.978
3911 457.714
3912 463.947
3913 403.756
3914 514.929
3915 559.342
3916 443.731
3917 423.182
3918 484.497
3919 429.83
3920 416.345
3921 410.644
3922 484.296
3923 505.682
3924 506.924
3925 470.819
3926 502.402
3927 519.929
3928 415.475
3929 438.757
3930 437.13
3931 418.221
3932 448.646
3933 448.657
3934 456.338
3935 466.203
3936 490.54
3937 426.363
3938 460.744
3939 518.221
3940 417.511
3941 518.524
3942 447.625
3943 504.789
3944 469.255
3945 399.233
3946 497.038
3947 425.536
3948 469.966
3949 435.647
3950 464.146
3951 475.825
3952 536.07
3953 457.539
3954 457.274
3955 526.79
3956 449.003
3957 472.616
3958 447.507
3959 456.983
3960 459.98
3961 470.888
3962 405.733
3963 482.682
3964 498.431
3965 426.26
3966 367.704
3967 543.387
3968 354.118
3969 428.33
3970 414.124
3971 432.082
3972 462.9
3973 422.242
3974 430.363
3975 411.05
3976 419.945
3977 400.751
3978 462.216
3979 424.482
3980 493.026
3981 444.973
3982 474.144
3983 446.306
3984 449.639
3985 409.362
3986 401.098
3987 402.861
3988 391.779
3989 436.022
3990 419.298
3991 399.039
3992 390.559
3993 414.414
3994 405.189
3995 433.356
3996 471.174
3997 384.212
3998 474.938
3999 525.631
4000 489.454
4001 446.884
4002 451.015
4003 528.155
4004 452.381
4005 506.897
4006 554.792
4007 504.582
4008 469.432
4009 461.654
4010 511.49
4011 510.609
4012 541.6
4013 496.083
4014 589.331
4015 530.596
4016 478.527
4017 510.101
4018 398.839
4019 465.67
4020 627.323
4021 458.54
4022 485.953
4023 509.463
4024 519.427
4025 467.564
4026 553.932
4027 454.472
4028 544.318
4029 564.163
4030 516.428
4031 459.764
4032 474.558
4033 541.275
4034 503.276
4035 413.664
4036 432.38
4037 494.997
4038 513.367
4039 425.89
4040 401.566
4041 483.717
4042 429.272
4043 551.823
4044 523.859
4045 480.083
4046 535.682
4047 577.405
4048 444.406
4049 494.604
4050 518.786
4051 551.119
4052 456.269
4053 527.64
4054 489.012
4055 494.396
4056 512.925
4057 517.325
4058 475.601
4059 423.052
4060 588.521
4061 569.955
4062 445.958
4063 392.9
4064 433.173
4065 436.631
4066 610.548
4067 525.569
4068 515.658
4069 489.712
4070 445.018
4071 547.295
4072 395.201
4073 556.292
4074 515.624
4075 484.242
4076 500.689
4077 469.562
4078 384.488
4079 475.681
4080 395.266
4081 539.776
4082 420.013
4083 473.389
4084 445.921
4085 430.972
4086 549.946
4087 510.133
4088 487.512
4089 440.903
4090 508.892
4091 413.343
4092 460.232
4093 522.515
4094 479.741
4095 438.049
4096 480.647
4097 443.947
4098 467.929
4099 476.12
4100 519.715
4101 490.572
4102 495.198
4103 483.57
4104 454.2
4105 498.113
4106 513.604
4107 500.748
4108 416.658
4109 488.103
4110 562.671
4111 517.606
4112 503.139
4113 560.245
4114 505.958
4115 514.185
4116 451.518
4117 483.901
4118 510.348
4119 475.981
4120 569.412
4121 417.215
4122 418.106
4123 551.031
4124 582.506
4125 476.003
4126 494.998
4127 500.673
4128 568.465
4129 632.78
4130 473.803
4131 531.763
4132 522.218
4133 577.987
4134 570.973
4135 580.12
4136 553.934
4137 425.921
4138 481.081
4139 498.025
4140 497.536
4141 450.694
4142 503.582
4143 571.888
4144 490.102
4145 410.31
4146 496.865
4147 483.759
4148 517.758
4149 501.433
4150 473.824
4151 461.495
4152 528.848
4153 520.116
4154 573.928
4155 555.51
4156 540.71
4157 497.383
4158 486.882
4159 562.387
4160 545.619
4161 501.113
4162 508.384
4163 605.059
4164 547.553
4165 579.486
4166 477.198
4167 541.375
4168 435.209
4169 521.059
4170 540.972
4171 497.693
4172 540.659
4173 541.231
4174 579.831
4175 477.523
4176 477.967
4177 547.704
4178 439.327
4179 522.151
4180 436.297
4181 423.933
4182 497.364
4183 462.362
4184 563.322
4185 480.011
4186 443.685
4187 514.449
4188 449.184
4189 360.531
4190 512.888
4191 494.635
4192 490.814
4193 514.269
4194 515.065
4195 465.588
4196 446.697
4197 521.631
4198 443.358
4199 456.631
4200 437.513
4201 484.097
4202 477.496
4203 473.788
4204 488.39
4205 423.571
4206 485.317
4207 579.995
4208 544.322
4209 467.917
4210 450.918
4211 388.808
4212 461.697
4213 498.102
4214 569.008
4215 552.809
4216 443.782
4217 431.606
4218 462.692
4219 465.068
4220 449.108
4221 465.988
4222 496.733
4223 468.937
4224 462.37
4225 437.417
4226 511.757
4227 489.371
4228 508.157
4229 448.454
4230 487
4231 492.774
4232 449.853
4233 466.002
4234 572.325
4235 513.065
4236 420.628
4237 487.789
4238 541.047
4239 441.899
4240 347.514
4241 479.09
4242 530.888
4243 565.726
4244 508.817
4245 477.376
4246 429.617
4247 421.055
4248 478.921
4249 445.378
4250 420.366
4251 457.516
4252 508.112
4253 454.291
4254 467.512
4255 459.625
4256 490.708
4257 417.489
4258 551.45
4259 443.384
4260 560.519
4261 506.187
4262 477.264
4263 460.776
4264 553.286
4265 488.798
4266 470.097
4267 551.4
4268 490.577
4269 501.196
4270 502.356
4271 542.404
4272 500.569
4273 546.595
4274 593.139
4275 464.926
4276 465.489
4277 418.062
4278 365.929
4279 489.044
4280 465.891
4281 461.098
4282 410.518
4283 501.253
4284 542.319
4285 507.739
4286 501.887
4287 399.157
4288 422.544
4289 451.821
4290 458.263
4291 475.038
4292 521.691
4293 491.941
4294 568.191
4295 457.372
4296 515.694
4297 501.027
4298 470.244
4299 526.729
4300 461.093
4301 446.993
4302 435.106
4303 520.491
4304 567.102
4305 502.273
4306 457.494
4307 452.479
4308 430.392
4309 500.439
4310 547.732
4311 576.708
4312 467.4
4313 477.046
4314 476.678
4315 499.077
4316 614.005
4317 501.519
4318 508.252
4319 464.242
4320 470.152
4321 422.717
4322 558.859
4323 578.037
4324 462.039
4325 512.083
4326 438.018
4327 491.542
4328 594.748
4329 501.481
4330 532.823
4331 472.317
4332 434.988
4333 553.025
4334 549.691
4335 488.098
4336 425.911
4337 508.482
4338 574.591
4339 528.764
4340 506.728
4341 587.149
4342 527.276
4343 476.716
4344 525.597
4345 508.965
4346 520.906
4347 577.049
4348 419.557
4349 529.403
4350 483.871
4351 411.324
4352 489.119
4353 541.799
4354 530.847
4355 521.682
4356 379.426
4357 455.129
4358 486.82
4359 438.158
4360 425.301
4361 557.565
4362 417.68
4363 532.808
4364 543.878
4365 593.68
4366 450.893
4367 470.836
4368 590.909
4369 588.68
4370 525.807
4371 370.67
4372 471.863
4373 486.343
4374 509.79
4375 498.183
4376 464.61
4377 473.275
4378 485.402
4379 447.427
4380 529.74
4381 514.159
4382 538.165
4383 540.662
4384 533.136
4385 581.841
4386 416.185
4387 433.467
4388 399.103
4389 445.357
4390 428.495
4391 468.31
4392 414.455
4393 424.026
4394 453.712
4395 472.79
4396 440.386
4397 372.604
4398 432.826
4399 387.442
4400 522.372
4401 458.388
4402 438.89
4403 486.419
4404 432.134
4405 470.679
4406 516.713
4407 470.382
4408 462.291
4409 504.332
4410 479.38
4411 540.007
4412 434.465
4413 411.755
4414 432.624
4415 567
4416 452.1
4417 400.102
4418 455.235
4419 458.712
4420 345.099
4421 484.505
4422 488.306
4423 455.538
4424 450.263
4425 541.946
4426 490.939
4427 464.592
4428 437.826
4429 516.428
4430 405.586
4431 420.114
4432 540.115
4433 503.911
4434 398.211
4435 470.992
4436 441.187
4437 419.115
4438 492.415
4439 423.237
4440 511.967
4441 490.7
4442 531.912
4443 519.902
4444 495.372
4445 488.926
4446 572.422
4447 419.648
4448 465.194
4449 503.038
4450 508.37
4451 424.862
4452 529.287
4453 469.949
4454 429.018
4455 458.951
4456 409.87
4457 384.514
4458 415.901
4459 469.623
4460 433.405
4461 429.492
4462 411.805
4463 444.135
4464 420.029
4465 401.968
4466 442.907
4467 436.263
4468 376.257
4469 397.944
4470 491.953
4471 410.005
4472 354.616
4473 430.857
4474 421.151
4475 399.292
4476 449.5
4477 441.515
4478 432.039
4479 437.38
4480 432.536
4481 374.245
4482 358.488
4483 423.156
4484 443.497
4485 416.968
4486 391.649
4487 377.732
4488 407.858
4489 464.218
4490 480.779
4491 428.368
4492 477.91
4493 458.117
4494 404.344
4495 343.965
4496 435.628
4497 416.896
4498 405.378
4499 495.254
4500 441.738
4501 424.77
4502 427.249
4503 400.132
4504 375.04
4505 388.776
4506 358.61
4507 390.227
4508 407.704
4509 405.291
4510 448.803
4511 415.017
4512 389.396
4513 390.41
4514 524.971
4515 422.844
4516 464.393
4517 414.953
4518 389.258
4519 395.068
4520 399.858
4521 436.551
4522 411.571
4523 499.486
4524 385.143
4525 427.216
4526 460.432
4527 389.849
4528 467.038
4529 446.323
4530 452.35
4531 393.899
4532 417.639
4533 421.06
4534 510.003
4535 432.637
4536 444.513
4537 458.373
4538 481.609
4539 411.903
4540 398.532
4541 361.112
4542 459.06
4543 483.295
4544 449.264
4545 443.842
4546 444.375
4547 436.579
4548 444.259
4549 329.969
4550 476.352
4551 547.2
4552 507.873
4553 442.217
4554 482.166
4555 501.789
4556 501.527
4557 475.2
4558 417.066
4559 488.453
4560 534.7
4561 472.699
4562 442.441
4563 444.284
4564 484.395
4565 382.027
4566 451.192
4567 389.275
4568 434.13
4569 399.585
4570 506.079
4571 523.76
4572 438.576
4573 439.615
4574 434.821
4575 497.442
4576 493.558
4577 430.075
4578 495.796
4579 491.548
4580 493.414
4581 456.476
4582 518.356
4583 418.963
4584 464.727
4585 484.158
4586 465.512
4587 427.179
4588 448.409
4589 455.547
4590 494.467
4591 416.836
4592 490.9
4593 630.442
4594 510.165
4595 488.034
4596 441.725
4597 468.158
4598 444.13
4599 493.017
4600 468.478
4601 461.94
4602 449.74
4603 488.014
4604 445.59
4605 405.442
4606 444.669
4607 450.051
4608 440.13
4609 374.819
4610 493.685
4611 503.942
4612 445.2
4613 426.125
4614 430.444
4615 496.393
4616 521.864
4617 505.456
4618 378.058
4619 429.666
4620 411.305
4621 459.844
4622 445.152
4623 452.132
4624 472.613
4625 490.674
4626 434.652
4627 458.212
4628 395.49
4629 490.253
4630 516.385
4631 465.427
4632 458.442
4633 430.302
4634 444.65
4635 436.059
4636 486.687
4637 482.173
4638 470.124
4639 507.709
4640 499.547
4641 476.894
4642 464.986
4643 496.246
4644 454.797
4645 458.464
4646 478.82
4647 461.472
4648 429.838
4649 460.336
4650 428.238
4651 520.022
4652 471.569
4653 433.573
4654 425.681
4655 466.877
4656 489.074
4657 482.898
4658 438.709
4659 517.51
4660 417.319
4661 478.862
4662 474.805
4663 540.565
4664 500.925
4665 479.043
4666 483.475
4667 454.305
4668 574.767
4669 445.658
4670 383.115
4671 423.016
4672 405.269
4673 461.403
4674 477.796
4675 551.53
4676 459.425
4677 453.177
4678 462.781
4679 499.326
4680 504.217
4681 451.924
4682 414.46
4683 551.543
4684 443.252
4685 407.988
4686 417.364
4687 416.817
4688 421.141
4689 373.937
4690 413.269
4691 394.845
4692 365.301
4693 394.72
4694 484.086
4695 450.95
4696 432.589
4697 449.576
4698 479.545
4699 457.68
4700 441.334
4701 446.588
4702 433.963
4703 437.825
4704 372.804
4705 499.459
4706 391.904
4707 393.935
4708 510.133
4709 471.781
4710 444.538
4711 516.711
4712 482.304
4713 467.738
4714 498.621
4715 541.17
4716 509.203
4717 504.557
4718 440.564
4719 441.044
4720 422.768
4721 443.533
4722 469.25
4723 478.208
4724 443.835
4725 496.25
4726 465.361
4727 413.792
4728 438.509
4729 488.493
4730 463.916
4731 470.247
4732 454.351
4733 483.196
4734 470.265
4735 435.293
4736 491.674
4737 499.125
4738 419.816
4739 498.256
4740 444.184
4741 512.254
4742 420.689
4743 435.945
4744 517.496
4745 486.175
4746 495.125
4747 459.65
4748 481.825
4749 402.757
4750 516.748
4751 537.896
4752 436.822
4753 448.008
4754 404.423
4755 478.419
4756 460.805
4757 547.526
4758 474.047
4759 450.671
4760 414.531
4761 435.13
4762 537.375
4763 552.092
4764 476.845
4765 437.438
4766 512.891
4767 520.922
4768 486.779
4769 547.804
4770 553.384
4771 436.497
4772 430.277
4773 511.511
4774 488.725
4775 497.127
4776 496.712
4777 488.878
4778 475.485
4779 557.79
4780 531.346
4781 513.921
4782 420.88
4783 493.424
4784 433.455
4785 505.672
4786 580.318
4787 523.724
4788 473.031
4789 447.867
4790 514.101
4791 466.77
4792 371.398
4793 478.438
4794 469.505
4795 501.494
4796 418.362
4797 512.273
4798 448.494
4799 424.322
4800 423.65
4801 465.653
4802 503.859
4803 429.179
4804 507.413
4805 524.666
4806 472.306
4807 447.666
4808 465.578
4809 501.791
4810 514.772
4811 499.393
4812 524.258
4813 598.073
4814 492.895
4815 565.333
4816 435.65
4817 483.37
4818 449.365
4819 466.753
4820 488.132
4821 420.963
4822 425.752
4823 358.552
4824 450.661
4825 478.647
4826 446.381
4827 480.921
4828 453.81
4829 519.222
4830 491.831
4831 445.598
4832 490.026
4833 488.413
4834 533.576
4835 458.261
4836 533.092
4837 450.367
4838 382.407
4839 401.413
4840 500.575
4841 432.089
4842 401.6
4843 433.271
4844 436.588
4845 417.435
4846 464.345
4847 488.237
4848 460.344
4849 397.966
4850 539.067
4851 486.207
4852 463.728
4853 468.701
4854 493.573
4855 455.186
4856 469.205
4857 408.353
4858 454.649
4859 486.894
4860 520.34
4861 447.231
4862 485.036
4863 413.76
4864 416.552
4865 369.146
4866 449.255
4867 413.318
4868 425.668
4869 425.036
4870 445.34
4871 461.651
4872 476.142
4873 510.189
4874 522.751
4875 408.545
4876 442.403
4877 515.129
4878 519.743
4879 493.17
4880 472.355
4881 451.28
4882 462.571
4883 542.262
4884 483.363
4885 493.091
4886 485.228
4887 478.316
4888 420.325
4889 459.581
4890 441.715
4891 476.907
4892 518.816
4893 446.949
4894 494.069
4895 381.709
4896 423.106
4897 456.379
4898 376.886
4899 434.696
4900 444.463
4901 375.861
4902 448.435
4903 402.716
4904 414.815
4905 485.77
4906 431.6
4907 477.602
4908 511.429
4909 492.814
4910 523.75
4911 499.16
4912 506.975
4913 493.141
4914 439.522
4915 412.75
4916 474.574
4917 436.928
4918 491.299
4919 569.196
4920 400.968
4921 376.38
4922 441.255
4923 416.086
4924 453.335
4925 491.18
4926 372.525
4927 503.932
4928 436.21
4929 439.739
4930 456.47
4931 469.869
4932 478.402
4933 461.397
4934 451.664
4935 470.874
4936 370.606
4937 460.248
4938 403.569
4939 406.244
4940 437.44
4941 510.961
4942 463.153
4943 410.397
4944 473.704
4945 511.783
4946 440.655
4947 457.693
4948 447.14
4949 464.041
4950 471.275
4951 492.612
4952 538.33
4953 466.298
4954 388.249
4955 475.457
4956 453.976
4957 456.633
4958 485.318
4959 467.268
4960 438.646
4961 472.253
4962 443.373
4963 428.701
4964 445.388
4965 498.493
4966 433.431
4967 443.723
4968 473.461
4969 417.665
4970 473.715
4971 510.267
4972 472.208
4973 380.817
4974 420.863
4975 445.548
4976 421.599
4977 428.992
4978 406.072
4979 434.116
4980 515.103
4981 455.037
4982 465.851
4983 503.81
4984 416.823
4985 497.718
4986 431.583
4987 505.827
4988 460.877
4989 503.137
4990 381.562
4991 406.858
4992 478.603
4993 473.895
4994 480.267
4995 418.748
4996 479.321
4997 410.829
4998 475.614
4999 497.301
