0 2440.73
1 2211.87
2 2057.02
3 1896.47
4 1784.38
5 1641.26
6 1552.17
7 1490.89
8 1442.2
9 1400.35
10 1339.84
11 1291.74
12 1242.17
13 1189.26
14 1151.81
15 1124.51
16 1102.42
17 1078.77
18 1041.41
19 1008.25
20 973.662
21 946.589
22 910.114
23 889.638
24 876.229
25 859.51
26 831.413
27 799.257
28 770.619
29 745.765
30 727.657
31 708.242
32 698.3
33 684.476
34 675.274
35 672.377
36 655.796
37 631.669
38 627.571
39 618.152
40 608.42
41 599.478
42 593.281
43 589.611
44 579.115
45 569.206
46 561.717
47 552.612
48 543.217
49 536.424
50 526.84
51 522.8
52 516.383
53 514.106
54 511.331
55 505.69
56 494.326
57 485.667
58 482.621
59 478.662
60 474.806
61 466.159
62 456.589
63 440.048
64 430.702
65 429.84
66 424.994
67 419.633
68 418.299
69 408.339
70 402.137
71 397.388
72 391.055
73 386.024
74 381.762
75 372.606
76 362.305
77 356.235
78 355.971
79 355.971
80 355.952
81 351.688
82 343.485
83 339.862
84 335.08
85 327.676
86 323.87
87 319.483
88 319.483
89 319.483
90 319.479
91 319.133
92 317.14
93 314.512
94 313.47
95 313.334
96 312.986
97 307.571
98 302.491
99 300.745
100 298.279
101 294.909
102 292.093
103 290.143
104 287.592
105 285.53
106 283.029
107 281.05
108 278.133
109 277.119
110 277.119
111 277.119
112 277.115
113 276.161
114 274.572
115 273.153
116 270.559
117 269.428
118 268.427
119 268.367
120 268.277
121 268.17
122 267.53
123 266.897
124 266.897
125 266.893
126 265.428
127 263.605
128 262.554
129 260.537
130 260.108
131 259.465
132 259.465
133 259.461
134 258.614
135 256.604
136 255.463
137 253.405
138 252.276
139 250.259
140 247.728
141 246.669
142 245.97
143 245.834
144 245.688
145 242.193
146 233.413
147 229.694
148 229.628
149 228.845
150 224.844
151 222.566
152 222.566
153 222.566
154 222.566
155 222.566
156 222.493
157 222.398
158 222.398
159 222.398
160 222.396
161 221.78
162 221.34
163 221.34
164 221.338
165 220.642
166 219.805
167 213.249
168 204.288
169 203.969
170 203.099
171 199.307
172 195.383
173 185.275
174 178.18
175 177.312
176 175.879
177 174.821
178 174.821
179 174.817
180 174.525
181 174.161
182 174.161
183 174.16
184 174.089
185 172.697
186 171.652
187 171.652
188 171.652
189 171.649
190 170.825
191 169.957
192 169.942
193 169.725
194 169.477
195 169.469
196 169.46
197 169.355
198 168.197
199 166.985
200 166.98
201 166.954
202 160.718
203 151.787
204 150.222
205 149.662
206 147.994
207 141.727
208 140.946
209 140.946
210 140.939
211 139.407
212 138.201
213 137.84
214 137.84
215 137.835
216 136.47
217 135.228
218 133.707
219 131.858
220 131.857
221 131.651
222 130.852
223 128.323
224 127.379
225 127.044
226 126.388
227 126.177
228 126.175
229 125.367
230 125.215
231 125.212
232 124.379
233 123.547
234 123.301
235 123.097
236 122.934
237 122.934
238 122.933
239 122.672
240 122.491
241 122.428
242 122.392
243 122.338
244 122.125
245 121.523
246 120.78
247 119.853
248 119.571
249 118.906
250 117.537
251 116.518
252 116.518
253 116.516
254 116.084
255 115.696
256 115.696
257 115.696
258 115.696
259 115.694
260 115.123
261 114.888
262 114.888
263 114.888
264 114.887
265 114.538
266 114.282
267 114.278
268 113.153
269 111.885
270 111.729
271 111.729
272 111.729
273 111.729
274 111.729
275 111.729
276 111.729
277 111.729
278 111.729
279 111.722
280 111.137
281 110.862
282 110.862
283 110.862
284 110.862
285 110.861
286 110.701
287 109.686
288 108.751
289 108.46
290 108.143
291 108.143
292 108.136
293 107.203
294 106.502
295 106.429
296 105.838
297 105.294
298 104.833
299 104.113
300 104.066
301 104.019
302 104.018
303 103.751
304 103.458
305 103.458
306 103.458
307 103.458
308 103.458
309 103.346
310 103.239
311 103.239
312 103.239
313 103.239
314 103.238
315 103.123
316 103.073
317 103.073
318 103.073
319 103.05
320 103.02
321 102.472
322 102.055
323 101.872
324 101.872
325 101.872
326 101.872
327 101.872
328 101.872
329 101.872
330 101.87
331 101.554
332 101.097
333 101.097
334 101.097
335 101.097
336 101.097
337 101.097
338 101.097
339 101.097
340 101.097
341 101.097
342 101.097
343 101.097
344 101.089
345 100.787
346 100.63
347 100.63
348 100.63
349 100.628
350 99.7878
351 99.4979
352 99.4979
353 99.4968
354 99.2118
355 98.9682
356 98.9682
357 98.9682
358 98.9682
359 98.9679
360 98.902
361 98.8348
362 98.8328
363 98.3255
364 97.2356
365 95.4797
366 93.998
367 93.998
368 93.998
369 93.998
370 93.998
371 93.998
372 93.998
373 93.9953
374 93.7356
375 93.1792
376 92.6701
377 92.6701
378 92.6701
379 92.6701
380 92.6684
381 92.4174
382 92.2461
383 92.2436
384 91.6168
385 90.9984
386 90.9984
387 90.9984
388 90.9984
389 90.9984
390 90.9984
391 90.9915
392 89.3375
393 87.5222
394 87.5222
395 87.5197
396 86.8614
397 86.2526
398 86.2526
399 86.2526
400 86.2526
401 86.2526
402 86.2526
403 86.2526
404 86.2526
405 86.2526
406 86.2526
407 86.2526
408 86.2526
409 86.2508
410 85.8463
411 85.3498
412 85.3498
413 85.3498
414 85.3498
415 85.3498
416 85.3498
417 85.3485
418 85.0292
419 84.726
420 84.726
421 84.726
422 84.726
423 84.726
424 84.726
425 84.726
426 84.726
427 84.726
428 84.726
429 84.726
430 84.726
431 84.726
432 84.7253
433 84.5477
434 84.3524
435 84.3524
436 84.3524
437 84.3524
438 84.3524
439 84.3524
440 84.3524
441 84.3524
442 84.3519
443 84.2423
444 84.0949
445 84.0949
446 84.0949
447 84.0949
448 84.0949
449 84.0949
450 84.0949
451 84.0949
452 84.0949
453 84.0914
454 83.33
455 82.3324
456 82.3324
457 82.3324
458 82.3324
459 82.332
460 82.1798
461 82.1026
462 81.1301
463 80.9103
464 80.9103
465 80.9103
466 80.9103
467 80.9103
468 80.9103
469 80.9103
470 80.9103
471 80.9085
472 80.4872
473 80.0093
474 79.7301
475 79.5671
476 79.1067
477 78.9199
478 78.9199
479 78.9199
480 78.9199
481 78.9199
482 78.9199
483 78.9199
484 78.9199
485 78.9199
486 78.9199
487 78.9199
488 78.9199
489 78.918
490 78.5672
491 78.1639
492 77.9912
493 77.9912
494 77.9912
495 77.9912
496 77.9912
497 77.9912
498 77.9912
499 77.9912
500 77.9912
501 77.9912
502 77.9852
503 77.5876
504 77.4124
505 77.4124
506 77.4124
507 77.4124
508 77.4124
509 77.4124
510 77.4124
511 77.4124
512 77.4124
513 77.4124
514 77.4122
515 77.3774
516 77.3109
517 77.2712
518 77.2685
519 77.1026
520 77.0459
521 77.0459
522 77.0459
523 77.0459
524 77.0459
525 77.0429
526 76.7004
527 76.298
528 76.2965
529 75.9608
530 75.5552
531 75.5552
532 75.5552
533 75.5552
534 75.5552
535 75.5552
536 75.5552
537 75.5552
538 75.5552
539 75.5552
540 75.5552
541 75.5552
542 75.5552
543 75.5552
544 75.5552
545 75.5552
546 75.5552
547 75.5552
548 75.5457
549 74.8377
550 74.6036
551 74.6028
552 74.4481
553 74.2257
554 74.1946
555 74.1946
556 74.1946
557 74.1946
558 74.1946
559 74.1946
560 74.1946
561 74.1946
562 74.1946
563 74.1946
564 74.1946
565 74.1946
566 74.1946
567 74.1946
568 74.1946
569 74.1936
570 73.9091
571 72.1241
572 70.8317
573 70.1221
574 70.1221
575 70.1221
576 70.1221
577 70.1221
578 70.1221
579 70.1221
580 70.1221
581 70.1221
582 70.1221
583 70.1221
584 70.1221
585 70.1221
586 70.1221
587 70.1221
588 70.1221
589 70.1221
590 70.1221
591 70.1221
592 70.1221
593 70.1221
594 70.1221
595 70.1221
596 70.1221
597 70.1221
598 70.1221
599 70.1221
600 70.1221
601 70.1221
602 70.1221
603 70.1221
604 70.1221
605 70.1221
606 70.1221
607 70.1221
608 70.1221
609 70.1221
610 70.1221
611 70.1221
612 70.1221
613 70.1221
614 70.1221
615 70.1221
616 70.1221
617 70.1221
618 70.1221
619 70.1221
620 70.1221
621 70.1221
622 70.1221
623 70.1218
624 70.0171
625 69.9087
626 69.8775
627 69.8775
628 69.8775
629 69.8775
630 69.8775
631 69.8775
632 69.8775
633 69.8775
634 69.8775
635 69.8775
636 69.8775
637 69.8775
638 69.8775
639 69.8775
640 69.8775
641 69.8775
642 69.8775
643 69.8775
644 69.8775
645 69.8775
646 69.8775
647 69.8775
648 69.8775
649 69.8775
650 69.8775
651 69.8752
652 69.2017
653 68.6919
654 68.6919
655 68.6919
656 68.6919
657 68.6919
658 68.6917
659 68.6237
660 68.1771
661 68.0373
662 68.0373
663 68.0373
664 68.0373
665 68.0373
666 68.0373
667 68.0367
668 67.8211
669 67.7403
670 67.7403
671 67.7403
672 67.7403
673 67.7403
674 67.7403
675 67.7403
676 67.7403
677 67.7403
678 67.7403
679 67.7403
680 67.7403
681 67.7403
682 67.7403
683 67.7403
684 67.7403
685 67.7403
686 67.7403
687 67.7403
688 67.7403
689 67.7403
690 67.7403
691 67.7403
692 67.7403
693 67.7403
694 67.7403
695 67.7403
696 67.7394
697 67.5013
698 67.1906
699 67.131
700 67.131
701 67.131
702 67.131
703 67.1297
704 66.8376
705 66.4846
706 66.4846
707 66.4846
708 66.4827
709 66.2089
710 66.0009
711 66.0009
712 66.0009
713 66.0009
714 66.0009
715 66.0009
716 66.0009
717 66.0009
718 66.0009
719 66.0009
720 66.0009
721 66.0009
722 66.0009
723 66.0009
724 66.0009
725 66.0009
726 66.0009
727 66.0009
728 66.0009
729 66.0009
730 66.0009
731 66.0009
732 66.0009
733 66.0009
734 65.996
735 65.5042
736 65.1783
737 65.1783
738 65.1783
739 65.1783
740 65.1783
741 65.1783
742 65.1783
743 65.1783
744 65.1783
745 65.1783
746 65.1783
747 65.1783
748 65.1783
749 65.1783
750 65.1783
751 65.1783
752 65.1783
753 65.1783
754 65.1783
755 65.1783
756 65.1783
757 65.1783
758 65.1783
759 65.1783
760 65.1783
761 65.1783
762 65.1783
763 65.1783
764 65.1783
765 65.1783
766 65.1783
767 65.1783
768 65.1783
769 65.1783
770 65.1783
771 65.1783
772 65.1783
773 65.1783
774 65.1783
775 65.1783
776 65.1783
777 65.1783
778 65.1783
779 65.1783
780 65.1765
781 64.6034
782 64.2996
783 64.2996
784 64.2996
785 64.2996
786 64.2996
787 64.2996
788 64.2996
789 64.2996
790 64.2996
791 64.2996
792 64.2996
793 64.2996
794 64.2996
795 64.2996
796 64.2996
797 64.2996
798 64.2996
799 64.2996
800 64.2996
801 64.2989
802 64.0661
803 63.9858
804 63.9858
805 63.9858
806 63.9858
807 63.9858
808 63.9858
809 63.9858
810 63.9858
811 63.9858
812 63.9858
813 63.9858
814 63.9858
815 63.9858
816 63.9858
817 63.9858
818 63.9858
819 63.9858
820 63.9858
821 63.9858
822 63.9858
823 63.9858
824 63.9858
825 63.9858
826 63.9858
827 63.9858
828 63.9858
829 63.9858
830 63.9858
831 63.9858
832 63.9858
833 63.9858
834 63.9858
835 63.9858
836 63.9858
837 63.9858
838 63.9858
839 63.9858
840 63.9858
841 63.9858
842 63.9858
843 63.9858
844 63.9858
845 63.9858
846 63.9858
847 63.9858
848 63.9858
849 63.9858
850 63.9858
851 63.9858
852 63.9858
853 63.9858
854 63.9858
855 63.9858
856 63.9858
857 63.9858
858 63.9858
859 63.9858
860 63.9858
861 63.9858
862 63.9858
863 63.9858
864 63.9858
865 63.9858
866 63.9858
867 63.9858
868 63.9858
869 63.9858
870 63.9858
871 63.9858
872 63.9858
873 63.9858
874 63.9858
875 63.9858
876 63.9858
877 63.9858
878 63.9858
879 63.9858
880 63.9858
881 63.9858
882 63.9858
883 63.9858
884 63.9858
885 63.9858
886 63.9858
887 63.9858
888 63.9858
889 63.9858
890 63.9858
891 63.9858
892 63.9843
893 63.5653
894 63.2558
895 63.2558
896 63.2558
897 63.2558
898 63.2558
899 63.2558
900 63.2558
901 63.2558
902 63.2558
903 63.2558
904 63.2558
905 63.2558
906 63.2558
907 63.2558
908 63.2558
909 63.2558
910 63.2558
911 63.2558
912 63.2558
913 63.2558
914 63.2558
915 63.2558
916 63.2558
917 63.2558
918 63.2558
919 63.2558
920 63.2558
921 63.2558
922 63.2558
923 63.2558
924 63.2558
925 63.2558
926 63.2558
927 63.2558
928 63.2558
929 63.2558
930 63.2558
931 63.2558
932 63.2558
933 63.2558
934 63.2558
935 63.2557
936 63.2165
937 63.1738
938 63.1738
939 63.1738
940 63.1738
941 63.1738
942 63.1738
943 63.1738
944 63.1738
945 63.1738
946 63.1738
947 63.1738
948 63.1738
949 63.1738
950 63.1738
951 63.1738
952 63.1738
953 63.1738
954 63.1738
955 63.1738
956 63.1738
957 63.1738
958 63.1738
959 63.1738
960 63.1738
961 63.1738
962 63.1738
963 63.1738
964 63.1738
965 63.1738
966 63.1738
967 63.1738
968 63.1738
969 63.1738
970 63.1738
971 63.1738
972 63.1738
973 63.1738
974 63.1738
975 63.1738
976 63.1738
977 63.1738
978 63.1738
979 63.1738
980 63.1738
981 63.1738
982 63.1737
983 63.1369
984 63.1257
985 63.1257
986 63.1257
987 63.1257
988 63.1257
989 63.1257
990 63.1257
991 63.1257
992 63.1257
993 63.1257
994 63.1257
995 63.1257
996 63.1257
997 63.1257
998 63.1257
999 63.1242
1000 63.1224
1001 63.1222
1002 63.1247
1003 63.1222
1004 63.1222
1005 63.1222
1006 63.1222
1007 63.1222
1008 63.1222
1009 63.1222
1010 63.1222
1011 63.1222
1012 63.1222
1013 63.1222
1014 63.1222
1015 63.1222
1016 63.1222
1017 63.1222
1018 63.1222
1019 63.1222
1020 63.1222
1021 63.1222
1022 63.1222
1023 63.1222
1024 63.1222
1025 63.1222
1026 63.1222
1027 63.1222
1028 63.1222
1029 63.1222
1030 63.1222
1031 63.1222
1032 63.1222
1033 63.1222
1034 63.1222
1035 63.1222
1036 63.1222
1037 63.1222
1038 63.1222
1039 63.1222
1040 63.1222
1041 63.1222
1042 63.1222
1043 63.1222
1044 63.1222
1045 63.1222
1046 63.1221
1047 63.1044
1048 63.0826
1049 63.0826
1050 63.0826
1051 63.0826
1052 63.0826
1053 63.0826
1054 63.0826
1055 63.0826
1056 63.0826
1057 63.0826
1058 63.0826
1059 63.0826
1060 63.0826
1061 63.0826
1062 63.0826
1063 63.0826
1064 63.0826
1065 63.0826
1066 63.0826
1067 63.0826
1068 63.0826
1069 63.0826
1070 63.0826
1071 63.0826
1072 63.0826
1073 63.0826
1074 63.0826
1075 63.0826
1076 63.0826
1077 63.0826
1078 63.0826
1079 63.0826
1080 63.0826
1081 63.0826
1082 63.0826
1083 63.0826
1084 63.0826
1085 63.0826
1086 63.0826
1087 63.0826
1088 63.0826
1089 63.0826
1090 63.0826
1091 63.0826
1092 63.0826
1093 63.0826
1094 63.0826
1095 63.0826
1096 63.0826
1097 63.0826
1098 63.0826
1099 63.0826
1100 63.0826
1101 63.0826
1102 63.0826
1103 63.0826
1104 63.0826
1105 63.0826
1106 63.0826
1107 63.0826
1108 63.0826
1109 63.0826
1110 63.0826
1111 63.0826
1112 63.0826
1113 63.0826
1114 63.0826
1115 63.0826
1116 63.0826
1117 63.0826
1118 63.0826
1119 63.0826
1120 63.0826
1121 63.0826
1122 63.0826
1123 63.0826
1124 63.0826
1125 63.0826
1126 63.0826
1127 63.0813
1128 62.7533
1129 62.405
1130 62.405
1131 62.405
1132 62.405
1133 62.405
1134 62.405
1135 62.405
1136 62.405
1137 62.405
1138 62.405
1139 62.405
1140 62.405
1141 62.405
1142 62.405
1143 62.405
1144 62.405
1145 62.405
1146 62.405
1147 62.405
1148 62.405
1149 62.405
1150 62.405
1151 62.405
1152 62.405
1153 62.405
1154 62.405
1155 62.405
1156 62.405
1157 62.405
1158 62.405
1159 62.405
1160 62.405
1161 62.405
1162 62.405
1163 62.405
1164 62.405
1165 62.405
1166 62.405
1167 62.405
1168 62.405
1169 62.405
1170 62.405
1171 62.405
1172 62.405
1173 62.405
1174 62.405
1175 62.405
1176 62.405
1177 62.405
1178 62.405
1179 62.405
1180 62.405
1181 62.405
1182 62.405
1183 62.405
1184 62.405
1185 62.405
1186 62.405
1187 62.405
1188 62.405
1189 62.405
1190 62.405
1191 62.405
1192 62.405
1193 62.405
1194 62.405
1195 62.405
1196 62.405
1197 62.405
1198 62.4043
1199 62.3293
1200 62.2986
1201 62.2986
1202 62.2986
1203 62.2986
1204 62.2986
1205 62.2986
1206 62.2986
1207 62.2986
1208 62.2986
1209 62.2986
1210 62.2986
1211 62.2986
1212 62.2986
1213 62.2986
1214 62.2986
1215 62.2986
1216 62.2986
1217 62.2986
1218 62.2968
1219 61.9177
1220 61.8318
1221 61.8318
1222 61.8318
1223 61.8318
1224 61.8318
1225 61.8318
1226 61.8318
1227 61.8318
1228 61.8318
1229 61.8318
1230 61.8318
1231 61.8318
1232 61.8318
1233 61.8318
1234 61.8318
1235 61.8318
1236 61.8318
1237 61.8318
1238 61.8318
1239 61.8318
1240 61.8318
1241 61.8318
1242 61.8318
1243 61.8318
1244 61.8318
1245 62.5218
1246 61.8318
1247 61.8318
1248 61.8318
1249 61.8318
1250 61.8318
1251 61.8318
1252 61.8318
1253 61.8318
1254 61.8318
1255 61.8318
1256 61.8318
1257 61.8318
1258 61.8318
1259 61.8318
1260 61.8318
1261 61.8318
1262 61.8318
1263 61.8318
1264 61.8318
1265 61.8318
1266 61.8318
1267 61.8318
1268 61.8318
1269 61.8318
1270 61.8318
1271 61.8318
1272 61.8318
1273 61.8318
1274 61.8318
1275 61.8318
1276 61.8318
1277 61.8318
1278 61.8318
1279 61.8318
1280 61.8318
1281 61.8318
1282 61.8318
1283 61.8318
1284 61.9845
1285 61.8318
1286 61.8318
1287 61.8318
1288 61.8318
1289 61.8318
1290 61.8318
1291 61.8318
1292 61.8318
1293 61.8318
1294 61.8318
1295 61.8318
1296 61.8318
1297 61.8318
1298 61.8318
1299 61.8318
1300 61.8318
1301 61.8318
1302 61.8318
1303 61.8318
1304 61.8318
1305 61.8318
1306 61.8318
1307 61.8318
1308 61.8318
1309 61.8318
1310 61.8318
1311 61.8318
1312 61.8318
1313 61.8318
1314 61.8318
1315 61.8318
1316 61.8318
1317 61.8318
1318 61.8318
1319 61.8318
1320 61.8318
1321 61.8318
1322 61.8318
1323 61.8318
1324 61.8318
1325 61.8318
1326 61.8318
1327 61.8318
1328 61.8318
1329 61.8318
1330 61.8318
1331 61.8318
1332 61.8318
1333 61.8318
1334 61.8318
1335 61.8318
1336 61.8318
1337 61.8318
1338 61.8318
1339 61.8318
1340 61.8318
1341 61.8318
1342 61.8318
1343 61.8318
1344 61.8318
1345 61.8318
1346 61.8318
1347 61.8318
1348 61.8318
1349 61.8318
1350 61.8318
1351 61.8318
1352 61.8318
1353 61.8318
1354 61.8318
1355 61.8318
1356 61.8318
1357 61.8318
1358 61.8318
1359 61.8318
1360 61.8318
1361 61.8318
1362 61.8318
1363 61.8311
1364 61.6679
1365 61.4917
1366 61.4917
1367 61.4917
1368 61.4917
1369 61.4917
1370 61.4917
1371 61.4917
1372 61.4917
1373 61.4917
1374 61.4917
1375 61.4917
1376 61.4917
1377 61.4917
1378 61.4916
1379 61.4541
1380 61.3084
1381 61.2081
1382 61.1737
1383 61.1737
1384 61.1737
1385 61.1737
1386 61.1737
1387 61.1737
1388 61.1737
1389 61.1737
1390 61.1737
1391 61.1737
1392 61.1737
1393 61.1737
1394 61.1737
1395 61.1737
1396 61.1737
1397 61.1737
1398 61.1737
1399 61.1737
1400 61.1737
1401 61.1737
1402 61.1737
1403 61.1737
1404 61.1737
1405 61.1737
1406 61.1737
1407 61.1737
1408 61.1737
1409 61.1737
1410 61.1737
1411 61.1737
1412 61.1737
1413 61.1737
1414 61.1737
1415 61.1737
1416 61.1737
1417 61.1737
1418 61.1737
1419 61.1737
1420 61.1737
1421 61.1737
1422 61.1737
1423 61.1737
1424 61.1737
1425 61.1737
1426 61.1737
1427 61.1737
1428 61.1737
1429 61.1737
1430 61.1737
1431 61.1737
1432 61.1697
1433 61.0781
1434 60.9886
1435 60.9886
1436 60.9886
1437 60.9886
1438 60.9886
1439 60.9886
1440 60.9886
1441 60.9886
1442 60.9886
1443 60.9886
1444 60.9886
1445 60.9886
1446 60.9886
1447 60.9886
1448 60.9886
1449 60.9886
1450 60.9886
1451 60.9886
1452 60.9875
1453 60.7385
1454 60.452
1455 60.452
1456 60.452
1457 60.452
1458 60.452
1459 60.452
1460 60.452
1461 60.452
1462 60.452
1463 60.452
1464 60.452
1465 60.452
1466 60.452
1467 60.452
1468 60.452
1469 60.452
1470 60.452
1471 60.452
1472 60.452
1473 60.452
1474 60.452
1475 60.452
1476 60.452
1477 60.452
1478 60.452
1479 60.452
1480 60.452
1481 60.452
1482 60.452
1483 60.452
1484 60.452
1485 60.452
1486 60.452
1487 60.452
1488 60.452
1489 60.452
1490 60.452
1491 60.452
1492 60.452
1493 60.452
1494 60.452
1495 60.452
1496 60.452
1497 60.452
1498 60.452
1499 60.452
1500 60.452
1501 60.452
1502 60.452
1503 60.452
1504 60.452
1505 60.452
1506 60.452
1507 60.452
1508 60.452
1509 60.452
1510 60.452
1511 60.452
1512 60.452
1513 60.452
1514 60.452
1515 60.452
1516 60.452
1517 60.452
1518 60.452
1519 60.452
1520 60.452
1521 60.4519
1522 60.426
1523 60.4025
1524 60.4025
1525 60.4025
1526 60.4025
1527 60.4025
1528 60.4025
1529 60.4025
1530 60.4025
1531 60.4025
1532 60.4025
1533 60.4025
1534 60.4025
1535 60.4025
1536 60.4025
1537 60.4025
1538 60.4025
1539 60.4025
1540 60.4025
1541 60.4025
1542 60.4025
1543 60.4025
1544 60.4022
1545 60.3286
1546 60.2476
1547 60.1701
1548 60.0909
1549 60.0909
1550 60.0909
1551 60.0909
1552 60.0909
1553 60.0909
1554 60.0909
1555 60.0909
1556 60.0909
1557 60.0909
1558 60.0909
1559 60.0909
1560 60.0909
1561 60.0909
1562 60.0897
1563 59.8951
1564 59.7995
1565 59.7995
1566 59.7995
1567 59.7995
1568 59.7995
1569 59.7995
1570 59.7995
1571 59.7995
1572 59.7995
1573 59.7995
1574 59.7995
1575 59.7995
1576 59.7995
1577 59.7995
1578 59.7995
1579 59.7995
1580 59.7995
1581 59.7995
1582 59.7995
1583 59.7995
1584 59.7995
1585 59.7995
1586 59.7995
1587 59.7995
1588 59.7995
1589 59.7995
1590 59.7989
1591 59.6846
1592 59.5107
1593 59.5107
1594 59.5107
1595 59.5107
1596 59.5107
1597 59.5107
1598 59.5107
1599 59.5107
1600 59.5107
1601 59.5107
1602 59.5107
1603 59.5107
1604 59.5107
1605 59.5107
1606 59.5107
1607 59.5107
1608 59.5107
1609 59.5107
1610 59.5107
1611 59.5107
1612 59.5107
1613 59.5107
1614 59.5107
1615 59.5107
1616 59.5107
1617 59.5107
1618 59.5107
1619 59.5107
1620 59.5107
1621 59.5107
1622 59.5107
1623 59.5107
1624 59.5107
1625 59.5107
1626 59.5107
1627 59.5107
1628 59.5107
1629 59.5107
1630 59.5107
1631 59.5107
1632 59.5107
1633 59.5107
1634 59.5107
1635 59.5107
1636 59.5107
1637 59.5107
1638 59.5107
1639 59.5107
1640 59.4904
1641 59.2063
1642 58.9558
1643 58.9558
1644 58.9558
1645 58.9558
1646 58.9558
1647 58.9558
1648 58.9558
1649 58.9558
1650 58.9558
1651 58.9558
1652 58.9558
1653 58.9558
1654 58.9558
1655 58.9558
1656 58.9558
1657 58.9558
1658 58.9558
1659 58.9558
1660 58.9558
1661 58.9558
1662 58.9558
1663 58.9558
1664 58.9558
1665 58.9558
1666 58.9558
1667 58.9558
1668 58.9558
1669 58.9558
1670 58.9558
1671 58.9558
1672 58.9558
1673 58.9558
1674 58.9558
1675 58.9558
1676 58.9558
1677 58.9558
1678 58.9558
1679 58.9558
1680 58.9558
1681 58.9558
1682 58.9558
1683 58.9558
1684 58.9558
1685 58.9558
1686 58.9558
1687 58.9558
1688 58.9558
1689 58.9558
1690 58.9558
1691 58.9558
1692 58.9558
1693 58.9558
1694 58.9558
1695 58.9558
1696 58.9558
1697 58.9558
1698 58.9558
1699 58.9558
1700 58.9558
1701 58.9558
1702 58.9558
1703 58.9558
1704 58.9558
1705 58.9558
1706 58.9558
1707 58.9558
1708 58.9558
1709 58.9558
1710 58.9558
1711 58.9558
1712 58.9558
1713 58.9558
1714 58.9558
1715 58.9558
1716 58.9558
1717 58.9558
1718 58.9558
1719 58.9558
1720 58.9558
1721 58.9558
1722 58.9558
1723 58.9558
1724 58.9558
1725 58.9558
1726 58.9558
1727 58.9558
1728 58.9558
1729 58.9558
1730 58.9558
1731 58.9558
1732 58.9558
1733 58.9558
1734 58.9558
1735 58.9558
1736 58.9558
1737 58.9558
1738 58.9558
1739 58.9558
1740 58.9558
1741 58.9558
1742 58.9558
1743 58.9558
1744 58.9558
1745 58.9558
1746 58.9558
1747 58.9558
1748 58.9558
1749 58.9558
1750 58.9558
1751 58.9558
1752 58.9558
1753 58.9558
1754 58.9558
1755 58.9558
1756 58.9558
1757 58.9558
1758 58.9558
1759 58.9558
1760 58.9558
1761 58.9558
1762 58.9558
1763 58.9558
1764 58.9558
1765 58.9558
1766 58.9558
1767 58.9558
1768 58.9558
1769 58.9558
1770 58.9558
1771 58.9558
1772 58.9558
1773 58.9558
1774 58.9558
1775 58.9558
1776 58.9558
1777 58.9558
1778 58.9558
1779 58.9558
1780 58.9558
1781 58.9558
1782 58.9558
1783 58.9558
1784 58.9558
1785 58.9558
1786 58.9558
1787 58.9558
1788 58.9558
1789 58.9558
1790 58.9558
1791 58.9558
1792 58.9558
1793 58.9558
1794 58.9558
1795 58.9558
1796 58.9558
1797 58.9558
1798 58.9558
1799 58.9558
1800 58.9558
1801 58.9558
1802 58.9558
1803 58.9558
1804 58.9558
1805 58.9558
1806 58.9558
1807 58.9558
1808 58.9558
1809 58.9558
1810 58.9558
1811 58.9558
1812 58.9558
1813 58.9558
1814 58.9558
1815 58.9558
1816 58.9558
1817 58.9558
1818 58.9558
1819 58.9558
1820 58.9558
1821 58.9558
1822 58.9558
1823 58.9558
1824 58.9558
1825 58.9558
1826 58.9558
1827 58.9558
1828 58.9558
1829 58.9558
1830 58.9558
1831 58.9558
1832 58.9558
1833 58.9558
1834 58.9558
1835 58.9558
1836 58.9558
1837 58.9558
1838 58.9558
1839 58.9558
1840 58.9558
1841 58.9558
1842 58.9558
1843 58.9558
1844 58.9558
1845 58.9558
1846 58.9558
1847 58.9558
1848 58.9558
1849 58.9558
1850 58.9558
1851 58.9558
1852 58.9558
1853 58.9558
1854 58.9558
1855 58.9558
1856 58.9558
1857 58.9558
1858 58.9558
1859 58.9558
1860 58.9558
1861 58.9558
1862 58.9558
1863 58.9558
1864 58.9558
1865 58.9558
1866 58.9558
1867 58.9558
1868 58.9558
1869 58.9558
1870 58.9558
1871 58.9558
1872 58.9558
1873 58.9558
1874 58.9558
1875 58.9558
1876 58.9558
1877 58.9558
1878 58.9558
1879 58.9558
1880 58.9558
1881 58.9558
1882 58.9558
1883 58.9558
1884 58.9558
1885 58.9558
1886 58.9558
1887 58.9558
1888 58.9558
1889 58.9558
1890 58.9558
1891 58.9558
1892 58.9558
1893 58.9558
1894 58.9558
1895 58.9558
1896 58.9558
1897 58.9558
1898 58.9558
1899 58.9558
1900 58.9558
1901 58.9558
1902 58.9558
1903 58.9558
1904 58.9558
1905 58.9558
1906 58.9558
1907 58.9558
1908 58.9558
1909 58.9558
1910 58.9558
1911 58.9558
1912 58.9558
1913 58.9558
1914 58.9558
1915 58.9558
1916 58.9558
1917 58.9558
1918 58.9558
1919 58.9558
1920 58.9558
1921 58.9558
1922 58.9558
1923 58.9558
1924 58.9558
1925 58.9558
1926 58.9558
1927 58.9558
1928 58.9558
1929 58.9558
1930 58.9558
1931 58.9558
1932 58.9558
1933 58.9558
1934 58.9558
1935 58.9558
1936 58.9558
1937 58.9558
1938 58.9558
1939 58.9558
1940 58.9558
1941 58.9558
1942 58.9558
1943 58.9558
1944 58.9558
1945 58.9558
1946 58.9558
1947 58.9558
1948 58.9558
1949 58.9558
1950 58.9558
1951 58.9558
1952 58.9558
1953 58.9558
1954 58.9558
1955 58.9558
1956 58.9558
1957 58.9558
1958 58.9558
1959 58.9558
1960 58.9558
1961 58.9558
1962 58.9558
1963 58.9558
1964 58.9558
1965 58.9558
1966 58.9558
1967 58.9558
1968 58.9558
1969 58.9558
1970 58.9558
1971 58.9558
1972 58.9558
1973 58.9558
1974 58.9558
1975 58.9558
1976 58.9558
1977 58.9558
1978 58.9558
1979 58.9558
1980 58.9558
1981 58.9558
1982 58.9558
1983 58.9558
1984 58.9558
1985 58.9558
1986 58.9558
1987 58.9558
1988 58.9558
1989 58.9558
1990 58.9558
1991 58.9558
1992 58.9558
1993 58.9558
1994 58.9558
1995 58.9558
1996 58.9558
1997 58.9558
1998 58.9558
1999 58.9558
2000 58.9558
2001 58.9558
2002 58.9558
2003 58.9558
2004 58.9558
2005 58.9558
2006 58.9558
2007 58.9558
2008 58.9558
2009 58.9558
2010 58.9558
2011 58.9558
2012 58.9558
2013 58.9558
2014 58.9558
2015 58.9558
2016 58.9558
2017 58.9558
2018 58.9558
2019 58.9558
2020 58.9558
2021 58.9558
2022 58.9558
2023 58.9558
2024 58.9558
2025 58.9558
2026 58.9558
2027 58.9558
2028 58.9558
2029 58.9558
2030 58.9558
2031 58.9558
2032 58.9558
2033 58.9558
2034 58.9558
2035 58.9558
2036 58.9558
2037 58.9558
2038 58.9862
2039 58.9558
2040 58.9558
2041 58.9558
2042 58.9558
2043 58.9558
2044 58.9558
2045 58.9558
2046 58.9558
2047 58.9558
2048 58.9558
2049 58.9558
2050 58.9558
2051 58.9558
2052 58.9772
2053 58.9662
2054 58.9558
2055 58.9558
2056 58.9558
2057 58.9558
2058 58.9558
2059 58.9558
2060 58.9558
2061 58.9558
2062 58.9558
2063 58.9558
2064 58.9558
2065 58.9558
2066 58.9558
2067 58.9558
2068 58.9558
2069 58.9558
2070 58.9558
2071 58.9558
2072 58.9558
2073 58.9558
2074 58.9558
2075 58.9558
2076 58.9558
2077 58.9558
2078 58.9558
2079 58.9558
2080 58.9558
2081 58.9558
2082 58.9558
2083 58.9558
2084 58.9558
2085 58.9558
2086 58.9558
2087 58.9558
2088 58.9558
2089 58.9558
2090 58.9558
2091 58.9558
2092 58.9558
2093 58.9558
2094 58.9558
2095 58.9558
2096 58.9558
2097 58.9558
2098 58.9558
2099 58.9558
2100 58.9558
2101 58.9558
2102 58.9558
2103 58.9558
2104 58.9558
2105 58.9558
2106 58.9558
2107 58.9558
2108 58.9558
2109 58.9558
2110 58.9558
2111 58.9558
2112 58.9558
2113 58.9558
2114 58.9558
2115 58.9558
2116 58.9558
2117 58.9558
2118 58.9558
2119 58.9558
2120 58.9558
2121 58.9558
2122 58.9558
2123 58.9558
2124 58.9558
2125 58.9558
2126 58.9558
2127 58.9558
2128 58.9558
2129 58.9558
2130 58.9558
2131 58.9558
2132 58.9558
2133 58.9558
2134 58.9558
2135 58.9558
2136 58.9558
2137 58.9558
2138 58.9558
2139 58.9558
2140 58.9558
2141 58.9558
2142 58.9558
2143 58.9558
2144 58.9558
2145 58.9558
2146 58.9558
2147 58.9558
2148 58.9558
2149 58.9558
2150 58.9558
2151 58.9558
2152 58.9558
2153 58.9558
2154 58.9558
2155 58.9558
2156 58.9558
2157 58.9558
2158 58.9558
2159 58.9558
2160 58.9558
2161 58.9558
2162 58.9558
2163 58.9558
2164 58.9558
2165 58.9558
2166 58.9558
2167 58.9558
2168 58.9558
2169 58.9558
2170 58.9558
2171 58.9558
2172 58.9558
2173 58.9558
2174 58.9558
2175 58.9558
2176 58.9558
2177 58.9558
2178 58.9558
2179 58.9558
2180 58.9558
2181 58.9558
2182 58.9558
2183 58.9558
2184 58.9558
2185 58.9558
2186 58.9558
2187 58.9558
2188 58.9558
2189 58.9558
2190 58.9558
2191 58.9558
2192 58.9558
2193 58.9558
2194 58.9558
2195 58.9558
2196 58.9558
2197 58.9558
2198 58.9558
2199 58.9558
2200 58.9558
2201 58.9558
2202 58.9558
2203 58.9558
2204 58.9558
2205 58.9558
2206 58.9558
2207 58.9558
2208 58.9558
2209 58.9558
2210 58.9558
2211 58.9558
2212 58.9558
2213 58.9558
2214 58.9558
2215 58.9558
2216 58.9558
2217 58.9558
2218 58.9558
2219 58.9558
2220 58.9558
2221 58.9558
2222 58.9558
2223 58.9558
2224 58.9558
2225 58.9558
2226 58.9558
2227 58.9558
2228 58.9558
2229 58.9558
2230 58.9558
2231 58.9558
2232 58.9558
2233 58.9558
2234 58.9558
2235 58.9558
2236 58.9558
2237 58.9558
2238 58.9558
2239 58.9558
2240 58.9558
2241 58.9558
2242 58.9558
2243 58.9558
2244 58.9558
2245 58.9558
2246 58.9558
2247 58.9558
2248 58.9558
2249 58.9558
2250 58.9558
2251 58.9558
2252 58.9558
2253 58.9558
2254 58.9558
2255 58.9558
2256 58.9558
2257 58.9558
2258 58.9558
2259 58.9558
2260 58.9558
2261 58.9558
2262 58.9558
2263 58.9558
2264 58.9558
2265 58.9558
2266 58.9558
2267 58.9558
2268 58.9558
2269 58.9558
2270 58.9558
2271 58.9558
2272 58.9558
2273 58.9558
2274 58.9558
2275 58.9558
2276 58.9558
2277 58.9558
2278 58.9558
2279 58.9558
2280 58.9558
2281 58.9558
2282 58.9558
2283 58.9558
2284 58.9558
2285 58.9558
2286 58.9558
2287 58.9558
2288 58.9558
2289 58.9558
2290 58.9558
2291 58.9558
2292 58.9558
2293 58.9558
2294 58.9558
2295 58.9558
2296 59.672
2297 63.8674
2298 66.9691
2299 76.0519
2300 77.4752
2301 80.8029
2302 79.3099
2303 91.0036
2304 104.139
2305 106.722
2306 111.31
2307 109.606
2308 92.1863
2309 88.9252
2310 95.0183
2311 95.0758
2312 109.2
2313 122.928
2314 135.052
2315 135.728
2316 149.105
2317 130.374
2318 133.763
2319 144.614
2320 152.818
2321 152.599
2322 166.898
2323 167.825
2324 177.282
2325 222.596
2326 202.967
2327 215.803
2328 219.145
2329 193.885
2330 186.571
2331 175.411
2332 166.743
2333 196.496
2334 187.397
2335 196.929
2336 213.928
2337 211.715
2338 205.332
2339 221.057
2340 216.579
2341 209.804
2342 198.859
2343 220.716
2344 210.701
2345 184.527
2346 195.588
2347 225.008
2348 272.607
2349 227.89
2350 251.585
2351 219.632
2352 227.444
2353 202.093
2354 245.524
2355 235.04
2356 268.319
2357 231.27
2358 244.546
2359 250.351
2360 228.346
2361 185.527
2362 221.744
2363 218.145
2364 218.645
2365 189.815
2366 265.386
2367 235.919
2368 234.643
2369 321.457
2370 233.961
2371 234.043
2372 228.574
2373 259.215
2374 286.283
2375 290.533
2376 326.77
2377 261.535
2378 312.512
2379 289.987
2380 305.64
2381 322.87
2382 302.077
2383 314.314
2384 311.401
2385 311.468
2386 343.618
2387 272.417
2388 314.602
2389 324.435
2390 328.172
2391 367.007
2392 328.606
2393 333.758
2394 317.744
2395 345.933
2396 275.538
2397 291.883
2398 329.889
2399 299.823
2400 374.754
2401 304.845
2402 334.336
2403 325.991
2404 329.628
2405 381.927
2406 307.287
2407 274.475
2408 370.224
2409 346.593
2410 331.328
2411 348.233
2412 281.65
2413 339.397
2414 306.994
2415 264.327
2416 349.445
2417 340.928
2418 322.884
2419 302.864
2420 320.817
2421 329.43
2422 330.387
2423 282.522
2424 281.488
2425 299.875
2426 332.432
2427 298.019
2428 273.969
2429 383.855
2430 305.148
2431 372.499
2432 412.459
2433 287.89
2434 332.509
2435 331.72
2436 333.426
2437 332.463
2438 315.415
2439 332.12
2440 375.517
2441 329.838
2442 337.794
2443 386.379
2444 350.13
2445 325.761
2446 309.302
2447 365.574
2448 407.819
2449 379.742
2450 405.8
2451 341.005
2452 341.699
2453 415.461
2454 427.6
2455 412.946
2456 389.433
2457 356.151
2458 333.206
2459 359.443
2460 326.486
2461 315.357
2462 369.001
2463 333.785
2464 439.516
2465 379.829
2466 333.552
2467 378.22
2468 424.378
2469 378.385
2470 400.272
2471 378.763
2472 362.415
2473 319.095
2474 329.489
2475 418.194
2476 431.487
2477 371.985
2478 380.251
2479 353.116
2480 354.579
2481 322.418
2482 311.465
2483 338.745
2484 341.302
2485 407.542
2486 402.023
2487 359.669
2488 309.015
2489 318.999
2490 379.321
2491 450.686
2492 392.953
2493 428.902
2494 367.966
2495 353.858
2496 472.128
2497 341.226
2498 339.555
2499 342.603
2500 359.45
2501 376.408
2502 369.592
2503 338.559
2504 314.66
2505 392.694
2506 412.718
2507 413.893
2508 373.954
2509 311.092
2510 360.801
2511 324.539
2512 398.831
2513 365.922
2514 407.548
2515 385.353
2516 468.115
2517 386.707
2518 355.418
2519 361.298
2520 389.227
2521 359.816
2522 352.641
2523 389.197
2524 418.327
2525 336.002
2526 325.475
2527 408.835
2528 407.339
2529 315.136
2530 324.005
2531 326.616
2532 264.619
2533 327.018
2534 320.524
2535 371.677
2536 406.709
2537 385.265
2538 383.048
2539 399.107
2540 308.051
2541 325.39
2542 345.892
2543 363.221
2544 408.054
2545 462.828
2546 407.822
2547 466.798
2548 401.109
2549 388.005
2550 398.349
2551 394.825
2552 382.866
2553 343.454
2554 340.815
2555 337.016
2556 408.616
2557 429.454
2558 383.488
2559 362.142
2560 357.563
2561 411.295
2562 351.127
2563 360.893
2564 360.878
2565 355.643
2566 296.787
2567 364.297
2568 434.381
2569 365.642
2570 468.24
2571 340.122
2572 368.227
2573 439.207
2574 421.874
2575 358.3
2576 408.158
2577 375.203
2578 423.341
2579 434.163
2580 438.857
2581 580.451
2582 438.951
2583 387.259
2584 404.021
2585 460.088
2586 430.217
2587 430.768
2588 332.193
2589 421.446
2590 478.518
2591 508.815
2592 382.549
2593 357.547
2594 399.478
2595 419.122
2596 426.482
2597 399.823
2598 507.897
2599 383.817
2600 439.333
2601 381.725
2602 375.455
2603 366.632
2604 374.937
2605 403.642
2606 430.19
2607 370.558
2608 393.375
2609 422.381
2610 401.195
2611 436.915
2612 433.902
2613 384.057
2614 447.075
2615 401.494
2616 417.315
2617 391.001
2618 460.753
2619 451.291
2620 375.248
2621 407.465
2622 351.027
2623 335.741
2624 313.827
2625 332.486
2626 354.555
2627 457.344
2628 392.071
2629 418.32
2630 439.217
2631 501.105
2632 343.989
2633 409.033
2634 449.206
2635 390.724
2636 439.76
2637 430.378
2638 404.151
2639 540.434
2640 356.691
2641 443.799
2642 494.444
2643 431.145
2644 368.435
2645 442.647
2646 386.299
2647 327.115
2648 370.133
2649 477.446
2650 440.316
2651 390.845
2652 406.775
2653 370.463
2654 383.5
2655 394.923
2656 357.205
2657 403.296
2658 440.104
2659 391.087
2660 496.949
2661 423.764
2662 356.519
2663 477.786
2664 366.443
2665 475.1
2666 432.487
2667 437.526
2668 441.462
2669 522.309
2670 451.328
2671 403.89
2672 424.074
2673 419.615
2674 464.148
2675 395.7
2676 424.22
2677 397.863
2678 408.128
2679 452.492
2680 447.239
2681 345.115
2682 383.972
2683 388.971
2684 445.086
2685 450.128
2686 422.567
2687 386.449
2688 369.759
2689 456.939
2690 447.303
2691 358.107
2692 463.507
2693 393.323
2694 383.839
2695 383.755
2696 416.36
2697 377.052
2698 383.078
2699 444.003
2700 477.028
2701 368.505
2702 427.491
2703 519.238
2704 442.439
2705 403.237
2706 428.979
2707 445.122
2708 536.241
2709 378.462
2710 424.822
2711 455.947
2712 436.756
2713 364.91
2714 458.553
2715 421.045
2716 470.493
2717 408.348
2718 356.416
2719 351.8
2720 364.139
2721 424.883
2722 428.294
2723 371.268
2724 374.794
2725 406.332
2726 432.537
2727 379.044
2728 453.578
2729 453.611
2730 413.365
2731 388.836
2732 398.672
2733 415.556
2734 423.626
2735 427.425
2736 440.725
2737 392.227
2738 382.598
2739 467.116
2740 403.43
2741 510.399
2742 402.653
2743 362.345
2744 476.176
2745 443.042
2746 305.357
2747 407.133
2748 394.542
2749 316.694
2750 416.553
2751 404.834
2752 444.426
2753 483.504
2754 422.982
2755 385.541
2756 447.143
2757 449.228
2758 478.379
2759 443.579
2760 473.953
2761 381.837
2762 512.071
2763 499.826
2764 424.525
2765 391.662
2766 427.459
2767 455.657
2768 450.588
2769 363.164
2770 498.318
2771 393.241
2772 399.335
2773 460.913
2774 467.153
2775 409.612
2776 407.769
2777 363.036
2778 355.903
2779 424.538
2780 433.409
2781 436.753
2782 494.615
2783 465.781
2784 515.922
2785 443.851
2786 417.559
2787 434.907
2788 447.333
2789 452.858
2790 434.519
2791 407.359
2792 427.749
2793 397.897
2794 452.571
2795 418.121
2796 455.268
2797 432.855
2798 382.563
2799 509.472
2800 426.83
2801 406.006
2802 359.595
2803 483.407
2804 537.25
2805 448.116
2806 501.199
2807 500.01
2808 401.668
2809 413.29
2810 520.738
2811 507.277
2812 469.548
2813 449.768
2814 444.36
2815 472.499
2816 419.715
2817 394.412
2818 397.597
2819 427.886
2820 474.284
2821 462.95
2822 371.322
2823 473.291
2824 382.163
2825 373.075
2826 454.303
2827 383.547
2828 390.809
2829 436.01
2830 540.488
2831 441.321
2832 477.175
2833 504.873
2834 493.915
2835 426.216
2836 414.96
2837 456.615
2838 429.463
2839 460.204
2840 485.631
2841 390.279
2842 436.454
2843 473.914
2844 465.349
2845 479.677
2846 440.98
2847 429.174
2848 572.13
2849 430.623
2850 495.269
2851 425.018
2852 497.721
2853 472.435
2854 508.501
2855 466.586
2856 513.115
2857 435.506
2858 540.89
2859 537.606
2860 387.238
2861 391.069
2862 386.06
2863 512.3
2864 456.745
2865 489.633
2866 475.519
2867 474.215
2868 464.184
2869 358.55
2870 440.266
2871 484.912
2872 471.234
2873 452.67
2874 511.136
2875 481.327
2876 410.875
2877 479.383
2878 427.172
2879 405.184
2880 398.055
2881 349.107
2882 367.923
2883 484.196
2884 481.496
2885 370.803
2886 396.64
2887 499.618
2888 470.201
2889 388.881
2890 400.768
2891 426.665
2892 422.352
2893 510.03
2894 411.562
2895 411.618
2896 379.665
2897 363.314
2898 400.443
2899 412.37
2900 333.274
2901 437.526
2902 363.464
2903 412.116
2904 424.298
2905 471.972
2906 436.795
2907 397.152
2908 369.254
2909 400.871
2910 417.381
2911 492.623
2912 461.015
2913 391.368
2914 392.168
2915 419.748
2916 432.914
2917 420.255
2918 431.789
2919 451.85
2920 337.255
2921 390.818
2922 387.756
2923 460.851
2924 476.421
2925 460.545
2926 468.562
2927 334.009
2928 467.326
2929 514.096
2930 503.386
2931 452.65
2932 465.091
2933 456.555
2934 401.919
2935 427.836
2936 435.543
2937 482.327
2938 475.035
2939 439.774
2940 500.573
2941 402.575
2942 423.505
2943 569.376
2944 463.786
2945 387.216
2946 423.358
2947 414.835
2948 486.192
2949 499.228
2950 442.046
2951 464.458
2952 438.459
2953 381.853
2954 472.207
2955 534.298
2956 462.004
2957 385.678
2958 396.057
2959 474.904
2960 420.048
2961 497.115
2962 492.26
2963 460.202
2964 406.71
2965 370.015
2966 415.937
2967 445.374
2968 420.753
2969 402.502
2970 485.958
2971 413.082
2972 457.407
2973 453.992
2974 475.244
2975 477.766
2976 477.823
2977 454.996
2978 426.323
2979 388.603
2980 464.604
2981 498.46
2982 471.253
2983 422.369
2984 473.719
2985 384.51
2986 351.374
2987 450.919
2988 446.034
2989 477.527
2990 447.461
2991 410.542
2992 423.68
2993 335.473
2994 426.139
2995 426.016
2996 410.308
2997 469.645
2998 418.426
2999 453.907
3000 440.375
3001 455.357
3002 473.718
3003 561.695
3004 453.018
3005 356.669
3006 490.816
3007 431.842
3008 455.552
3009 463.201
3010 501.409
3011 366.838
3012 458.833
3013 418.471
3014 449.583
3015 484.952
3016 367.1
3017 434.553
3018 401.473
3019 480.475
3020 422.6
3021 516.171
3022 469.429
3023 395.826
3024 429.785
3025 492.178
3026 444.248
3027 457.229
3028 511.895
3029 531.65
3030 462.544
3031 402.797
3032 485.363
3033 449.787
3034 425.021
3035 432.379
3036 425.127
3037 514.237
3038 458.919
3039 432.387
3040 474.156
3041 398.832
3042 406.295
3043 441.099
3044 388.444
3045 391.02
3046 494.534
3047 366.299
3048 381.955
3049 511.868
3050 387.972
3051 563.94
3052 471.77
3053 396.858
3054 448.974
3055 383.079
3056 388.516
3057 390.094
3058 459.325
3059 474.594
3060 444.835
3061 429.339
3062 433.065
3063 443.301
3064 444.211
3065 429.264
3066 466.422
3067 398.092
3068 455.815
3069 380.346
3070 428.472
3071 435.293
3072 477.266
3073 453.29
3074 422.611
3075 500.858
3076 484.964
3077 540.851
3078 586.806
3079 454.576
3080 405.092
3081 456.239
3082 419.388
3083 452.405
3084 494.51
3085 460.644
3086 346.126
3087 502.37
3088 442.617
3089 502.76
3090 453.11
3091 424.24
3092 477.03
3093 434.884
3094 434.37
3095 426.638
3096 385.973
3097 418.36
3098 545.161
3099 549.38
3100 470.364
3101 413.652
3102 416.173
3103 584.203
3104 423.867
3105 394.125
3106 400.711
3107 414.079
3108 480.657
3109 334.89
3110 411.293
3111 489.447
3112 370.945
3113 393.66
3114 417.165
3115 398.94
3116 465.735
3117 388.812
3118 432.895
3119 438.14
3120 510.591
3121 508.708
3122 406.142
3123 442.408
3124 419.638
3125 372.265
3126 385.165
3127 406.796
3128 394.911
3129 429.953
3130 485.832
3131 425.522
3132 426.7
3133 434.829
3134 409.091
3135 390.036
3136 514.016
3137 496.139
3138 425.343
3139 403.689
3140 506.564
3141 462.769
3142 417.597
3143 383.274
3144 401.19
3145 341.819
3146 476.951
3147 407.723
3148 369.293
3149 404.781
3150 415.555
3151 441.191
3152 442.358
3153 447.188
3154 420.121
3155 391.067
3156 461.94
3157 408.771
3158 472.528
3159 414.489
3160 486.98
3161 379.789
3162 418.382
3163 425.337
3164 390.771
3165 438.126
3166 375.85
3167 372.429
3168 494.779
3169 497.963
3170 478.865
3171 485.589
3172 449.474
3173 425.103
3174 458.509
3175 399.742
3176 491.785
3177 553.881
3178 464.776
3179 489.136
3180 409.032
3181 449.137
3182 386.683
3183 390.668
3184 311.821
3185 411.541
3186 412.179
3187 482.319
3188 407.85
3189 323.267
3190 292.921
3191 335.962
3192 335.797
3193 421.317
3194 431.212
3195 341.627
3196 371.838
3197 358.926
3198 315.432
3199 341.555
3200 420.245
3201 359.726
3202 334.249
3203 471.18
3204 442.304
3205 356.447
3206 432.812
3207 431.356
3208 399.34
3209 372.021
3210 414.926
3211 408.565
3212 421.053
3213 417.363
3214 353.849
3215 432.592
3216 480.242
3217 455.93
3218 356.915
3219 443.261
3220 472.464
3221 447.399
3222 418.618
3223 548.539
3224 415.755
3225 462.37
3226 353.194
3227 355.725
3228 397.642
3229 389.709
3230 406.896
3231 424.609
3232 447.329
3233 426.775
3234 394.628
3235 506.886
3236 398.14
3237 471.656
3238 317.414
3239 397.023
3240 341.403
3241 405.748
3242 361.811
3243 420.381
3244 446.002
3245 507.93
3246 492.21
3247 382.61
3248 500.956
3249 375.095
3250 432.269
3251 366.48
3252 443.342
3253 415.888
3254 432.331
3255 404.511
3256 502.171
3257 424.605
3258 419.963
3259 431.983
3260 365.893
3261 385.238
3262 355.679
3263 424.576
3264 425.667
3265 492.919
3266 456.72
3267 445.329
3268 516.066
3269 456.082
3270 401.371
3271 390.958
3272 427.59
3273 487.495
3274 431.332
3275 399.171
3276 440.237
3277 469.624
3278 461.603
3279 473.829
3280 421.848
3281 394.203
3282 491.076
3283 383.84
3284 388.039
3285 417.665
3286 381.335
3287 426.903
3288 483.426
3289 539.79
3290 458.4
3291 369.165
3292 398.492
3293 478.134
3294 461.309
3295 421.091
3296 395.567
3297 418.879
3298 495.785
3299 440.827
3300 441.929
3301 359.002
3302 359.253
3303 422.814
3304 464.121
3305 418.715
3306 400.23
3307 435.428
3308 463.668
3309 439.928
3310 474.264
3311 447.821
3312 424.62
3313 377.338
3314 373.185
3315 378.372
3316 438.842
3317 413.751
3318 466.961
3319 405.114
3320 388.701
3321 457.488
3322 368.175
3323 404.549
3324 407.632
3325 347.663
3326 476.986
3327 419.719
3328 339.944
3329 450.26
3330 422.796
3331 422.366
3332 359.839
3333 400.717
3334 386.789
3335 435.729
3336 394.477
3337 345.578
3338 410.791
3339 405.019
3340 467.014
3341 368.921
3342 442.126
3343 383.936
3344 496.006
3345 400.048
3346 353.838
3347 383.561
3348 370.27
3349 473.171
3350 452.578
3351 416.024
3352 483.559
3353 468.106
3354 532.591
3355 430.638
3356 393.941
3357 501.122
3358 436.366
3359 478.849
3360 444.64
3361 502.883
3362 478.712
3363 408.237
3364 449.31
3365 426.667
3366 504.008
3367 434.67
3368 456.085
3369 370.435
3370 381.627
3371 425.974
3372 463.484
3373 430.25
3374 431.411
3375 469.162
3376 400.571
3377 397.793
3378 465.079
3379 438.48
3380 467.622
3381 385.916
3382 437.796
3383 454.393
3384 397.213
3385 375.456
3386 395.378
3387 366.747
3388 417.162
3389 394.665
3390 426.173
3391 480.809
3392 426.41
3393 365.748
3394 463.573
3395 395.738
3396 454.676
3397 367.951
3398 436.084
3399 399.386
3400 349.193
3401 406.255
3402 400.386
3403 442.45
3404 463.982
3405 353.955
3406 380.803
3407 461.004
3408 328.4
3409 435.266
3410 392.407
3411 482.511
3412 363.125
3413 427.772
3414 402.707
3415 442.072
3416 396.848
3417 459.62
3418 380.937
3419 448.866
3420 438.121
3421 456.441
3422 373.614
3423 400.439
3424 410.856
3425 392.493
3426 365.17
3427 429.786
3428 385.58
3429 391.45
3430 411.872
3431 379.121
3432 379.597
3433 389.533
3434 339.057
3435 391.375
3436 403.637
3437 444.672
3438 405.114
3439 432.382
3440 392.816
3441 433.47
3442 411.882
3443 440.333
3444 476.624
3445 407.75
3446 479.815
3447 493.584
3448 495.599
3449 462.735
3450 379.595
3451 433.236
3452 412.818
3453 365.402
3454 402.071
3455 368.965
3456 433.486
3457 420.479
3458 430.348
3459 444.095
3460 411.303
3461 517.14
3462 472.134
3463 440.186
3464 400.773
3465 366.267
3466 410.973
3467 457.003
3468 400.695
3469 442.063
3470 419.491
3471 408.35
3472 419.66
3473 470.204
3474 458.369
3475 401.373
3476 383.403
3477 352.332
3478 407.305
3479 421.166
3480 338.994
3481 288.816
3482 446.164
3483 487.417
3484 441.721
3485 375.859
3486 416.382
3487 438.043
3488 390.252
3489 379.387
3490 451.746
3491 433.599
3492 418.169
3493 387.391
3494 383.279
3495 379.599
3496 377.987
3497 404.269
3498 383.1
3499 408.708
3500 400.637
3501 452.454
3502 376.153
3503 380.262
3504 381.315
3505 422.083
3506 389.599
3507 367.054
3508 338.764
3509 421.709
3510 413.619
3511 369.89
3512 367.126
3513 346.492
3514 295.433
3515 409.737
3516 408.75
3517 409.06
3518 427.653
3519 393.337
3520 426.646
3521 450.133
3522 447.804
3523 365.772
3524 469.688
3525 470.062
3526 461.15
3527 473.877
3528 381.968
3529 383.213
3530 360.615
3531 444.979
3532 332.995
3533 386.388
3534 414.194
3535 395.11
3536 384.305
3537 342.47
3538 355.323
3539 352.836
3540 325.821
3541 341.074
3542 322.175
3543 420.641
3544 397.529
3545 406.877
3546 399.503
3547 405.018
3548 411.671
3549 391.925
3550 429.992
3551 462.879
3552 411.508
3553 411.301
3554 367.672
3555 369.525
3556 426.797
3557 409.167
3558 451.455
3559 412.774
3560 371.894
3561 413.702
3562 420.672
3563 462.555
3564 307.947
3565 369.119
3566 454.447
3567 357.266
3568 382.536
3569 364.207
3570 454.004
3571 388.993
3572 402.771
3573 462.192
3574 476.982
3575 443.858
3576 364.201
3577 465.122
3578 397.248
3579 377.518
3580 430.646
3581 423.461
3582 304.339
3583 421.94
3584 387.17
3585 439.927
3586 463.091
3587 385.081
3588 438.385
3589 366.146
3590 362.053
3591 385.045
3592 478.467
3593 415.563
3594 389.885
3595 407.369
3596 399.994
3597 454.12
3598 399.39
3599 422.474
3600 400.208
3601 401.412
3602 430.333
3603 441.941
3604 425.199
3605 432.114
3606 473.77
3607 359.017
3608 430.876
3609 516.28
3610 396.522
3611 439.888
3612 422.624
3613 474.734
3614 421.479
3615 415.995
3616 399.164
3617 399.406
3618 411.366
3619 416.049
3620 488.8
3621 422.238
3622 357.71
3623 374.131
3624 355.578
3625 448.47
3626 355.898
3627 338.113
3628 452.344
3629 346.14
3630 379.955
3631 354.496
3632 396.599
3633 513.405
3634 463.755
3635 499.037
3636 439.894
3637 487.115
3638 469.098
3639 457.832
3640 415.846
3641 476.902
3642 553.551
3643 520.236
3644 501.29
3645 526.244
3646 476.658
3647 511.207
3648 433.736
3649 453.975
3650 456.118
3651 442.623
3652 345.132
3653 442.554
3654 442.699
3655 437.133
3656 412.22
3657 458.034
3658 388.907
3659 371.647
3660 367.873
3661 381.635
3662 448.98
3663 472.786
3664 492.361
3665 408.767
3666 474.238
3667 445.99
3668 407.518
3669 472.735
3670 501.762
3671 412.056
3672 355.795
3673 446.653
3674 425.688
3675 379.537
3676 388.692
3677 387.213
3678 345.259
3679 333.073
3680 370.191
3681 382.039
3682 337.034
3683 367.701
3684 437.718
3685 420.789
3686 378.581
3687 406.975
3688 402.539
3689 339.68
3690 389.172
3691 369.366
3692 392.755
3693 437.328
3694 400.377
3695 343.671
3696 502.648
3697 484.333
3698 458.886
3699 426.884
3700 381.404
3701 412.817
3702 390.495
3703 365.456
3704 391.549
3705 379.061
3706 362.07
3707 391.751
3708 428.51
3709 479.25
3710 508.188
3711 537.284
3712 405.829
3713 399.134
3714 437.917
3715 480.424
3716 407.391
3717 402.895
3718 372.171
3719 425.579
3720 584.178
3721 450.614
3722 428.533
3723 512.244
3724 446.624
3725 511.31
3726 451.237
3727 500.473
3728 458.905
3729 534.581
3730 519.042
3731 458.751
3732 340.961
3733 419.216
3734 511.065
3735 559.612
3736 414.658
3737 428.942
3738 411.464
3739 473.844
3740 407.595
3741 417.942
3742 526.137
3743 391.224
3744 496.712
3745 492.55
3746 451.935
3747 438.625
3748 529.872
3749 491.786
3750 402.316
3751 474.337
3752 497.912
3753 514.619
3754 551.072
3755 512.643
3756 453.058
3757 468.199
3758 416.557
3759 376.148
3760 413.405
3761 465.674
3762 457.273
3763 412.775
3764 479.358
3765 462.696
3766 383.05
3767 446.753
3768 434.681
3769 419.296
3770 435.73
3771 433.005
3772 399.808
3773 456.861
3774 476.685
3775 404.592
3776 429.849
3777 457.44
3778 403.175
3779 397.98
3780 424.263
3781 363.674
3782 416.637
3783 404.015
3784 350.785
3785 383.294
3786 404.008
3787 435.012
3788 348.442
3789 350.641
3790 406.727
3791 406.715
3792 408.83
3793 491.119
3794 416.202
3795 461.269
3796 414.476
3797 382.472
3798 403.608
3799 340.217
3800 449.296
3801 429.562
3802 474.266
3803 389.705
3804 379.854
3805 495.133
3806 471.703
3807 480.846
3808 448.315
3809 433.131
3810 404.158
3811 426.426
3812 464.186
3813 468.631
3814 446.082
3815 437.502
3816 387.606
3817 511.983
3818 466.484
3819 386.786
3820 418.757
3821 429.777
3822 354.582
3823 442.581
3824 451.866
3825 414.979
3826 388.18
3827 392.323
3828 382.861
3829 446.268
3830 402.146
3831 486.59
3832 457.321
3833 363.516
3834 429.784
3835 366.464
3836 425.461
3837 413.019
3838 478.963
3839 408.39
3840 396.216
3841 401.998
3842 439.052
3843 398.56
3844 375.529
3845 454.903
3846 388.287
3847 437.04
3848 414.92
3849 427.629
3850 494.72
3851 412.993
3852 384.139
3853 331.883
3854 352.484
3855 411.262
3856 449.566
3857 455.023
3858 492.928
3859 422.805
3860 408.179
3861 440.076
3862 461.704
3863 448.03
3864 360.491
3865 458.976
3866 402.191
3867 417.717
3868 437.574
3869 371.286
3870 264.316
3871 367.564
3872 435.884
3873 384.114
3874 358.727
3875 376.287
3876 303.792
3877 342.809
3878 389.985
3879 505.982
3880 468.735
3881 384.347
3882 412.212
3883 376.792
3884 457.846
3885 483.599
3886 475.415
3887 404.46
3888 394.379
3889 471.47
3890 422.301
3891 507.147
3892 463.853
3893 436.136
3894 380.856
3895 393.146
3896 468.104
3897 410.474
3898 378.95
3899 353.323
3900 400.452
3901 438.705
3902 382.602
3903 349.742
3904 392.572
3905 409.523
3906 405.959
3907 425.416
3908 468.924
3909 417.884
3910 417.92
3911 430.196
3912 431.239
3913 486.351
3914 452.672
3915 482.367
3916 486.326
3917 453.338
3918 427.84
3919 459.331
3920 325.875
3921 435.686
3922 416.154
3923 378.09
3924 472.407
3925 464.554
3926 523.659
3927 401.357
3928 426.278
3929 401.757
3930 457.755
3931 429.162
3932 418.275
3933 416.138
3934 498.759
3935 451.319
3936 405.64
3937 442.536
3938 415.732
3939 525.333
3940 496.36
3941 400.417
3942 414.417
3943 472.778
3944 487.848
3945 457.926
3946 412.902
3947 425.542
3948 437.145
3949 445.64
3950 403.157
3951 405.764
3952 404.228
3953 394.986
3954 461.606
3955 486.512
3956 447.392
3957 446.807
3958 460.534
3959 412.618
3960 317.881
3961 402.307
3962 488.733
3963 427.868
3964 420.825
3965 376.621
3966 315.989
3967 377.69
3968 389.297
3969 360.637
3970 421.459
3971 361.999
3972 453.905
3973 386.462
3974 440.372
3975 451.988
3976 427.395
3977 469.269
3978 462.577
3979 457.512
3980 476.477
3981 502.99
3982 511.725
3983 432.379
3984 486.728
3985 530.738
3986 530.084
3987 415.981
3988 530.704
3989 472.486
3990 565.012
3991 500.75
3992 422.976
3993 487.81
3994 506.963
3995 412.957
3996 538.714
3997 439.168
3998 522.35
3999 424.576
4000 440.636
4001 500.194
4002 385.745
4003 402.505
4004 437.02
4005 513.828
4006 449.615
4007 396.206
4008 400.478
4009 404.034
4010 427.823
4011 437.342
4012 459.474
4013 507.935
4014 453.285
4015 428.805
4016 391.694
4017 465.244
4018 430.767
4019 391.49
4020 452.95
4021 405.163
4022 486.279
4023 421.308
4024 413.613
4025 418.452
4026 417.025
4027 360.176
4028 436.841
4029 441.302
4030 457.749
4031 453.481
4032 424.7
4033 441.364
4034 397.871
4035 398
4036 340.799
4037 345.692
4038 321.103
4039 385.198
4040 428.736
4041 451.649
4042 484.458
4043 493.211
4044 435.204
4045 399.274
4046 375.401
4047 351.4
4048 395.76
4049 469.673
4050 404.594
4051 385.053
4052 427.376
4053 370.864
4054 366.597
4055 435.197
4056 403.991
4057 464.51
4058 476.967
4059 432.222
4060 450.236
4061 440.926
4062 461.847
4063 400.355
4064 407.772
4065 472.297
4066 376.692
4067 363.125
4068 434.782
4069 463.793
4070 368.233
4071 363.669
4072 462.632
4073 390.894
4074 380.423
4075 511.616
4076 454.172
4077 416.48
4078 462.359
4079 469.3
4080 469.755
4081 405.63
4082 357.607
4083 412.775
4084 464.226
4085 430.027
4086 392.501
4087 474.639
4088 481.502
4089 480.355
4090 421.459
4091 415.332
4092 456.51
4093 458.993
4094 459.796
4095 391.231
4096 372.9
4097 399.576
4098 403.477
4099 352.126
4100 441.627
4101 411.409
4102 495.72
4103 416.546
4104 447.598
4105 438.167
4106 395.791
4107 475.669
4108 524.64
4109 372.414
4110 361.914
4111 471.687
4112 442.827
4113 436.052
4114 510.532
4115 376.664
4116 472.444
4117 438.416
4118 411.22
4119 460.002
4120 385.72
4121 390.166
4122 502.579
4123 486.816
4124 394.418
4125 440.801
4126 436.176
4127 471.168
4128 405.169
4129 404.098
4130 420.711
4131 436.668
4132 474.183
4133 476.822
4134 446.11
4135 413.333
4136 527.581
4137 343.765
4138 440.096
4139 548.778
4140 451.134
4141 432.624
4142 498.813
4143 465.347
4144 500.617
4145 479.588
4146 433.686
4147 381.308
4148 479.248
4149 451.216
4150 499.298
4151 556.249
4152 511.901
4153 450.775
4154 494.614
4155 462.316
4156 433.149
4157 400.437
4158 461.614
4159 444.734
4160 466.981
4161 419.33
4162 492.903
4163 479.555
4164 459.199
4165 385.39
4166 433.222
4167 442.527
4168 415.411
4169 418.34
4170 475.464
4171 444.736
4172 398.125
4173 434.02
4174 405.129
4175 486.612
4176 478.552
4177 421.521
4178 545.683
4179 422.812
4180 393.967
4181 399.722
4182 399.087
4183 381.775
4184 500.918
4185 415.294
4186 441.532
4187 428.698
4188 451.782
4189 419.022
4190 325.103
4191 388.252
4192 421.401
4193 398.139
4194 425.861
4195 454.133
4196 403.476
4197 493.44
4198 486.977
4199 419.952
4200 390.826
4201 385.989
4202 519.734
4203 491.579
4204 459.492
4205 448.193
4206 445.705
4207 412.706
4208 454.106
4209 477.647
4210 394.474
4211 413.979
4212 457.544
4213 458.415
4214 447.684
4215 369.59
4216 364.295
4217 360.37
4218 446.853
4219 462.07
4220 431.713
4221 396.818
4222 410.211
4223 455.843
4224 468.256
4225 419.393
4226 410.06
4227 379.379
4228 459.473
4229 372.777
4230 413.448
4231 470.82
4232 419.776
4233 423.68
4234 401.366
4235 441.227
4236 381.09
4237 354.027
4238 447.402
4239 404.604
4240 482.64
4241 489.494
4242 486.514
4243 488.805
4244 476.144
4245 514.055
4246 464.28
4247 331.403
4248 444.447
4249 475.433
4250 428.043
4251 398.829
4252 415.892
4253 433.077
4254 500.154
4255 423.953
4256 387.947
4257 489.007
4258 451.083
4259 450.485
4260 514.218
4261 499.04
4262 472.145
4263 394.654
4264 443.571
4265 453.35
4266 373.413
4267 489.491
4268 452.082
4269 408.037
4270 449.951
4271 431.047
4272 408.752
4273 415.424
4274 394.596
4275 436.258
4276 424.72
4277 396.339
4278 362.43
4279 472.708
4280 419.577
4281 400.725
4282 347.558
4283 417.994
4284 399.441
4285 459.389
4286 426.683
4287 423.022
4288 396.102
4289 387.42
4290 514.602
4291 448.632
4292 440.908
4293 372.626
4294 419.732
4295 451.817
4296 378.751
4297 512.594
4298 360.37
4299 379.727
4300 440.674
4301 454.125
4302 512.815
4303 442.754
4304 363.238
4305 427.605
4306 468.13
4307 501.734
4308 476.101
4309 480.473
4310 371.609
4311 410.668
4312 424.201
4313 390.415
4314 410.625
4315 448.551
4316 425.714
4317 381.921
4318 378.998
4319 479.375
4320 485.591
4321 500.644
4322 448.843
4323 388.669
4324 456.314
4325 485.775
4326 481.45
4327 481.11
4328 480.666
4329 412.817
4330 381.28
4331 461.7
4332 452.102
4333 557.817
4334 512.194
4335 475.59
4336 471.911
4337 431.415
4338 370.009
4339 474.257
4340 494.713
4341 530.261
4342 511.915
4343 478.082
4344 453.227
4345 453.383
4346 397.363
4347 480.608
4348 537.925
4349 421.684
4350 438.304
4351 432.27
4352 368.065
4353 484.352
4354 417.622
4355 452.182
4356 446.126
4357 398.132
4358 371.994
4359 530.978
4360 448.824
4361 461.222
4362 483.325
4363 500.756
4364 443.301
4365 433.457
4366 424.96
4367 485.22
4368 379.11
4369 365.613
4370 380.909
4371 467.284
4372 446.79
4373 378.247
4374 399.638
4375 502.583
4376 448.431
4377 425.249
4378 364.599
4379 372.166
4380 390.854
4381 414.79
4382 369.104
4383 407.66
4384 387.668
4385 449.864
4386 417.818
4387 383.265
4388 353.775
4389 407.936
4390 406.215
4391 375.297
4392 498.828
4393 393.371
4394 460.664
4395 356.445
4396 438.048
4397 430.44
4398 521.032
4399 509.978
4400 429.061
4401 320.467
4402 433.672
4403 426.976
4404 390.879
4405 369.851
4406 356.566
4407 466.408
4408 445.825
4409 458.228
4410 373.562
4411 430.3
4412 379.187
4413 492.016
4414 409.171
4415 402.538
4416 391.421
4417 433.235
4418 432.561
4419 447.467
4420 443.721
4421 426.23
4422 398.024
4423 416.179
4424 397.699
4425 459.625
4426 432.694
4427 386.506
4428 420.237
4429 397.512
4430 399.167
4431 465.882
4432 459.207
4433 382.694
4434 388.195
4435 401.951
4436 453.848
4437 423.599
4438 442.076
4439 465.547
4440 430.783
4441 438.551
4442 343.938
4443 484.437
4444 368.474
4445 327.116
4446 402.367
4447 493.49
4448 452.91
4449 487.17
4450 520.819
4451 447.876
4452 403.805
4453 416.995
4454 420.283
4455 418.165
4456 431.921
4457 425.276
4458 439.875
4459 468.312
4460 350.585
4461 466.001
4462 414.565
4463 357.985
4464 451.761
4465 442.594
4466 384.434
4467 471.877
4468 388.019
4469 388.463
4470 407.613
4471 386.423
4472 460.917
4473 375.225
4474 467.848
4475 398.119
4476 452.386
4477 459.896
4478 450.765
4479 369.898
4480 373.96
4481 414.689
4482 353.272
4483 373.778
4484 426.714
4485 374.403
4486 490.324
4487 480.472
4488 454.221
4489 418.328
4490 361.351
4491 395.171
4492 429.618
4493 333.611
4494 380.794
4495 419.49
4496 456.439
4497 504.906
4498 429.279
4499 406.921
4500 389.702
4501 406.831
4502 386.424
4503 434.231
4504 448.842
4505 426.793
4506 385.647
4507 354.364
4508 408.182
4509 362.078
4510 329.691
4511 420.28
4512 417.848
4513 451.407
4514 465.204
4515 423.09
4516 408.357
4517 396.858
4518 418.393
4519 397.887
4520 374.298
4521 400.097
4522 398.106
4523 435.609
4524 402.496
4525 407.073
4526 404.682
4527 411.707
4528 392.186
4529 312.364
4530 394.163
4531 445.115
4532 452.995
4533 386.336
4534 479.983
4535 411.987
4536 357.759
4537 425.86
4538 407.106
4539 502.002
4540 417.329
4541 410.507
4542 530.541
4543 423.578
4544 385.014
4545 344.716
4546 386.483
4547 492.427
4548 489.689
4549 522.054
4550 460.498
4551 445.759
4552 455.464
4553 382.168
4554 449.213
4555 447.826
4556 408.729
4557 417.385
4558 433.904
4559 356.683
4560 341.78
4561 371.331
4562 440.215
4563 495.558
4564 431.348
4565 421.468
4566 477.855
4567 448.935
4568 379.814
4569 417.567
4570 418.22
4571 391.055
4572 541.413
4573 442.068
4574 473.614
4575 432.124
4576 399.766
4577 444.664
4578 421.729
4579 428.244
4580 402.906
4581 426.114
4582 426.949
4583 441.138
4584 540.003
4585 566.61
4586 417.525
4587 433.173
4588 465.426
4589 489.993
4590 443.761
4591 461.055
4592 453.237
4593 452.028
4594 520.762
4595 437.329
4596 420.301
4597 466.078
4598 479.096
4599 489.138
4600 457.006
4601 468.5
4602 485.587
4603 460.988
4604 521.766
4605 460.482
4606 472.927
4607 505.008
4608 391.757
4609 339.1
4610 355.594
4611 422.342
4612 430.175
4613 424.866
4614 384.296
4615 407.821
4616 386.659
4617 386.379
4618 416.239
4619 342.778
4620 428.652
4621 360.262
4622 394.842
4623 483.593
4624 365.892
4625 416.18
4626 344.142
4627 432.434
4628 395.244
4629 399.049
4630 373.664
4631 428.291
4632 397.187
4633 375.68
4634 394.105
4635 379.077
4636 402.827
4637 400.8
4638 404.357
4639 400.166
4640 390.399
4641 364.568
4642 345.525
4643 413.865
4644 342.354
4645 449.324
4646 452.84
4647 347.426
4648 379.757
4649 429.676
4650 418.826
4651 378.613
4652 400.691
4653 335.868
4654 388.334
4655 513.242
4656 428.048
4657 422.672
4658 381.768
4659 382.915
4660 394.878
4661 366.045
4662 434.856
4663 406.579
4664 400.678
4665 421.806
4666 400.593
4667 349.145
4668 454.779
4669 442.48
4670 468.435
4671 432.749
4672 378.487
4673 384.715
4674 443.659
4675 396.183
4676 382.359
4677 484.605
4678 486.141
4679 389.14
4680 427.382
4681 421.059
4682 442.116
4683 414.255
4684 398.977
4685 505.987
4686 443.112
4687 358.931
4688 446.474
4689 428.787
4690 467.855
4691 485.322
4692 431.541
4693 445.727
4694 388.067
4695 359.247
4696 415.073
4697 458.556
4698 488.022
4699 437.89
4700 452.122
4701 457.479
4702 370.975
4703 481.116
4704 428.689
4705 459.446
4706 499.07
4707 517.178
4708 517.313
4709 439.181
4710 460.087
4711 430.801
4712 380.554
4713 488.595
4714 448.862
4715 492.921
4716 381.117
4717 490.803
4718 452.644
4719 469.819
4720 440.196
4721 475.607
4722 483.355
4723 443.081
4724 407.088
4725 406.102
4726 426.699
4727 331.366
4728 472.83
4729 494.882
4730 455.576
4731 441.321
4732 439.818
4733 470.696
4734 380.986
4735 362.625
4736 349.196
4737 430.319
4738 497.2
4739 472.771
4740 416.079
4741 432.362
4742 444.924
4743 432.034
4744 441.643
4745 396.667
4746 428.186
4747 432.308
4748 454.131
4749 409.556
4750 450.363
4751 370.75
4752 452.807
4753 401.295
4754 372.27
4755 400.707
4756 426.052
4757 443.41
4758 482.253
4759 385.818
4760 416.471
4761 424.478
4762 452.544
4763 458.42
4764 411.04
4765 403.439
4766 473.86
4767 460.835
4768 496.575
4769 408.012
4770 479.509
4771 465.495
4772 512.636
4773 522.806
4774 382.539
4775 459.528
4776 416.588
4777 390.636
4778 459.237
4779 494.053
4780 449.722
4781 461.855
4782 414.922
4783 365.287
4784 388.15
4785 452.68
4786 440.779
4787 451.905
4788 488.023
4789 429.352
4790 452.296
4791 388.341
4792 431.048
4793 505.993
4794 437.435
4795 427.773
4796 457.263
4797 526.871
4798 449.845
4799 447.618
4800 396.596
4801 418.698
4802 388.691
4803 338.031
4804 510.72
4805 442.007
4806 407.125
4807 461.829
4808 370.161
4809 414.918
4810 399.824
4811 356.346
4812 411.5
4813 414.141
4814 414.15
4815 362.107
4816 444.992
4817 405.153
4818 453.602
4819 440.082
4820 473.417
4821 426.399
4822 411.418
4823 396.696
4824 453.878
4825 418.472
4826 448.816
4827 437.564
4828 453.047
4829 470.64
4830 469.763
4831 563.623
4832 504.73
4833 407.168
4834 400.374
4835 428.426
4836 409.45
4837 432.737
4838 524.496
4839 559.276
4840 553.758
4841 523.122
4842 448.828
4843 344.488
4844 522.603
4845 493.913
4846 386.602
4847 513.022
4848 446.552
4849 395.334
4850 402.44
4851 512.476
4852 407.146
4853 493.057
4854 552.455
4855 507.816
4856 382.835
4857 459.048
4858 514.577
4859 552.94
4860 506.554
4861 480.454
4862 418.287
4863 393.925
4864 396.162
4865 471.836
4866 348.895
4867 365.543
4868 397.423
4869 348.98
4870 446.378
4871 447.444
4872 529.171
4873 398.359
4874 413.112
4875 441.243
4876 508.577
4877 434.599
4878 504.241
4879 530.491
4880 476.354
4881 416.924
4882 443.771
4883 522.599
4884 516.457
4885 383.665
4886 432.952
4887 407.669
4888 391.024
4889 372.038
4890 468.109
4891 433.024
4892 357.829
4893 464.569
4894 554.96
4895 426.262
4896 467.434
4897 448.903
4898 465.851
4899 428.362
4900 430.087
4901 437.942
4902 470.534
4903 504.501
4904 414.618
4905 384.548
4906 468.126
4907 476.81
4908 395.95
4909 460.091
4910 460.111
4911 419.823
4912 418.791
4913 435.026
4914 356.462
4915 377.765
4916 341.531
4917 462.399
4918 451.812
4919 397.449
4920 382.255
4921 364.967
4922 392.671
4923 465.443
4924 428.72
4925 436.958
4926 456.461
4927 355.252
4928 424.036
4929 469.745
4930 432.621
4931 381.929
4932 431.108
4933 373.655
4934 407.07
4935 454.82
4936 387.049
4937 393.712
4938 406.492
4939 472.517
4940 402.491
4941 453.816
4942 322.739
4943 436.97
4944 432.501
4945 399.125
4946 460.566
4947 466.814
4948 442.229
4949 371.958
4950 361.04
4951 396.644
4952 400.47
4953 434.99
4954 388.39
4955 408.445
4956 490.047
4957 353.143
4958 479.361
4959 492.015
4960 414.187
4961 416.097
4962 440.798
4963 426.274
4964 440.562
4965 408.261
4966 445.491
4967 518.523
4968 555.82
4969 414.8
4970 400.105
4971 374.152
4972 436.349
4973 421.255
4974 442.114
4975 436.891
4976 412.195
4977 447.695
4978 433.737
4979 361.039
4980 429.36
4981 425.265
4982 479.956
4983 448.456
4984 459.47
4985 442.866
4986 432.217
4987 413.265
4988 473.06
4989 388.272
4990 461.366
4991 472.66
4992 456.627
4993 413.604
4994 422.657
4995 348.254
4996 442.27
4997 464.822
4998 442.067
4999 418.545
