0 2376.52
1 2192.55
2 2055.21
3 1985.81
4 1921.4
5 1857.73
6 1790.39
7 1732.74
8 1668.68
9 1603.07
10 1573.92
11 1489.32
12 1423.7
13 1285.06
14 1235.04
15 1191.99
16 1149.4
17 1119.23
18 1086.23
19 1051.37
20 1021.51
21 1002.14
22 980.18
23 954.455
24 936.52
25 922.952
26 890.394
27 866.236
28 839.572
29 806.698
30 776.296
31 765.244
32 756.137
33 746.636
34 742.624
35 739.724
36 732.274
37 716.042
38 697.853
39 686.559
40 660.625
41 639.505
42 610.754
43 587.784
44 564.848
45 543.724
46 531.401
47 523.695
48 514.846
49 498.115
50 491.616
51 487.032
52 480.569
53 474.853
54 472.767
55 465.927
56 462.72
57 453.742
58 448.494
59 443.501
60 436.074
61 431.659
62 427.224
63 422.356
64 416.519
65 413.048
66 405.763
67 397.424
68 387.203
69 383.451
70 383.411
71 379.08
72 374.178
73 368.678
74 365.784
75 363.75
76 359.253
77 349.521
78 334.915
79 331.662
80 329.87
81 326.669
82 323.968
83 315.241
84 309.588
85 308.416
86 305.7
87 302.883
88 298.939
89 296.27
90 295.196
91 293.938
92 293.213
93 293.076
94 292.395
95 291.973
96 291.973
97 291.966
98 290.209
99 288.59
100 287.886
101 264.492
102 230.912
103 229.978
104 228.663
105 226.612
106 221.443
107 217.859
108 217.859
109 217.859
110 217.791
111 210.698
112 202.251
113 199.89
114 199.393
115 197.699
116 196.316
117 192.585
118 187.37
119 185.58
120 184.377
121 183.663
122 182.736
123 179.835
124 178.424
125 177.018
126 175.501
127 175.5
128 175.208
129 174.508
130 174.205
131 174.036
132 173.889
133 173.888
134 173.498
135 172.609
136 171.408
137 170.835
138 169.913
139 168.777
140 167.907
141 167.392
142 167.279
143 166.448
144 165.192
145 164.573
146 164.518
147 164.518
148 164.518
149 164.518
150 164.518
151 162.298
152 159.226
153 159.226
154 159.224
155 158.748
156 158.254
157 158.009
158 158.001
159 155.977
160 152.481
161 150.441
162 150.441
163 150.441
164 150.441
165 150.441
166 150.441
167 150.441
168 150.434
169 148.725
170 147.017
171 147.017
172 147.017
173 147.017
174 147.017
175 147.012
176 146.239
177 144.883
178 144.607
179 144.606
180 144.336
181 143.057
182 141.271
183 140.002
184 139.899
185 139.679
186 139.449
187 139.091
188 138.293
189 137.765
190 137.765
191 137.765
192 137.763
193 137.155
194 136.801
195 134.545
196 133.2
197 133.01
198 131.634
199 131.33
200 131.265
201 125.137
202 117.601
203 115.808
204 113.448
205 113.106
206 113.106
207 113.106
208 113.106
209 113.106
210 113.101
211 111.736
212 110.267
213 108.371
214 107.311
215 107.311
216 107.311
217 107.311
218 107.309
219 106.791
220 106.179
221 106.037
222 105.854
223 105.79
224 105.79
225 105.79
226 105.79
227 105.79
228 105.788
229 105.337
230 104.264
231 104.01
232 104.01
233 103.924
234 103.377
235 102.989
236 102.989
237 102.986
238 102.393
239 101.506
240 101.163
241 100.022
242 99.1298
243 98.626
244 98.3487
245 98.3487
246 98.3487
247 98.3487
248 98.3487
249 98.3487
250 98.3487
251 97.4156
252 94.6424
253 92.8234
254 92.2948
255 92.2
256 92.2
257 92.2
258 92.2
259 92.1991
260 91.9116
261 91.7363
262 91.7363
263 91.7363
264 91.7359
265 91.6397
266 91.4665
267 91.2591
268 91.1934
269 90.0397
270 89.2302
271 89.2302
272 89.2302
273 89.2302
274 89.2302
275 89.2302
276 89.2296
277 89.1491
278 89.0889
279 89.0889
280 89.0889
281 89.0889
282 89.0889
283 89.0889
284 89.0889
285 89.0889
286 89.0889
287 89.0889
288 89.0889
289 89.0889
290 89.0889
291 89.0889
292 89.0889
293 89.0889
294 89.0889
295 89.0889
296 89.0889
297 89.0889
298 89.0889
299 89.0889
300 89.0889
301 88.1273
302 86.4459
303 86.2221
304 85.9542
305 86.8294
306 93.4825
307 92.1914
308 88.6216
309 95.4336
310 97.6471
311 95.4957
312 95.8715
313 107.366
314 107.9
315 118.059
316 125.2
317 115.877
318 128.61
319 132.125
320 131.24
321 138.233
322 146.036
323 143.131
324 157.218
325 148.092
326 149.995
327 157.007
328 153.707
329 172.932
330 174.866
331 163.102
332 174.334
333 173.748
334 183.634
335 183.948
336 186.383
337 164.542
338 188.722
339 201.873
340 177.325
341 176.832
342 203.239
343 192.67
344 198.922
345 230.259
346 224.532
347 266.906
348 282.187
349 276.518
350 256.523
351 296.115
352 296.491
353 245.462
354 270.862
355 232.69
356 291.853
357 291.131
358 284.203
359 272.68
360 250.454
361 259.83
362 280.071
363 382.66
364 341.694
365 275.915
366 263.132
367 278.878
368 273.788
369 313.205
370 289.573
371 334.301
372 297.018
373 276.341
374 253.278
375 258.384
376 290.325
377 280.778
378 283.528
379 272.478
380 268.96
381 310.935
382 303.951
383 296.86
384 294.599
385 283.83
386 287.316
387 292.718
388 291.821
389 286.859
390 278.768
391 275.021
392 302.761
393 264.502
394 312.263
395 289.653
396 311.7
397 284.929
398 303.048
399 321.527
400 340.042
401 104.789
402 80.9993
403 80.9993
404 80.9993
405 80.9993
406 80.9989
407 80.9124
408 80.8161
409 80.8161
410 80.8153
411 80.6659
412 80.4568
413 80.4568
414 80.4568
415 80.4568
416 80.4568
417 80.4568
418 80.4568
419 80.4568
420 80.4568
421 80.4568
422 80.4568
423 80.4568
424 80.4568
425 80.4568
426 80.4568
427 80.4568
428 80.4568
429 80.4568
430 80.4568
431 80.4568
432 80.4568
433 80.4568
434 80.4568
435 80.4568
436 80.4568
437 80.4568
438 80.4568
439 80.4568
440 80.4568
441 80.4568
442 80.4568
443 80.4568
444 80.4568
445 80.4568
446 80.4568
447 80.4568
448 80.4568
449 80.4568
450 80.4566
451 76.9356
452 71.3595
453 71.3595
454 71.3595
455 71.3595
456 71.3595
457 71.3595
458 71.3595
459 71.3595
460 71.3595
461 71.3595
462 71.3595
463 71.3595
464 71.3595
465 71.3595
466 71.3595
467 71.3595
468 71.3595
469 71.3595
470 71.3595
471 71.3595
472 71.3595
473 71.3595
474 71.3595
475 71.3595
476 71.3595
477 71.3595
478 71.3595
479 71.3595
480 71.3595
481 71.3595
482 71.3595
483 71.3595
484 71.3595
485 71.3595
486 71.3595
487 71.3595
488 71.3595
489 71.3587
490 71.1615
491 70.9554
492 70.9554
493 70.9554
494 70.9554
495 70.9543
496 70.5904
497 70.365
498 70.3541
499 70.3484
500 70.3484
501 68.9775
502 66.662
503 66.4939
504 66.4483
505 66.4289
506 66.4289
507 66.4289
508 66.4289
509 66.4289
510 66.4289
511 66.4289
512 66.4289
513 66.4289
514 66.4289
515 66.4289
516 66.4289
517 66.4289
518 66.4289
519 66.4289
520 66.4289
521 66.4289
522 66.4289
523 66.4289
524 66.4289
525 66.4289
526 66.4289
527 66.4289
528 66.4289
529 66.4289
530 66.4289
531 66.4289
532 66.4289
533 66.4289
534 66.4289
535 66.4289
536 66.4289
537 66.4289
538 66.4289
539 66.4289
540 66.4289
541 66.4289
542 66.4289
543 66.4289
544 66.4289
545 66.4289
546 66.4289
547 66.4289
548 66.4289
549 66.4289
550 66.4289
551 66.4289
552 66.4289
553 66.4289
554 66.4288
555 66.4084
556 66.3957
557 66.3957
558 66.3957
559 66.3957
560 66.3957
561 66.3957
562 66.3957
563 66.3957
564 66.3957
565 66.3957
566 66.3957
567 66.3957
568 66.3957
569 66.3957
570 66.3957
571 66.3957
572 66.3957
573 66.3957
574 66.3957
575 66.3957
576 66.3957
577 66.3957
578 66.3957
579 66.3957
580 66.3957
581 66.3957
582 66.3957
583 66.3957
584 66.3957
585 66.3957
586 66.3957
587 66.3957
588 66.3957
589 66.3955
590 66.3183
591 66.2838
592 66.2838
593 66.2838
594 66.2838
595 66.2838
596 66.2838
597 66.2838
598 66.2838
599 66.2838
600 66.2838
601 65.8851
602 65.7461
603 65.7461
604 65.7461
605 65.7461
606 65.7461
607 65.7461
608 65.7461
609 65.7461
610 65.7461
611 65.7461
612 65.7461
613 65.7461
614 65.7461
615 65.7461
616 65.7461
617 65.7461
618 65.7461
619 65.7461
620 65.7461
621 65.7461
622 65.7461
623 65.7461
624 65.7461
625 65.7461
626 65.7461
627 65.7461
628 65.7461
629 65.7461
630 65.7461
631 65.7461
632 65.7461
633 65.7461
634 65.7461
635 65.7461
636 65.7461
637 65.7461
638 65.7461
639 65.7461
640 65.7461
641 65.7461
642 65.7436
643 65.4798
644 65.3274
645 65.3274
646 65.3274
647 65.3274
648 65.3274
649 65.3274
650 65.3274
651 64.0329
652 62.9418
653 62.9418
654 62.9418
655 62.9418
656 62.9418
657 62.9418
658 62.9418
659 62.9418
660 62.9418
661 62.9418
662 62.9418
663 62.9418
664 62.9418
665 62.9418
666 62.9418
667 62.9418
668 62.9418
669 62.9418
670 62.9418
671 62.9418
672 62.9418
673 62.9418
674 62.9418
675 62.9415
676 62.836
677 62.7796
678 62.7796
679 62.7796
680 62.7796
681 62.7796
682 62.7796
683 62.7796
684 62.7796
685 62.7796
686 62.7796
687 62.7796
688 62.7796
689 62.7796
690 62.7796
691 62.7796
692 62.7796
693 62.7796
694 62.7796
695 62.7796
696 62.7796
697 62.7796
698 62.7796
699 62.7796
700 62.7796
701 62.7796
702 62.7796
703 62.7796
704 62.7796
705 62.7796
706 62.7796
707 62.7796
708 62.7796
709 62.7796
710 62.7796
711 62.7796
712 62.7796
713 62.7796
714 62.7796
715 62.7796
716 62.7796
717 62.7796
718 62.7796
719 62.7796
720 62.7796
721 62.7796
722 62.7796
723 62.7796
724 62.7796
725 62.7796
726 62.7796
727 62.7796
728 62.7796
729 62.7796
730 62.7796
731 62.7796
732 62.7796
733 62.7796
734 62.7796
735 62.7796
736 62.7796
737 62.7796
738 62.7796
739 62.7796
740 62.7796
741 62.7796
742 62.7796
743 62.7796
744 62.7796
745 62.7796
746 62.7796
747 62.7796
748 62.7796
749 62.7796
750 62.7796
751 62.708
752 62.6032
753 62.6032
754 62.6032
755 62.6032
756 62.6032
757 62.6032
758 62.6032
759 62.6032
760 62.6032
761 62.6032
762 62.6032
763 62.6032
764 62.6032
765 62.6032
766 62.6032
767 62.6032
768 62.6032
769 62.6032
770 62.6032
771 62.6032
772 62.6524
773 62.7312
774 67.7102
775 82.6526
776 83.7596
777 90.0491
778 87.5761
779 94.5178
780 86.4145
781 87.5038
782 85.4853
783 92.726
784 92.5868
785 92.048
786 97.6581
787 97.1323
788 99.0054
789 104.086
790 99.4803
791 101.343
792 119.711
793 102.564
794 101.706
795 110.707
796 107.051
797 122.404
798 115.849
799 122.908
800 110.439
801 116.343
802 122.165
803 121.739
804 121.53
805 125.576
806 142.336
807 133.574
808 137.687
809 135.491
810 140.394
811 159.971
812 140.809
813 133.622
814 143.114
815 149.57
816 161.146
817 148.462
818 164.014
819 174.191
820 161.914
821 185.94
822 174.808
823 203.6
824 189.63
825 177.054
826 203.714
827 167.839
828 174.449
829 176.589
830 202.779
831 184.344
832 197.768
833 215.28
834 177.199
835 180.504
836 167.689
837 185.379
838 229.727
839 240.201
840 203.375
841 205.428
842 205.346
843 202.861
844 210.269
845 171.657
846 188.414
847 189.918
848 215.212
849 208.11
850 226.469
851 62.4546
852 62.2816
853 62.2816
854 62.2816
855 62.2816
856 62.2816
857 62.2816
858 62.2816
859 62.4008
860 64.9842
861 71.5073
862 72.2324
863 76.4565
864 77.0002
865 62.6456
866 78.5194
867 88.7388
868 87.9454
869 100.804
870 100.338
871 107.152
872 100.869
873 108.469
874 101.401
875 110.437
876 105.899
877 115.91
878 118.938
879 134.915
880 136.311
881 144.767
882 163.227
883 168.16
884 153.646
885 175.055
886 193.09
887 181.873
888 181.654
889 197.149
890 147.543
891 179.744
892 185.324
893 176.39
894 147.988
895 177.421
896 198.524
897 207.702
898 185.508
899 184.59
900 204.225
901 76.7011
902 61.977
903 61.977
904 61.977
905 61.977
906 61.977
907 61.977
908 61.977
909 61.977
910 61.977
911 61.977
912 61.977
913 61.977
914 61.977
915 61.977
916 61.977
917 61.977
918 61.977
919 61.977
920 61.977
921 61.977
922 61.977
923 61.977
924 61.977
925 61.977
926 61.977
927 61.977
928 61.977
929 61.977
930 61.977
931 61.977
932 61.977
933 61.977
934 61.977
935 61.977
936 61.977
937 61.977
938 61.9764
939 61.8239
940 61.6882
941 61.6882
942 61.6882
943 61.6882
944 61.6882
945 61.6882
946 61.6882
947 61.6882
948 61.6882
949 61.6882
950 61.6882
951 60.6318
952 59.9467
953 59.9074
954 59.9074
955 59.9074
956 59.9074
957 59.9074
958 59.9074
959 59.9074
960 59.9074
961 59.9074
962 59.9074
963 59.9074
964 59.9074
965 59.9074
966 59.9074
967 59.9074
968 59.9074
969 59.9074
970 59.9074
971 59.9074
972 59.9074
973 59.9074
974 59.9074
975 59.9074
976 59.9074
977 59.9074
978 59.9074
979 59.9074
980 59.9074
981 59.9074
982 59.9074
983 59.9074
984 59.9074
985 59.9074
986 59.9074
987 59.9074
988 59.9074
989 59.9074
990 59.9074
991 59.9074
992 59.9074
993 59.9074
994 59.9074
995 59.9074
996 59.9074
997 59.9074
998 59.9074
999 59.9074
1000 59.9074
1001 59.843
1002 59.5939
1003 59.5869
1004 59.5869
1005 59.5869
1006 59.5869
1007 59.5869
1008 59.5869
1009 59.5869
1010 59.5869
1011 59.5869
1012 59.5869
1013 59.5869
1014 59.5791
1015 59.4929
1016 59.454
1017 59.454
1018 59.454
1019 59.454
1020 59.454
1021 59.454
1022 59.454
1023 59.454
1024 59.454
1025 59.454
1026 59.454
1027 59.454
1028 59.454
1029 59.454
1030 59.454
1031 59.454
1032 59.454
1033 59.454
1034 59.454
1035 59.454
1036 59.454
1037 59.454
1038 59.454
1039 59.454
1040 59.454
1041 59.454
1042 59.454
1043 59.454
1044 59.454
1045 59.454
1046 59.454
1047 59.454
1048 59.454
1049 59.454
1050 59.454
1051 59.454
1052 59.454
1053 59.454
1054 59.454
1055 59.454
1056 59.454
1057 59.454
1058 59.454
1059 59.454
1060 59.454
1061 59.454
1062 59.454
1063 59.454
1064 59.454
1065 59.454
1066 59.454
1067 59.454
1068 59.454
1069 59.454
1070 59.454
1071 59.454
1072 59.454
1073 59.454
1074 59.454
1075 59.454
1076 59.454
1077 59.454
1078 59.454
1079 59.454
1080 59.454
1081 59.454
1082 59.454
1083 59.454
1084 59.454
1085 59.454
1086 59.454
1087 59.454
1088 59.454
1089 59.454
1090 59.454
1091 59.454
1092 59.454
1093 59.454
1094 59.454
1095 59.454
1096 59.454
1097 59.454
1098 59.454
1099 59.454
1100 59.454
1101 59.454
1102 59.454
1103 59.454
1104 59.454
1105 59.454
1106 59.454
1107 59.454
1108 59.454
1109 59.454
1110 59.454
1111 59.454
1112 59.454
1113 59.454
1114 59.454
1115 59.454
1116 59.454
1117 59.454
1118 59.454
1119 59.454
1120 59.454
1121 59.454
1122 59.454
1123 59.454
1124 59.454
1125 59.454
1126 59.454
1127 59.454
1128 59.454
1129 59.454
1130 59.454
1131 59.454
1132 59.454
1133 59.454
1134 59.454
1135 59.454
1136 59.454
1137 59.454
1138 59.454
1139 59.454
1140 59.454
1141 59.454
1142 59.454
1143 59.454
1144 59.454
1145 59.454
1146 59.454
1147 59.454
1148 59.454
1149 59.454
1150 59.454
1151 59.3765
1152 59.0373
1153 59.017
1154 59.017
1155 59.017
1156 59.017
1157 59.017
1158 59.017
1159 59.017
1160 59.017
1161 59.017
1162 59.017
1163 59.017
1164 59.017
1165 59.017
1166 59.017
1167 59.017
1168 59.017
1169 59.017
1170 59.017
1171 59.017
1172 59.017
1173 59.017
1174 59.017
1175 59.017
1176 59.017
1177 59.017
1178 59.017
1179 59.017
1180 59.017
1181 59.017
1182 59.017
1183 59.017
1184 59.017
1185 59.017
1186 59.017
1187 59.017
1188 59.017
1189 59.017
1190 59.017
1191 59.017
1192 59.017
1193 59.017
1194 59.017
1195 59.017
1196 59.017
1197 59.017
1198 59.017
1199 59.017
1200 59.017
1201 59.017
1202 59.017
1203 59.017
1204 59.017
1205 59.017
1206 59.017
1207 59.017
1208 59.017
1209 59.017
1210 59.017
1211 59.017
1212 59.017
1213 59.017
1214 59.017
1215 59.017
1216 59.017
1217 59.017
1218 59.017
1219 59.017
1220 59.017
1221 59.017
1222 59.017
1223 59.017
1224 59.017
1225 59.017
1226 59.017
1227 59.017
1228 59.017
1229 59.017
1230 59.017
1231 59.017
1232 59.017
1233 59.017
1234 59.017
1235 59.017
1236 59.017
1237 59.017
1238 59.017
1239 59.017
1240 59.017
1241 59.017
1242 59.017
1243 59.017
1244 59.017
1245 59.017
1246 59.017
1247 59.017
1248 59.017
1249 59.017
1250 59.017
1251 59.017
1252 59.017
1253 59.017
1254 59.017
1255 59.017
1256 59.017
1257 59.017
1258 59.017
1259 59.017
1260 59.017
1261 59.017
1262 59.017
1263 59.017
1264 59.017
1265 59.017
1266 59.017
1267 59.017
1268 59.017
1269 59.017
1270 59.017
1271 59.017
1272 59.017
1273 59.017
1274 59.017
1275 59.017
1276 59.017
1277 59.017
1278 59.017
1279 59.017
1280 59.017
1281 59.017
1282 59.017
1283 59.017
1284 59.017
1285 59.017
1286 59.017
1287 59.017
1288 59.017
1289 59.017
1290 59.017
1291 59.017
1292 59.017
1293 59.0156
1294 58.678
1295 58.3194
1296 58.3194
1297 58.3194
1298 58.9563
1299 66.5729
1300 77.4129
1301 70.1883
1302 67.5987
1303 68.1164
1304 72.5774
1305 79.9582
1306 86.1809
1307 92.53
1308 93.3336
1309 94.0973
1310 92.6218
1311 97.6658
1312 108.787
1313 112.961
1314 95.1875
1315 109.578
1316 97.6129
1317 109.684
1318 107.44
1319 99.7462
1320 111.109
1321 104.455
1322 101.225
1323 106.763
1324 114.29
1325 111.286
1326 105.224
1327 106.671
1328 96.0688
1329 95.3134
1330 92.3312
1331 94.6253
1332 95.4091
1333 105.209
1334 109.649
1335 107.568
1336 122.381
1337 114.73
1338 109.387
1339 108.566
1340 110.845
1341 113.402
1342 119.699
1343 110.158
1344 104.63
1345 105.399
1346 105.37
1347 104.502
1348 115.705
1349 100.124
1350 99.4567
1351 121.337
1352 113.261
1353 109.806
1354 109.139
1355 115.699
1356 119.788
1357 116.453
1358 108.39
1359 114.384
1360 100.915
1361 110.263
1362 120.275
1363 118.081
1364 105.793
1365 112.436
1366 107.357
1367 109.31
1368 126.248
1369 113.361
1370 118.28
1371 107.423
1372 122.385
1373 118.267
1374 119.336
1375 116.251
1376 121.924
1377 131.812
1378 129.635
1379 118.891
1380 130.122
1381 129.894
1382 125.174
1383 143.331
1384 141.408
1385 147.827
1386 136.039
1387 126.445
1388 150.84
1389 132.418
1390 144.935
1391 122.061
1392 156.175
1393 133.59
1394 131.707
1395 150.82
1396 148.559
1397 142.056
1398 142.191
1399 145.008
1400 146.274
1401 143.642
1402 129.773
1403 135.775
1404 132.46
1405 125.584
1406 137.191
1407 155.121
1408 141.536
1409 142.439
1410 139.465
1411 162.121
1412 158.384
1413 202.415
1414 205.6
1415 192.392
1416 166.557
1417 195.342
1418 222.512
1419 216.894
1420 229.287
1421 216.739
1422 192.838
1423 236.933
1424 248.474
1425 230.1
1426 237.607
1427 190.778
1428 203.559
1429 194.63
1430 218.851
1431 217.478
1432 224.715
1433 245.753
1434 249.538
1435 234.453
1436 253.43
1437 271.841
1438 224.686
1439 255.249
1440 211.766
1441 222.121
1442 250.891
1443 279.393
1444 261.01
1445 251.383
1446 278.047
1447 261.433
1448 270.039
1449 258.063
1450 288.581
1451 62.333
1452 58.3172
1453 58.3169
1454 58.3169
1455 58.3169
1456 58.3169
1457 58.3169
1458 58.3169
1459 58.3169
1460 58.3169
1461 58.3169
1462 58.3169
1463 58.3169
1464 58.3169
1465 58.3169
1466 58.3169
1467 58.3169
1468 58.3169
1469 58.3169
1470 58.3169
1471 58.3169
1472 58.3169
1473 58.3169
1474 58.3169
1475 58.3169
1476 58.3169
1477 58.3169
1478 58.3169
1479 58.3169
1480 58.3169
1481 58.3169
1482 58.3169
1483 58.3169
1484 58.3169
1485 58.3169
1486 58.3169
1487 58.3169
1488 58.3169
1489 58.3169
1490 58.3169
1491 58.3169
1492 58.3169
1493 58.3169
1494 58.3169
1495 58.3169
1496 58.3169
1497 58.3169
1498 58.3169
1499 58.3169
1500 58.3169
1501 58.3169
1502 58.3169
1503 58.3169
1504 58.3169
1505 58.3169
1506 58.3169
1507 58.3169
1508 58.3169
1509 58.3169
1510 58.3169
1511 58.3169
1512 58.3169
1513 58.3169
1514 58.3169
1515 58.3169
1516 58.3169
1517 58.3169
1518 58.3169
1519 58.3169
1520 58.3169
1521 58.3169
1522 58.3169
1523 58.3169
1524 58.3169
1525 58.3169
1526 58.3169
1527 58.3169
1528 58.3169
1529 58.3169
1530 58.3169
1531 58.3169
1532 58.3169
1533 58.3169
1534 58.3169
1535 58.3169
1536 58.3169
1537 58.3169
1538 58.3169
1539 58.3169
1540 58.3169
1541 58.3169
1542 58.3169
1543 58.3062
1544 58.2939
1545 58.2939
1546 58.2939
1547 58.2939
1548 58.2939
1549 58.2939
1550 58.2939
1551 57.9213
1552 57.5768
1553 57.5758
1554 57.5758
1555 57.5758
1556 57.5758
1557 57.5758
1558 57.5758
1559 57.5758
1560 57.5758
1561 57.5758
1562 57.5758
1563 57.5758
1564 57.5758
1565 57.5758
1566 57.5758
1567 57.5758
1568 57.5758
1569 57.5758
1570 57.5758
1571 57.5758
1572 57.5758
1573 57.5758
1574 57.5758
1575 57.5758
1576 57.5758
1577 57.5758
1578 57.5758
1579 57.5758
1580 57.5758
1581 57.5758
1582 57.5758
1583 57.5758
1584 57.5758
1585 57.5758
1586 57.5758
1587 57.5758
1588 57.5758
1589 57.5758
1590 57.5758
1591 57.5758
1592 57.5758
1593 57.5758
1594 57.5758
1595 57.5758
1596 57.5758
1597 57.5758
1598 57.5758
1599 57.5758
1600 57.5758
1601 57.5758
1602 57.5758
1603 57.5758
1604 57.5758
1605 57.5758
1606 57.5758
1607 57.5758
1608 57.5758
1609 57.5758
1610 57.5758
1611 57.5758
1612 57.5758
1613 57.5758
1614 57.5758
1615 57.5758
1616 57.5758
1617 57.5758
1618 57.5757
1619 57.5526
1620 57.5262
1621 57.5262
1622 57.5262
1623 57.5262
1624 57.5262
1625 57.5262
1626 57.5262
1627 57.5262
1628 57.5262
1629 57.5262
1630 57.5262
1631 57.5262
1632 57.5262
1633 57.5262
1634 57.5262
1635 57.5262
1636 57.5262
1637 57.5262
1638 57.5262
1639 57.5262
1640 57.5262
1641 57.5262
1642 57.5262
1643 57.5262
1644 57.5262
1645 57.5262
1646 57.5262
1647 57.5262
1648 57.5262
1649 57.5262
1650 57.5262
1651 57.5262
1652 57.5262
1653 57.5262
1654 57.5262
1655 57.5262
1656 57.5262
1657 57.5262
1658 57.5262
1659 57.5262
1660 57.5262
1661 57.5262
1662 57.5262
1663 57.5262
1664 57.5262
1665 57.5262
1666 57.5262
1667 57.5262
1668 57.5262
1669 57.5262
1670 57.5262
1671 57.5262
1672 57.5262
1673 57.5262
1674 57.5262
1675 57.5262
1676 57.5262
1677 57.5262
1678 57.5262
1679 57.5262
1680 57.5262
1681 57.5262
1682 57.5262
1683 57.5262
1684 57.5262
1685 57.5262
1686 57.5262
1687 57.5262
1688 57.5262
1689 57.5262
1690 57.5262
1691 57.5262
1692 57.5262
1693 57.5262
1694 57.5262
1695 57.5262
1696 57.5262
1697 57.5262
1698 57.5262
1699 57.5262
1700 57.5262
1701 57.5262
1702 57.5262
1703 57.5262
1704 57.5262
1705 57.5262
1706 57.5262
1707 57.5262
1708 57.5262
1709 57.5262
1710 57.5262
1711 57.5262
1712 57.5262
1713 57.5262
1714 57.5262
1715 57.5262
1716 57.5262
1717 57.5262
1718 57.5262
1719 57.5262
1720 57.5262
1721 57.5262
1722 57.5262
1723 57.5262
1724 57.5262
1725 57.5262
1726 57.5262
1727 57.5262
1728 57.5262
1729 57.5262
1730 57.5262
1731 57.5262
1732 57.5262
1733 57.5262
1734 57.5262
1735 57.5262
1736 57.5262
1737 57.5262
1738 57.5262
1739 57.5262
1740 57.5262
1741 57.5262
1742 57.5262
1743 57.5262
1744 57.5262
1745 57.5262
1746 57.5262
1747 57.5262
1748 57.5262
1749 57.5262
1750 57.5262
1751 57.5262
1752 57.5262
1753 57.5262
1754 57.5262
1755 57.5262
1756 57.5262
1757 57.5262
1758 57.5262
1759 57.5262
1760 57.5262
1761 57.5262
1762 57.5262
1763 57.5262
1764 57.5262
1765 57.5262
1766 57.5262
1767 57.5262
1768 57.5262
1769 57.5262
1770 57.5262
1771 57.5262
1772 57.5262
1773 57.5262
1774 57.5262
1775 57.5262
1776 57.5262
1777 57.5262
1778 57.5262
1779 57.5262
1780 57.5262
1781 57.5262
1782 57.5262
1783 57.5262
1784 57.5262
1785 57.5262
1786 57.5262
1787 57.5262
1788 57.5262
1789 57.5262
1790 57.5262
1791 57.5262
1792 57.5262
1793 57.5262
1794 57.5262
1795 57.5262
1796 57.5262
1797 57.5262
1798 57.5262
1799 57.5262
1800 57.5262
1801 57.5262
1802 57.5262
1803 57.5262
1804 57.5262
1805 57.5262
1806 57.5262
1807 57.5262
1808 57.5262
1809 57.5262
1810 57.5262
1811 57.5262
1812 57.5262
1813 57.5262
1814 57.5262
1815 57.5262
1816 57.5262
1817 57.5262
1818 57.5262
1819 57.5262
1820 57.5262
1821 57.5262
1822 57.5262
1823 57.5262
1824 57.5262
1825 57.5262
1826 57.5262
1827 57.5262
1828 57.5262
1829 57.5262
1830 57.5262
1831 57.5262
1832 57.5262
1833 57.5262
1834 57.5262
1835 57.5262
1836 57.5262
1837 57.5262
1838 57.5262
1839 57.5262
1840 57.5262
1841 57.5262
1842 57.5262
1843 57.5262
1844 57.5262
1845 57.5262
1846 57.5262
1847 57.5262
1848 57.5262
1849 57.5262
1850 57.5262
1851 57.5262
1852 57.5262
1853 57.5262
1854 57.5262
1855 57.5262
1856 57.5262
1857 57.5262
1858 57.5262
1859 57.5262
1860 57.5262
1861 57.5262
1862 57.5262
1863 57.5262
1864 57.5262
1865 57.5262
1866 57.5262
1867 57.5262
1868 57.5262
1869 57.5262
1870 57.5262
1871 57.5262
1872 57.5262
1873 57.5262
1874 57.5262
1875 57.5262
1876 57.5262
1877 57.5262
1878 57.5262
1879 57.5262
1880 57.5262
1881 57.5262
1882 57.5262
1883 57.5262
1884 57.5262
1885 57.5262
1886 57.5262
1887 57.5262
1888 57.5262
1889 57.5262
1890 57.5262
1891 57.5262
1892 57.5262
1893 57.5262
1894 57.5262
1895 57.5262
1896 57.5262
1897 57.5262
1898 57.5262
1899 57.5262
1900 57.5262
1901 57.5262
1902 57.5262
1903 57.5262
1904 57.5262
1905 57.5262
1906 57.5262
1907 57.5262
1908 57.5262
1909 57.5262
1910 57.5262
1911 57.5262
1912 57.5262
1913 57.5262
1914 57.5262
1915 57.5262
1916 57.5262
1917 57.5262
1918 57.5262
1919 57.5262
1920 57.5262
1921 57.5262
1922 57.5262
1923 57.5262
1924 57.5262
1925 57.5262
1926 57.5262
1927 57.5262
1928 57.5262
1929 57.5262
1930 57.5262
1931 57.5262
1932 57.5262
1933 57.5262
1934 57.5262
1935 57.5262
1936 57.5262
1937 57.5262
1938 57.5262
1939 57.5262
1940 57.5262
1941 57.5262
1942 57.5262
1943 57.5262
1944 57.5262
1945 57.5262
1946 57.5262
1947 57.5262
1948 57.5262
1949 57.5262
1950 57.5262
1951 57.5262
1952 57.5262
1953 57.5262
1954 57.5262
1955 57.5262
1956 57.5262
1957 57.5262
1958 57.5262
1959 57.5262
1960 57.5262
1961 57.5262
1962 57.5262
1963 57.5262
1964 57.5262
1965 57.5262
1966 57.5262
1967 57.5262
1968 57.5262
1969 57.5262
1970 57.5262
1971 57.5262
1972 57.5262
1973 57.5262
1974 57.5262
1975 57.5262
1976 57.5262
1977 57.5262
1978 57.5262
1979 57.5262
1980 57.5262
1981 57.5262
1982 57.5262
1983 57.5262
1984 57.5262
1985 57.5262
1986 57.5262
1987 57.5262
1988 57.5262
1989 57.5262
1990 57.5262
1991 57.5262
1992 57.5262
1993 57.5262
1994 57.5262
1995 57.5262
1996 57.5262
1997 57.5262
1998 57.5262
1999 57.5262
2000 57.5262
2001 57.5262
2002 57.5262
2003 57.5262
2004 57.5262
2005 57.5262
2006 57.5262
2007 57.5262
2008 57.5262
2009 57.5262
2010 57.5262
2011 57.5262
2012 57.5262
2013 57.5262
2014 57.5262
2015 57.5262
2016 57.5262
2017 57.5262
2018 57.5262
2019 57.5262
2020 57.5262
2021 57.5262
2022 57.5262
2023 57.5262
2024 57.5262
2025 57.5262
2026 57.5262
2027 57.5262
2028 57.5262
2029 57.5262
2030 57.5262
2031 57.5262
2032 57.5262
2033 57.5262
2034 57.5262
2035 57.5262
2036 57.5262
2037 57.5262
2038 57.5262
2039 57.5262
2040 57.5262
2041 57.5262
2042 57.5262
2043 57.5262
2044 57.5262
2045 57.5262
2046 57.5262
2047 57.5262
2048 57.5262
2049 57.5262
2050 57.5262
2051 57.5117
2052 57.4341
2053 57.4238
2054 57.4238
2055 57.4238
2056 57.4238
2057 57.4238
2058 57.4238
2059 57.4238
2060 57.4238
2061 57.4238
2062 57.4238
2063 57.4238
2064 57.4238
2065 57.4238
2066 57.4238
2067 57.4238
2068 57.4238
2069 57.4238
2070 57.4238
2071 57.4238
2072 57.4238
2073 57.4238
2074 57.4238
2075 57.4238
2076 57.4238
2077 57.4238
2078 57.4238
2079 57.4238
2080 57.4238
2081 57.4238
2082 57.4238
2083 57.4238
2084 57.4238
2085 57.4238
2086 57.4238
2087 57.4238
2088 57.4238
2089 57.4238
2090 57.4238
2091 57.4238
2092 57.4238
2093 57.4238
2094 57.4238
2095 57.4238
2096 57.4238
2097 57.4238
2098 57.4238
2099 57.4238
2100 57.4238
2101 57.4238
2102 57.4238
2103 57.4238
2104 57.4238
2105 57.4238
2106 57.4238
2107 57.4238
2108 57.4238
2109 57.4238
2110 57.4238
2111 57.4238
2112 57.4238
2113 57.4238
2114 57.4238
2115 57.4238
2116 57.4238
2117 57.4238
2118 57.4238
2119 57.4238
2120 57.4238
2121 57.4238
2122 57.4238
2123 57.4238
2124 57.4238
2125 57.4238
2126 57.4238
2127 57.4238
2128 57.4238
2129 57.4238
2130 57.4238
2131 57.4238
2132 57.4238
2133 57.4238
2134 57.4238
2135 57.4238
2136 57.4238
2137 57.4238
2138 57.4238
2139 57.4238
2140 57.4238
2141 57.4238
2142 57.4238
2143 57.4238
2144 57.4238
2145 57.4238
2146 57.4238
2147 57.4238
2148 57.4238
2149 57.4238
2150 57.4238
2151 57.4238
2152 57.4238
2153 57.4238
2154 57.4238
2155 57.4238
2156 57.4238
2157 57.4238
2158 57.4238
2159 57.4238
2160 57.4238
2161 57.4238
2162 57.4238
2163 57.4238
2164 57.4238
2165 57.4238
2166 57.4238
2167 57.4238
2168 57.4238
2169 57.4238
2170 57.4238
2171 57.4238
2172 57.4238
2173 57.4238
2174 57.4238
2175 57.4238
2176 57.4238
2177 57.4238
2178 57.4238
2179 57.4238
2180 57.4238
2181 57.4238
2182 57.4238
2183 57.4238
2184 57.4238
2185 57.4238
2186 57.4238
2187 57.4238
2188 57.4238
2189 57.4238
2190 57.4238
2191 57.4238
2192 57.4238
2193 57.4238
2194 57.4238
2195 57.4238
2196 57.4238
2197 57.4238
2198 57.4238
2199 57.4238
2200 57.4238
2201 57.4238
2202 57.4238
2203 57.4238
2204 57.4238
2205 57.4238
2206 57.4238
2207 57.4238
2208 57.4238
2209 57.4238
2210 57.4238
2211 57.4238
2212 57.4238
2213 57.4238
2214 57.4238
2215 57.4238
2216 57.4238
2217 57.4238
2218 57.4238
2219 57.4238
2220 57.4238
2221 57.4238
2222 57.4238
2223 57.4238
2224 57.4238
2225 57.4238
2226 57.4238
2227 57.4238
2228 57.4238
2229 57.4238
2230 57.4238
2231 57.4238
2232 57.4238
2233 57.4238
2234 57.4238
2235 57.4238
2236 57.4238
2237 57.4238
2238 57.4238
2239 57.4238
2240 57.4238
2241 57.4238
2242 57.4238
2243 57.4238
2244 57.4238
2245 57.4227
2246 57.293
2247 57.1528
2248 57.149
2249 57.149
2250 57.149
2251 57.149
2252 57.149
2253 57.149
2254 57.149
2255 57.149
2256 57.149
2257 57.149
2258 57.149
2259 57.149
2260 57.149
2261 57.149
2262 57.149
2263 57.149
2264 57.149
2265 57.149
2266 57.149
2267 57.149
2268 57.149
2269 57.149
2270 57.149
2271 57.149
2272 57.149
2273 57.149
2274 57.149
2275 57.149
2276 57.149
2277 57.149
2278 57.149
2279 57.149
2280 57.149
2281 57.149
2282 57.149
2283 57.149
2284 57.149
2285 57.149
2286 57.149
2287 57.149
2288 57.149
2289 57.149
2290 57.149
2291 57.149
2292 57.149
2293 57.149
2294 57.149
2295 57.149
2296 57.149
2297 57.149
2298 57.149
2299 57.149
2300 57.149
2301 57.149
2302 57.149
2303 57.149
2304 57.149
2305 57.149
2306 57.149
2307 57.149
2308 57.149
2309 57.149
2310 57.149
2311 57.149
2312 57.149
2313 57.149
2314 57.149
2315 57.149
2316 57.149
2317 57.149
2318 57.149
2319 57.149
2320 57.149
2321 57.149
2322 57.149
2323 57.149
2324 57.149
2325 57.149
2326 57.149
2327 57.149
2328 57.149
2329 57.149
2330 57.149
2331 57.149
2332 57.149
2333 57.149
2334 57.149
2335 57.149
2336 57.149
2337 57.149
2338 57.149
2339 57.149
2340 57.149
2341 57.149
2342 57.149
2343 57.149
2344 57.149
2345 57.149
2346 57.149
2347 57.149
2348 57.149
2349 57.149
2350 57.149
2351 57.149
2352 57.149
2353 57.149
2354 57.149
2355 57.149
2356 57.149
2357 57.149
2358 57.149
2359 57.149
2360 57.149
2361 57.149
2362 57.149
2363 57.149
2364 57.149
2365 57.149
2366 57.149
2367 57.149
2368 57.149
2369 57.149
2370 57.149
2371 57.149
2372 57.149
2373 57.149
2374 57.149
2375 57.149
2376 57.149
2377 57.149
2378 57.149
2379 57.149
2380 57.149
2381 57.149
2382 57.149
2383 57.149
2384 57.149
2385 57.149
2386 57.149
2387 57.149
2388 57.149
2389 57.149
2390 57.149
2391 57.149
2392 57.149
2393 57.149
2394 57.149
2395 57.149
2396 57.149
2397 57.149
2398 57.149
2399 57.149
2400 57.149
2401 57.149
2402 57.149
2403 57.149
2404 57.149
2405 57.149
2406 57.149
2407 57.149
2408 57.149
2409 57.149
2410 57.149
2411 57.149
2412 57.149
2413 57.149
2414 57.149
2415 57.149
2416 57.149
2417 57.149
2418 57.149
2419 57.149
2420 57.149
2421 57.149
2422 57.149
2423 57.149
2424 57.149
2425 57.149
2426 57.149
2427 57.149
2428 57.149
2429 57.149
2430 57.149
2431 57.149
2432 57.149
2433 57.149
2434 57.149
2435 57.149
2436 57.149
2437 57.149
2438 57.149
2439 57.149
2440 57.149
2441 57.149
2442 57.149
2443 57.149
2444 57.149
2445 57.149
2446 57.149
2447 57.149
2448 57.149
2449 57.149
2450 57.149
2451 57.149
2452 57.149
2453 57.149
2454 57.149
2455 57.149
2456 57.149
2457 57.149
2458 57.149
2459 57.149
2460 57.149
2461 57.149
2462 57.149
2463 57.149
2464 57.149
2465 57.149
2466 57.149
2467 57.149
2468 57.149
2469 57.149
2470 57.149
2471 57.149
2472 57.149
2473 57.149
2474 57.149
2475 57.149
2476 57.149
2477 57.149
2478 57.149
2479 57.149
2480 57.149
2481 57.149
2482 57.149
2483 57.149
2484 57.149
2485 57.149
2486 57.149
2487 57.149
2488 57.149
2489 57.149
2490 57.149
2491 57.149
2492 57.149
2493 57.149
2494 57.149
2495 57.149
2496 57.149
2497 57.149
2498 57.149
2499 57.149
2500 57.149
2501 57.149
2502 57.149
2503 57.149
2504 57.149
2505 57.149
2506 57.149
2507 57.149
2508 57.149
2509 57.149
2510 57.149
2511 57.149
2512 57.149
2513 57.149
2514 57.149
2515 57.149
2516 57.149
2517 57.149
2518 57.149
2519 57.149
2520 57.149
2521 57.149
2522 57.149
2523 57.149
2524 57.149
2525 57.149
2526 57.149
2527 57.149
2528 57.149
2529 57.149
2530 57.149
2531 57.149
2532 57.149
2533 57.149
2534 57.149
2535 57.149
2536 57.149
2537 57.149
2538 57.149
2539 57.149
2540 57.149
2541 57.149
2542 57.149
2543 57.149
2544 57.149
2545 57.149
2546 57.149
2547 57.149
2548 57.149
2549 57.149
2550 57.149
2551 57.149
2552 57.149
2553 57.149
2554 57.149
2555 57.149
2556 57.149
2557 57.149
2558 57.149
2559 57.149
2560 57.149
2561 57.149
2562 57.149
2563 57.149
2564 57.149
2565 57.149
2566 57.149
2567 57.149
2568 57.149
2569 57.149
2570 57.149
2571 57.149
2572 57.149
2573 57.148
2574 56.8189
2575 56.1474
2576 55.7211
2577 55.7211
2578 55.7194
2579 55.3849
2580 54.8546
2581 54.8546
2582 54.8546
2583 54.8546
2584 54.8546
2585 54.8546
2586 54.8546
2587 54.8546
2588 54.8546
2589 54.8546
2590 54.8546
2591 54.8546
2592 54.8546
2593 54.8546
2594 54.8546
2595 54.8546
2596 54.8546
2597 54.8546
2598 54.8546
2599 54.8546
2600 54.8546
2601 54.8546
2602 54.8546
2603 54.8546
2604 54.8546
2605 54.8546
2606 54.8546
2607 54.8546
2608 54.8546
2609 54.8546
2610 54.8546
2611 54.8546
2612 54.8546
2613 54.8546
2614 54.8546
2615 54.8546
2616 54.8546
2617 54.8546
2618 54.8546
2619 54.8546
2620 54.8546
2621 54.8546
2622 54.8546
2623 54.8546
2624 54.8546
2625 54.8546
2626 54.8546
2627 54.8546
2628 54.8546
2629 54.8546
2630 54.8546
2631 54.8546
2632 54.8546
2633 54.8546
2634 54.8546
2635 54.8546
2636 54.8546
2637 54.8546
2638 54.8546
2639 54.8546
2640 54.8546
2641 54.8546
2642 54.8546
2643 54.8546
2644 54.8546
2645 54.8546
2646 54.8546
2647 54.8546
2648 54.8546
2649 54.8546
2650 54.8546
2651 54.8546
2652 54.8546
2653 54.8546
2654 54.8546
2655 54.8546
2656 54.8546
2657 54.8546
2658 54.8546
2659 54.8546
2660 54.8546
2661 54.8546
2662 54.8546
2663 54.8546
2664 54.8546
2665 54.8546
2666 54.8546
2667 54.8546
2668 54.8546
2669 54.8546
2670 54.8546
2671 54.8546
2672 54.8546
2673 54.8546
2674 54.8546
2675 54.8546
2676 54.8546
2677 54.8546
2678 54.8546
2679 54.8546
2680 54.8546
2681 54.8546
2682 54.8546
2683 54.8546
2684 54.8546
2685 54.8546
2686 54.8546
2687 54.8546
2688 54.8546
2689 54.8546
2690 54.8546
2691 54.8546
2692 54.8546
2693 54.8546
2694 54.8546
2695 54.8546
2696 54.8546
2697 54.8546
2698 54.8546
2699 54.8546
2700 54.8546
2701 54.8546
2702 54.8546
2703 54.8546
2704 54.8546
2705 54.8546
2706 54.8546
2707 54.8546
2708 54.8546
2709 54.8546
2710 54.8546
2711 54.8546
2712 54.8546
2713 54.8546
2714 54.8546
2715 54.8546
2716 54.8546
2717 54.8546
2718 54.8546
2719 54.8546
2720 54.8546
2721 54.8546
2722 54.8546
2723 54.8546
2724 54.8546
2725 54.8546
2726 54.8546
2727 54.8546
2728 54.8546
2729 54.8546
2730 54.8546
2731 54.8546
2732 54.8546
2733 54.8546
2734 54.8546
2735 54.8546
2736 54.8546
2737 54.8546
2738 54.8546
2739 54.8546
2740 54.8546
2741 54.8546
2742 54.8546
2743 54.8546
2744 54.8546
2745 54.8546
2746 54.8546
2747 54.8546
2748 54.8546
2749 54.8546
2750 54.8546
2751 54.8546
2752 54.8546
2753 54.8546
2754 54.8546
2755 54.8546
2756 54.8546
2757 54.8546
2758 54.8546
2759 54.8546
2760 54.8546
2761 54.8546
2762 54.8546
2763 54.8546
2764 54.8546
2765 54.8546
2766 54.8546
2767 54.8546
2768 54.8546
2769 54.8546
2770 54.8546
2771 54.8546
2772 54.8546
2773 54.8546
2774 54.8546
2775 54.8546
2776 54.8546
2777 54.8546
2778 54.8546
2779 54.8546
2780 54.8546
2781 54.8546
2782 54.8546
2783 54.8546
2784 54.8546
2785 54.8546
2786 54.8546
2787 54.8546
2788 54.8546
2789 54.8546
2790 54.8546
2791 54.8546
2792 54.8546
2793 54.8546
2794 54.8546
2795 54.8546
2796 54.8546
2797 54.8546
2798 54.8546
2799 54.8546
2800 54.8546
2801 54.8546
2802 54.8546
2803 54.8546
2804 54.8546
2805 54.8546
2806 54.8546
2807 54.8546
2808 54.8546
2809 54.8546
2810 54.8546
2811 54.8546
2812 54.8546
2813 54.8546
2814 54.8546
2815 54.8546
2816 54.8546
2817 54.8546
2818 54.8546
2819 54.8546
2820 54.8546
2821 54.8546
2822 54.8546
2823 54.8546
2824 54.8546
2825 54.8546
2826 54.8546
2827 54.8546
2828 54.8546
2829 54.8546
2830 54.8546
2831 54.8546
2832 54.8546
2833 54.8546
2834 54.8546
2835 54.8546
2836 54.8546
2837 54.8546
2838 54.8546
2839 54.8546
2840 54.8546
2841 54.8546
2842 54.8546
2843 54.8546
2844 54.8546
2845 54.8546
2846 54.8546
2847 54.8546
2848 54.8546
2849 54.8546
2850 54.8546
2851 54.8546
2852 54.8546
2853 54.8546
2854 54.8546
2855 54.8546
2856 54.8546
2857 54.8546
2858 54.8546
2859 54.8546
2860 54.8546
2861 54.8546
2862 54.8546
2863 54.8546
2864 54.8546
2865 54.8546
2866 54.8546
2867 54.8546
2868 54.8546
2869 54.8546
2870 54.8546
2871 54.8546
2872 54.8546
2873 54.8546
2874 54.8546
2875 54.8546
2876 54.8546
2877 54.8546
2878 54.8546
2879 54.8546
2880 54.8546
2881 54.8546
2882 54.8546
2883 54.8546
2884 54.8546
2885 54.8546
2886 54.8546
2887 54.8546
2888 54.8546
2889 54.8546
2890 54.8546
2891 54.8546
2892 54.8546
2893 54.8546
2894 54.8546
2895 54.8546
2896 54.8546
2897 54.8546
2898 54.8546
2899 54.8546
2900 54.8546
2901 54.8546
2902 54.8546
2903 54.8546
2904 54.8546
2905 54.8546
2906 54.8546
2907 54.8546
2908 54.8546
2909 54.8546
2910 54.8546
2911 54.8546
2912 54.8546
2913 54.8546
2914 54.8546
2915 54.8546
2916 54.8546
2917 54.8546
2918 54.8546
2919 54.8546
2920 54.8546
2921 54.8546
2922 54.8546
2923 54.8546
2924 54.8546
2925 54.8546
2926 54.8546
2927 54.8546
2928 54.8546
2929 54.8546
2930 54.8546
2931 54.8546
2932 54.8546
2933 54.8546
2934 54.8546
2935 54.8546
2936 54.8546
2937 54.8546
2938 54.8546
2939 54.8546
2940 54.8546
2941 54.8546
2942 54.8546
2943 54.8546
2944 54.8546
2945 54.8546
2946 54.8546
2947 54.8546
2948 54.8546
2949 54.8546
2950 54.8546
2951 54.8546
2952 54.8546
2953 54.8546
2954 54.8546
2955 54.8546
2956 54.8546
2957 54.8546
2958 54.8546
2959 54.8546
2960 54.8546
2961 54.8546
2962 54.8546
2963 54.8546
2964 54.8546
2965 54.8546
2966 54.854
2967 54.7087
2968 54.5543
2969 54.5543
2970 54.5543
2971 54.5543
2972 54.5543
2973 54.5543
2974 54.5543
2975 54.5543
2976 54.5543
2977 54.5543
2978 54.5543
2979 54.5543
2980 54.5543
2981 54.5543
2982 54.5543
2983 54.5543
2984 54.5543
2985 54.5543
2986 54.5543
2987 54.5543
2988 54.5543
2989 54.5543
2990 54.5543
2991 54.5543
2992 54.5543
2993 54.5543
2994 54.5543
2995 54.5543
2996 54.5543
2997 54.5543
2998 54.5543
2999 54.5543
3000 54.5543
3001 54.5543
3002 54.5543
3003 54.5543
3004 54.5543
3005 54.5543
3006 54.5543
3007 54.5543
3008 54.5543
3009 54.5543
3010 54.5543
3011 54.5543
3012 54.5543
3013 54.5543
3014 54.5543
3015 54.5543
3016 54.5543
3017 54.5543
3018 54.5543
3019 54.5543
3020 54.5543
3021 54.5543
3022 54.5543
3023 54.5543
3024 54.5543
3025 54.5543
3026 54.5543
3027 54.5543
3028 54.5543
3029 54.5543
3030 54.5543
3031 54.5543
3032 54.5543
3033 54.5543
3034 54.5543
3035 54.5543
3036 54.5543
3037 54.5543
3038 54.5543
3039 54.5543
3040 54.5543
3041 54.5543
3042 54.5543
3043 54.5543
3044 54.5543
3045 54.5543
3046 54.5543
3047 54.5543
3048 54.5543
3049 54.5543
3050 54.5543
3051 54.5543
3052 54.5543
3053 54.5543
3054 54.5543
3055 54.5543
3056 54.5543
3057 54.5543
3058 54.5543
3059 54.5543
3060 54.5543
3061 54.5543
3062 54.5543
3063 54.5543
3064 54.5543
3065 54.5543
3066 54.5543
3067 54.5543
3068 54.5543
3069 54.5543
3070 54.5543
3071 54.5543
3072 54.5543
3073 54.5543
3074 54.5543
3075 54.5543
3076 54.5543
3077 54.5543
3078 54.5543
3079 54.5543
3080 54.5543
3081 54.5543
3082 54.5543
3083 54.5543
3084 54.5543
3085 54.5543
3086 54.5543
3087 54.5543
3088 54.5543
3089 54.5543
3090 54.5543
3091 54.5543
3092 54.5543
3093 54.5543
3094 54.5543
3095 54.5543
3096 54.5543
3097 54.5543
3098 54.5543
3099 54.5543
3100 54.5543
3101 54.5543
3102 54.5543
3103 54.5543
3104 54.5543
3105 54.5543
3106 54.5543
3107 54.5543
3108 54.5543
3109 54.5543
3110 54.5543
3111 54.5543
3112 54.5543
3113 54.5543
3114 54.5543
3115 54.5543
3116 54.5543
3117 54.5543
3118 54.5543
3119 54.5543
3120 54.5543
3121 54.5543
3122 54.5543
3123 54.5543
3124 54.5543
3125 54.5543
3126 54.5543
3127 54.5543
3128 54.5543
3129 54.5543
3130 54.5543
3131 54.5543
3132 54.5543
3133 54.5543
3134 54.5543
3135 54.5543
3136 54.5543
3137 54.5543
3138 54.5543
3139 54.5543
3140 54.5543
3141 54.5543
3142 54.5543
3143 54.5543
3144 54.5543
3145 54.5543
3146 54.5543
3147 54.5543
3148 54.5543
3149 54.5543
3150 54.5543
3151 54.5543
3152 54.5543
3153 54.5543
3154 54.5543
3155 54.5543
3156 54.5543
3157 54.5543
3158 54.5543
3159 54.5543
3160 54.5543
3161 54.5543
3162 54.5543
3163 54.5543
3164 54.5543
3165 54.5543
3166 54.5543
3167 54.5543
3168 54.5543
3169 54.5543
3170 54.5543
3171 54.5543
3172 54.5543
3173 54.5543
3174 54.5543
3175 54.5543
3176 54.5543
3177 54.5543
3178 54.5543
3179 54.5543
3180 54.5543
3181 54.5543
3182 54.5543
3183 54.5543
3184 54.5543
3185 54.5543
3186 54.5543
3187 54.5543
3188 54.5543
3189 54.5543
3190 54.5543
3191 54.5543
3192 54.5543
3193 54.5543
3194 54.5543
3195 54.5543
3196 54.5543
3197 54.5543
3198 54.5543
3199 54.5543
3200 54.5543
3201 54.5543
3202 54.5543
3203 54.5543
3204 54.5543
3205 54.5543
3206 54.5543
3207 54.5543
3208 54.5543
3209 54.5543
3210 54.5543
3211 54.5543
3212 54.5543
3213 54.5543
3214 54.5543
3215 54.5543
3216 54.5543
3217 54.5543
3218 54.5543
3219 54.5543
3220 54.5543
3221 54.5543
3222 54.5543
3223 54.5543
3224 54.5543
3225 54.5543
3226 54.5543
3227 54.5543
3228 54.5543
3229 54.5543
3230 54.5543
3231 54.5543
3232 54.5543
3233 54.5543
3234 54.5543
3235 54.5543
3236 54.5543
3237 54.5543
3238 54.5543
3239 54.5543
3240 54.5543
3241 54.5543
3242 54.5543
3243 54.5543
3244 54.5543
3245 54.5543
3246 54.5543
3247 54.5543
3248 54.5543
3249 54.5543
3250 54.5543
3251 54.5543
3252 54.5543
3253 54.5543
3254 54.5543
3255 54.5543
3256 54.5543
3257 54.5543
3258 54.5543
3259 54.5543
3260 54.5543
3261 54.5543
3262 54.5543
3263 54.5543
3264 54.5543
3265 54.5543
3266 54.5543
3267 54.5543
3268 54.5543
3269 54.5543
3270 54.5543
3271 54.5543
3272 54.5543
3273 54.5543
3274 54.5543
3275 54.5543
3276 54.5543
3277 54.5543
3278 54.5543
3279 54.5543
3280 54.5543
3281 54.5543
3282 54.5543
3283 54.5543
3284 54.5543
3285 54.5543
3286 54.5543
3287 54.5543
3288 54.5543
3289 54.5543
3290 54.5543
3291 54.5543
3292 54.5543
3293 54.5543
3294 54.5543
3295 54.5543
3296 54.5543
3297 54.5543
3298 54.5543
3299 54.5543
3300 54.5543
3301 54.5543
3302 54.5543
3303 54.5543
3304 54.5543
3305 54.5543
3306 54.5543
3307 54.5543
3308 54.5543
3309 54.5543
3310 54.5543
3311 54.5543
3312 54.5543
3313 54.5543
3314 54.5543
3315 54.5543
3316 54.5543
3317 54.5543
3318 54.5543
3319 54.5543
3320 54.5543
3321 54.5543
3322 54.5543
3323 54.5543
3324 54.5543
3325 54.5543
3326 54.5543
3327 54.5543
3328 54.5543
3329 54.5543
3330 54.5543
3331 54.5543
3332 54.5543
3333 54.5543
3334 54.5543
3335 54.5543
3336 54.5543
3337 54.5543
3338 54.5543
3339 54.5543
3340 54.5543
3341 54.5543
3342 54.5543
3343 54.5543
3344 54.5543
3345 54.5543
3346 54.5543
3347 54.5543
3348 54.5543
3349 54.5543
3350 54.5543
3351 54.5543
3352 54.5543
3353 54.5543
3354 54.5543
3355 54.5543
3356 54.5543
3357 54.5543
3358 54.5543
3359 54.5543
3360 54.5543
3361 54.5543
3362 54.5543
3363 54.5543
3364 54.5543
3365 54.5543
3366 54.5543
3367 54.5543
3368 54.5543
3369 54.5543
3370 54.5543
3371 54.5543
3372 54.5543
3373 54.5543
3374 54.5543
3375 54.5543
3376 54.5543
3377 54.5543
3378 54.5543
3379 54.5543
3380 54.5543
3381 54.5543
3382 54.5543
3383 54.5543
3384 54.5543
3385 54.5543
3386 54.5543
3387 54.5543
3388 54.5543
3389 54.5543
3390 54.5543
3391 54.5543
3392 54.5543
3393 54.5543
3394 54.5543
3395 54.5543
3396 54.5543
3397 54.5543
3398 54.5543
3399 54.5543
3400 54.5543
3401 54.5543
3402 54.5543
3403 54.5543
3404 54.5543
3405 54.5543
3406 54.5543
3407 54.5543
3408 54.5543
3409 54.5543
3410 54.5543
3411 54.5543
3412 54.5543
3413 54.5543
3414 54.5543
3415 54.5543
3416 54.5543
3417 54.5543
3418 54.5543
3419 54.5543
3420 54.5543
3421 54.5543
3422 54.5543
3423 54.5543
3424 54.5543
3425 54.5543
3426 54.5543
3427 54.5543
3428 54.5543
3429 54.5543
3430 54.5543
3431 54.5543
3432 54.5543
3433 54.5543
3434 54.5543
3435 54.5543
3436 54.5543
3437 54.5543
3438 54.5543
3439 54.5543
3440 54.5543
3441 54.5543
3442 54.5543
3443 54.5543
3444 54.8709
3445 54.5543
3446 54.5543
3447 54.5543
3448 54.5543
3449 54.5543
3450 54.5543
3451 54.5543
3452 54.5543
3453 54.5543
3454 54.5543
3455 54.5543
3456 54.5543
3457 54.5543
3458 54.5543
3459 54.5543
3460 54.5543
3461 54.5543
3462 54.5543
3463 54.5543
3464 54.5543
3465 54.5543
3466 54.5543
3467 54.5543
3468 54.5543
3469 54.5543
3470 54.5543
3471 54.5543
3472 54.5543
3473 54.5543
3474 54.5543
3475 54.5543
3476 54.5543
3477 54.5543
3478 54.5543
3479 54.5543
3480 54.5543
3481 54.5543
3482 55.6428
3483 64.4589
3484 66.8003
3485 71.0682
3486 78.5409
3487 83.5549
3488 77.8472
3489 88.6328
3490 96.7084
3491 91.4414
3492 96.8281
3493 109.165
3494 114.084
3495 107.413
3496 101.728
3497 109.181
3498 113.665
3499 120.342
3500 114.353
3501 116.137
3502 108.886
3503 125.523
3504 114.283
3505 129.213
3506 148.622
3507 133.205
3508 113.111
3509 109.651
3510 107.419
3511 125.289
3512 120.464
3513 129.703
3514 126.327
3515 134.794
3516 125.302
3517 143.407
3518 134.057
3519 129.82
3520 126.895
3521 138.579
3522 149.479
3523 152.292
3524 127.589
3525 127.462
3526 134.392
3527 136.782
3528 134.7
3529 144.112
3530 141.806
3531 135.326
3532 137.139
3533 151.885
3534 140.176
3535 156.74
3536 142.541
3537 153.384
3538 155.078
3539 137.046
3540 122.059
3541 149.778
3542 143.619
3543 137.757
3544 150.395
3545 139.956
3546 130.288
3547 154.269
3548 171.665
3549 186.255
3550 170.835
3551 141.978
3552 144.902
3553 157.992
3554 151.227
3555 151.979
3556 164.622
3557 156.601
3558 151.484
3559 155.057
3560 132.199
3561 155.517
3562 170.045
3563 179.015
3564 156.182
3565 151.543
3566 156.936
3567 148.782
3568 181.468
3569 184.541
3570 192.437
3571 173.893
3572 191.886
3573 193.314
3574 182.1
3575 185.996
3576 162.867
3577 203.329
3578 191.759
3579 201.098
3580 176.306
3581 176.282
3582 198.363
3583 208.309
3584 180.549
3585 201.792
3586 195.278
3587 217.913
3588 188.171
3589 213.205
3590 200.857
3591 211.284
3592 246.125
3593 237.165
3594 233.01
3595 249.524
3596 210.121
3597 251.474
3598 181.394
3599 262.246
3600 264.038
3601 243.04
3602 213.321
3603 231.943
3604 211.052
3605 223.037
3606 259.502
3607 232.434
3608 285.109
3609 229.13
3610 240.853
3611 262.756
3612 247.998
3613 220.31
3614 251.64
3615 261.883
3616 240.393
3617 264.748
3618 294.445
3619 244.242
3620 244.739
3621 238.018
3622 216.237
3623 255.229
3624 269.787
3625 301.703
3626 247.082
3627 271.938
3628 243.683
3629 256.712
3630 278.158
3631 240.909
3632 269.76
3633 262.917
3634 284.945
3635 233.483
3636 232.659
3637 275.889
3638 307.042
3639 298.229
3640 269.409
3641 232.023
3642 263.847
3643 281.354
3644 271.921
3645 253.532
3646 252.137
3647 277.722
3648 303.785
3649 279.745
3650 238.82
3651 268.385
3652 287.217
3653 273.359
3654 258.511
3655 262.323
3656 335.993
3657 291.257
3658 291.89
3659 290.523
3660 305.613
3661 307.191
3662 277.575
3663 260.786
3664 274.292
3665 280.74
3666 341.927
3667 314
3668 301.436
3669 341.216
3670 332.721
3671 319.936
3672 292.768
3673 316.953
3674 372.89
3675 305.421
3676 306.166
3677 305.451
3678 355.312
3679 355.868
3680 367.458
3681 396.625
3682 304.861
3683 363.015
3684 400.453
3685 352.902
3686 335.831
3687 307.812
3688 306.041
3689 325.312
3690 373.374
3691 332.943
3692 401.963
3693 352.497
3694 324.767
3695 363.147
3696 340.585
3697 356.312
3698 341.178
3699 313.661
3700 306.612
3701 297.838
3702 410.197
3703 367.739
3704 359.758
3705 391.658
3706 348.318
3707 314.23
3708 330.607
3709 360.704
3710 374.715
3711 343.684
3712 357.676
3713 415.062
3714 336.874
3715 409.824
3716 345.442
3717 325.637
3718 299.069
3719 407.067
3720 384.817
3721 376.562
3722 383.109
3723 400.998
3724 378.81
3725 432.335
3726 419.56
3727 451.673
3728 345.703
3729 440.099
3730 397.683
3731 411.068
3732 372.181
3733 376.093
3734 387.367
3735 435.17
3736 374.692
3737 394.717
3738 384.847
3739 370.416
3740 421.596
3741 349.867
3742 381.493
3743 313.595
3744 435.719
3745 292.93
3746 370.57
3747 390.696
3748 413.583
3749 412.227
3750 389.87
3751 305.604
3752 318.103
3753 311.222
3754 335.386
3755 396.35
3756 377.834
3757 343.902
3758 395.496
3759 434.539
3760 377.044
3761 380.233
3762 374.828
3763 378.732
3764 474.162
3765 391.008
3766 383.486
3767 395.706
3768 361.705
3769 423.203
3770 395.609
3771 392.896
3772 422.39
3773 390.982
3774 352.704
3775 401.622
3776 332.772
3777 353.164
3778 447.705
3779 410.646
3780 378.751
3781 410.279
3782 402.163
3783 412.583
3784 354.222
3785 440.818
3786 375.974
3787 383.542
3788 340.521
3789 400.999
3790 440.177
3791 359.754
3792 415.704
3793 368.956
3794 390.16
3795 396.749
3796 406.635
3797 304.235
3798 357.889
3799 377.659
3800 457.051
3801 473.922
3802 432.49
3803 426.977
3804 405.783
3805 417.477
3806 474.558
3807 448.755
3808 445.595
3809 448.447
3810 343.607
3811 370.767
3812 326.737
3813 327.743
3814 395.113
3815 398.021
3816 416.59
3817 385.017
3818 398.22
3819 361.856
3820 366.53
3821 458.345
3822 390.831
3823 407.748
3824 382.523
3825 380.646
3826 444.551
3827 386.744
3828 470.681
3829 395.18
3830 418.503
3831 363.998
3832 392.577
3833 365.41
3834 295.36
3835 373.084
3836 380.201
3837 399.342
3838 438.059
3839 386.713
3840 350.16
3841 354.318
3842 434.522
3843 392.723
3844 457.847
3845 387.121
3846 422.115
3847 464.276
3848 447.316
3849 433.34
3850 387.46
3851 357.631
3852 419.821
3853 391.723
3854 449.14
3855 413.656
3856 429.794
3857 470
3858 442.592
3859 357.881
3860 432.05
3861 446.154
3862 484.056
3863 422.664
3864 514.225
3865 414.988
3866 433.902
3867 462.879
3868 396.193
3869 381.727
3870 417.347
3871 434.299
3872 459.973
3873 405.248
3874 438.276
3875 474.521
3876 451.466
3877 378.246
3878 379.271
3879 415.974
3880 476.684
3881 456.777
3882 336.995
3883 449.95
3884 422.742
3885 360.016
3886 365.785
3887 526.523
3888 511.908
3889 496.502
3890 404.947
3891 433.378
3892 361.758
3893 399.841
3894 393.198
3895 394.663
3896 388.444
3897 392.411
3898 390.49
3899 334.236
3900 392.959
3901 369.864
3902 350.503
3903 402.331
3904 390.472
3905 396.489
3906 337.296
3907 343.206
3908 396.449
3909 414.627
3910 365.487
3911 391.134
3912 362.996
3913 368.107
3914 383.097
3915 428.812
3916 346.528
3917 452.061
3918 398.107
3919 362.101
3920 421.448
3921 350.604
3922 381.423
3923 398.047
3924 342.954
3925 434.89
3926 378.312
3927 444.437
3928 378.621
3929 439.999
3930 474.625
3931 409.025
3932 451.624
3933 452.283
3934 428.262
3935 481.42
3936 442.046
3937 431.435
3938 460.787
3939 420.099
3940 382.23
3941 392.809
3942 292.077
3943 406.973
3944 424.418
3945 418.643
3946 481.478
3947 428.18
3948 315.432
3949 404.505
3950 398.432
3951 436.19
3952 474.739
3953 461.366
3954 464.954
3955 462.992
3956 385.269
3957 479.209
3958 402.297
3959 385.811
3960 386.906
3961 430.902
3962 478.417
3963 515.141
3964 460.981
3965 463.06
3966 394.625
3967 370.32
3968 392.233
3969 496.975
3970 386.112
3971 511.128
3972 484.116
3973 399.272
3974 512.042
3975 456.04
3976 462.657
3977 440.786
3978 464.45
3979 468.323
3980 437.688
3981 447.751
3982 437.108
3983 483.577
3984 435.103
3985 476.529
3986 489.39
3987 461.33
3988 367.376
3989 427.85
3990 530.917
3991 527.985
3992 474.132
3993 455.809
3994 496.564
3995 441.955
3996 479.741
3997 459.094
3998 360.661
3999 406.787
4000 392.965
4001 448.942
4002 474.038
4003 443.432
4004 400.74
4005 456.899
4006 465.221
4007 415.042
4008 382.509
4009 463.27
4010 483.51
4011 360.946
4012 449.456
4013 456.265
4014 444.314
4015 438.104
4016 397.942
4017 447.812
4018 497.426
4019 470.755
4020 508.486
4021 466.373
4022 489.185
4023 435.773
4024 500.867
4025 455.146
4026 516.514
4027 478.793
4028 410.413
4029 486.567
4030 507.339
4031 409.175
4032 491.759
4033 491.012
4034 512.447
4035 477.52
4036 417.893
4037 499.179
4038 488.766
4039 538.654
4040 489.821
4041 445.206
4042 438.858
4043 457.042
4044 410.75
4045 465.139
4046 567.691
4047 481.769
4048 450.402
4049 429.984
4050 425.438
4051 456.48
4052 377.245
4053 441.929
4054 456.446
4055 478.427
4056 515.793
4057 431.188
4058 518.147
4059 479.653
4060 421.789
4061 378.209
4062 491.479
4063 487.938
4064 502.109
4065 559.994
4066 514.347
4067 522.047
4068 529.208
4069 519.521
4070 492.13
4071 506.516
4072 513.201
4073 497.972
4074 386.276
4075 518.956
4076 488.138
4077 531.027
4078 497.286
4079 521.679
4080 505.382
4081 473.194
4082 531.164
4083 475.967
4084 483.128
4085 479.28
4086 513.968
4087 456.478
4088 428.362
4089 517.959
4090 457.873
4091 443.084
4092 440.904
4093 468.148
4094 449.957
4095 443.038
4096 496.386
4097 518.637
4098 552.856
4099 492.577
4100 424.354
4101 276.994
4102 429.229
4103 441.746
4104 387.792
4105 434.237
4106 418.092
4107 457.669
4108 433.415
4109 487.11
4110 456.862
4111 461.395
4112 556.692
4113 491.31
4114 476.861
4115 428.721
4116 459.114
4117 423.271
4118 451.734
4119 405.535
4120 466.617
4121 492.412
4122 460.159
4123 531.119
4124 431.228
4125 386.582
4126 514.19
4127 474.073
4128 531.532
4129 422.691
4130 418.317
4131 440.187
4132 544.137
4133 463.586
4134 501.25
4135 447.081
4136 440.54
4137 501.929
4138 447.125
4139 521.052
4140 427.094
4141 525.056
4142 491.723
4143 496.642
4144 477.581
4145 477.662
4146 534.482
4147 453.87
4148 510.559
4149 454.612
4150 469.155
4151 498.465
4152 454.338
4153 517.531
4154 480.061
4155 465.603
4156 382.989
4157 360.036
4158 416.329
4159 490.554
4160 465.273
4161 479.391
4162 412.49
4163 433.829
4164 422.939
4165 460.859
4166 375.166
4167 498.664
4168 434.883
4169 476.169
4170 460.973
4171 483.221
4172 412.195
4173 368.618
4174 443.676
4175 376.92
4176 482.325
4177 463.942
4178 411.024
4179 512.575
4180 407.841
4181 384.704
4182 413.593
4183 426.439
4184 481.563
4185 417.866
4186 439.629
4187 439.927
4188 414.543
4189 498.862
4190 448.403
4191 507.027
4192 406.842
4193 360.508
4194 376.289
4195 363.958
4196 427.231
4197 446.182
4198 463.127
4199 451.274
4200 371.062
4201 386.351
4202 448.561
4203 426.381
4204 410.952
4205 452.274
4206 465.721
4207 455.346
4208 404.41
4209 468.213
4210 493.016
4211 419.292
4212 431.598
4213 455.346
4214 430.991
4215 433.97
4216 442.702
4217 410.662
4218 349.192
4219 444.426
4220 506.567
4221 544.326
4222 494.615
4223 346.154
4224 410.556
4225 419.079
4226 377.887
4227 443.45
4228 425.988
4229 473.553
4230 445.912
4231 398.792
4232 457.608
4233 425.846
4234 468.578
4235 524.197
4236 433.921
4237 351.035
4238 327.377
4239 370.844
4240 401.083
4241 404.953
4242 359.632
4243 393.578
4244 463.959
4245 499.032
4246 468.687
4247 435.624
4248 441.445
4249 412.28
4250 387.356
4251 430.798
4252 399.48
4253 423.386
4254 380.832
4255 337.375
4256 397.012
4257 320.202
4258 336.478
4259 343.823
4260 420.25
4261 441.064
4262 434.396
4263 420.79
4264 427.108
4265 441.109
4266 414.254
4267 351.852
4268 387.308
4269 413.036
4270 394.847
4271 355.391
4272 492.663
4273 429.09
4274 381.13
4275 366.462
4276 397.488
4277 418.843
4278 430.581
4279 438.697
4280 433.182
4281 396.41
4282 490.537
4283 435.566
4284 417.17
4285 443.334
4286 505.66
4287 456.142
4288 349.359
4289 384.938
4290 395.787
4291 421.208
4292 377.665
4293 460.199
4294 471.519
4295 364.742
4296 446.836
4297 457.505
4298 374.84
4299 366.511
4300 425.096
4301 408.627
4302 340.944
4303 354.717
4304 398.96
4305 319.01
4306 391.012
4307 358.035
4308 411.264
4309 422.885
4310 326.816
4311 373.337
4312 387.531
4313 400.398
4314 379.641
4315 468.593
4316 469.482
4317 463.575
4318 437.759
4319 431.499
4320 384.805
4321 430.443
4322 378.03
4323 425.31
4324 414.005
4325 330.179
4326 416.775
4327 390.811
4328 361.717
4329 482.777
4330 357.995
4331 436.835
4332 430.38
4333 454.738
4334 447.663
4335 427.846
4336 445.888
4337 447.102
4338 412.619
4339 409.185
4340 333.979
4341 434.318
4342 357.211
4343 438.163
4344 422.636
4345 495.163
4346 443.768
4347 366.295
4348 436.251
4349 438.268
4350 429.314
4351 439.652
4352 453.457
4353 411.372
4354 482.95
4355 378.555
4356 426.41
4357 426.977
4358 392.572
4359 475.314
4360 356.918
4361 371.487
4362 426.287
4363 485.503
4364 441.898
4365 470.6
4366 341.763
4367 414.101
4368 439.285
4369 404.748
4370 407.811
4371 411.726
4372 384.904
4373 329.811
4374 355.91
4375 389.794
4376 358.597
4377 413.962
4378 386.634
4379 383.409
4380 438.507
4381 353.405
4382 334.793
4383 341.908
4384 411.319
4385 425.518
4386 463.84
4387 429.99
4388 324.431
4389 310.859
4390 461.525
4391 379.104
4392 426.352
4393 354.405
4394 440.39
4395 410.837
4396 442.687
4397 444.198
4398 376.405
4399 375.446
4400 369.698
4401 421.168
4402 430.997
4403 408.831
4404 419.212
4405 396.92
4406 339.777
4407 419.06
4408 421.359
4409 425.209
4410 476.405
4411 426.265
4412 438.674
4413 411.945
4414 466.213
4415 400.552
4416 483.798
4417 384.236
4418 376.567
4419 384.125
4420 407.343
4421 472.895
4422 354.316
4423 426.519
4424 406.907
4425 380.216
4426 442.151
4427 409.984
4428 382.97
4429 534.677
4430 436.225
4431 381.803
4432 454.82
4433 445.431
4434 408.046
4435 425.029
4436 391.474
4437 303.698
4438 391.591
4439 433.942
4440 457.372
4441 372.972
4442 488.658
4443 453.746
4444 466.37
4445 503.119
4446 370.155
4447 378.823
4448 372.784
4449 364.163
4450 376.352
4451 400.759
4452 444.537
4453 396.678
4454 367.877
4455 404.493
4456 415.465
4457 373.852
4458 389.316
4459 415.449
4460 421.824
4461 376.978
4462 365.449
4463 453.576
4464 445.277
4465 400.632
4466 357.506
4467 446.916
4468 354.43
4469 375.373
4470 400.755
4471 405.076
4472 443.452
4473 475.781
4474 363.348
4475 375.689
4476 456.96
4477 402.115
4478 391.474
4479 444.393
4480 336.92
4481 445.457
4482 392.404
4483 484.751
4484 407.604
4485 404.187
4486 403.494
4487 316.168
4488 390.051
4489 389.835
4490 492.811
4491 402.065
4492 456.372
4493 374.726
4494 332.998
4495 417.352
4496 412.782
4497 478.396
4498 391.848
4499 366.525
4500 327.122
4501 368.855
4502 456.769
4503 365.522
4504 450.246
4505 437.631
4506 353.176
4507 445.353
4508 508.432
4509 435.992
4510 433.831
4511 399.568
4512 311.361
4513 372.068
4514 434.808
4515 385.207
4516 476.063
4517 507.908
4518 377.629
4519 377.748
4520 368.311
4521 405.687
4522 405.05
4523 332.653
4524 408.464
4525 468.291
4526 511.968
4527 397.616
4528 399.969
4529 409.241
4530 413.946
4531 469.825
4532 389.213
4533 407.023
4534 440.031
4535 388.733
4536 430.349
4537 395.073
4538 422.008
4539 349.316
4540 398.229
4541 393.692
4542 434.312
4543 414.536
4544 402.305
4545 417.686
4546 391.672
4547 482.609
4548 376.028
4549 410.536
4550 457.822
4551 442.017
4552 361.351
4553 464.98
4554 412.658
4555 392.865
4556 410.131
4557 440.395
4558 379.597
4559 379.6
4560 427.152
4561 438.894
4562 355.082
4563 374.339
4564 382.595
4565 406.908
4566 389.533
4567 406.98
4568 447.243
4569 377.13
4570 378.441
4571 448.04
4572 450.208
4573 434.103
4574 395.781
4575 361.064
4576 395.534
4577 432.658
4578 462.281
4579 417.823
4580 359.151
4581 379.333
4582 313.057
4583 422.815
4584 365.306
4585 315.096
4586 370.268
4587 337.566
4588 337.758
4589 383.447
4590 351.069
4591 374.172
4592 326.722
4593 342.264
4594 377.815
4595 441.115
4596 374.995
4597 454.772
4598 448.221
4599 490.734
4600 412.857
4601 413.069
4602 441.995
4603 423.008
4604 441.623
4605 424.585
4606 389.694
4607 428.711
4608 439.708
4609 408.003
4610 421.1
4611 401.759
4612 399.597
4613 379.072
4614 370.476
4615 455.938
4616 435.757
4617 374.924
4618 450.342
4619 470.687
4620 319.097
4621 409.895
4622 475.962
4623 417.426
4624 386.753
4625 494.679
4626 446.438
4627 499.969
4628 448.729
4629 406.048
4630 432.057
4631 392.116
4632 392.503
4633 405.723
4634 450.146
4635 413.014
4636 459.035
4637 387.581
4638 455.347
4639 495.371
4640 409.316
4641 367.49
4642 403.771
4643 386.961
4644 399.331
4645 340.177
4646 446.745
4647 327.525
4648 476.147
4649 451.084
4650 402.939
4651 68.816
4652 54.3142
4653 54.2864
4654 54.2864
4655 54.2864
4656 54.2864
4657 54.2864
4658 54.2864
4659 54.2864
4660 54.2864
4661 54.2864
4662 54.2864
4663 54.2864
4664 54.2864
4665 54.2864
4666 54.2864
4667 54.2864
4668 54.2864
4669 54.2864
4670 54.2864
4671 54.2864
4672 54.2864
4673 54.2864
4674 54.2864
4675 54.2864
4676 54.2864
4677 54.2864
4678 54.2864
4679 54.2864
4680 54.2864
4681 54.2864
4682 54.2864
4683 54.2864
4684 54.2864
4685 54.2864
4686 54.2864
4687 54.2864
4688 54.2864
4689 54.2864
4690 54.2864
4691 54.2864
4692 54.2864
4693 54.2864
4694 54.2864
4695 54.2864
4696 54.2864
4697 54.2864
4698 54.2864
4699 54.2864
4700 54.2864
4701 54.2864
4702 54.2864
4703 54.2864
4704 54.2864
4705 54.2864
4706 54.2864
4707 54.2864
4708 54.2864
4709 54.2864
4710 54.2864
4711 54.2864
4712 54.2864
4713 54.2864
4714 54.2864
4715 54.2864
4716 54.2864
4717 54.2864
4718 54.2864
4719 54.2864
4720 54.2864
4721 54.2864
4722 54.2864
4723 54.2864
4724 54.2864
4725 54.2864
4726 54.2864
4727 54.2864
4728 54.2864
4729 54.2864
4730 54.2864
4731 54.2864
4732 54.2864
4733 54.2864
4734 54.2864
4735 54.2864
4736 54.2864
4737 54.2864
4738 54.2864
4739 54.2864
4740 54.2864
4741 54.2864
4742 54.2864
4743 54.2864
4744 54.2864
4745 54.2864
4746 54.2864
4747 54.2864
4748 54.2864
4749 54.2864
4750 54.2864
4751 54.2864
4752 54.2864
4753 54.2864
4754 54.2864
4755 54.2864
4756 54.2864
4757 54.2864
4758 54.2864
4759 54.2864
4760 54.2864
4761 54.2864
4762 54.2864
4763 54.2864
4764 54.2864
4765 54.2864
4766 54.2864
4767 54.2864
4768 54.2864
4769 54.2864
4770 54.2864
4771 54.2864
4772 54.2864
4773 54.2864
4774 54.2864
4775 54.2864
4776 54.2864
4777 54.2864
4778 54.2864
4779 54.2864
4780 54.2864
4781 54.2864
4782 54.2864
4783 54.2864
4784 54.2864
4785 54.2864
4786 54.2864
4787 54.2864
4788 54.2864
4789 54.2864
4790 54.2864
4791 54.2864
4792 54.2864
4793 54.2864
4794 54.2864
4795 54.2864
4796 54.2864
4797 54.2864
4798 54.2864
4799 54.2864
4800 54.2864
4801 54.2864
4802 54.2864
4803 54.2864
4804 54.2864
4805 54.2864
4806 54.2864
4807 54.2864
4808 54.2864
4809 54.2864
4810 54.2864
4811 54.2864
4812 54.2864
4813 54.2864
4814 54.2864
4815 54.2864
4816 54.2864
4817 54.2864
4818 54.2864
4819 54.2864
4820 54.2864
4821 54.2864
4822 54.2864
4823 54.2864
4824 54.2864
4825 54.2864
4826 54.2864
4827 54.2864
4828 54.2864
4829 54.2864
4830 54.2864
4831 54.2864
4832 54.2864
4833 54.2864
4834 54.2864
4835 54.2864
4836 54.2864
4837 54.2864
4838 54.2864
4839 54.2864
4840 54.2864
4841 54.2864
4842 54.2864
4843 54.2864
4844 54.2864
4845 54.2864
4846 54.2864
4847 54.2864
4848 54.2864
4849 54.2864
4850 54.2864
4851 54.2864
4852 54.2864
4853 54.2864
4854 54.2864
4855 54.2864
4856 54.2864
4857 54.2864
4858 54.2864
4859 54.2864
4860 54.2864
4861 54.2864
4862 54.2864
4863 54.2864
4864 54.2864
4865 54.2864
4866 54.2864
4867 54.2864
4868 54.2864
4869 54.2864
4870 54.2864
4871 54.2864
4872 54.2864
4873 54.2864
4874 54.2864
4875 54.2864
4876 54.2864
4877 54.2864
4878 54.2864
4879 54.2864
4880 54.2864
4881 54.2864
4882 54.2864
4883 54.2864
4884 54.2864
4885 54.2864
4886 54.2864
4887 54.2864
4888 54.2864
4889 54.2864
4890 54.2864
4891 54.2864
4892 54.2864
4893 54.2864
4894 54.2864
4895 54.2864
4896 54.2864
4897 54.2864
4898 54.2864
4899 54.2864
4900 54.2864
4901 54.2864
4902 54.2864
4903 54.2864
4904 54.2864
4905 54.2864
4906 54.2864
4907 54.2864
4908 54.2864
4909 54.2864
4910 54.2864
4911 54.2864
4912 54.2864
4913 54.2864
4914 54.2864
4915 54.2864
4916 54.2864
4917 54.2864
4918 54.2864
4919 54.2864
4920 54.2864
4921 54.2864
4922 54.2864
4923 54.2864
4924 54.2864
4925 54.2864
4926 54.2864
4927 54.2864
4928 54.2864
4929 54.2864
4930 54.2864
4931 54.2864
4932 54.2864
4933 54.2864
4934 54.2864
4935 54.2864
4936 54.2864
4937 54.2864
4938 54.2864
4939 54.2864
4940 54.2864
4941 54.2864
4942 54.2864
4943 54.2864
4944 54.2864
4945 54.2864
4946 54.2864
4947 54.2864
4948 54.2864
4949 54.2864
4950 54.2864
4951 54.2864
4952 54.2864
4953 54.2864
4954 54.2864
4955 54.2864
4956 54.2864
4957 54.2864
4958 54.2864
4959 54.2864
4960 54.2864
4961 54.2864
4962 54.2864
4963 54.2864
4964 54.2864
4965 54.2864
4966 54.2864
4967 54.2864
4968 54.2864
4969 54.2864
4970 54.2864
4971 54.2864
4972 54.2864
4973 54.2864
4974 54.2864
4975 54.2864
4976 54.2864
4977 54.2864
4978 54.2864
4979 54.2864
4980 54.2864
4981 54.2864
4982 54.2864
4983 54.2864
4984 54.2864
4985 54.2864
4986 54.2864
4987 54.2864
4988 54.2864
4989 54.2864
4990 54.2864
4991 54.2864
4992 54.2864
4993 54.2864
4994 54.2864
4995 54.2864
4996 54.2864
4997 54.2864
4998 54.2864
4999 54.2864
