0 2219.98
1 2018.98
2 1916.54
3 1763
4 1689.03
5 1576.11
6 1527.5
7 1488.06
8 1370.46
9 1306.02
10 1235.32
11 1204.27
12 1105.77
13 1082.44
14 1042.07
15 995.626
16 989.616
17 940.251
18 917.84
19 904.843
20 887.677
21 862.544
22 829.508
23 816.846
24 792.621
25 776.813
26 754.742
27 738.934
28 718.5
29 698.347
30 676.452
31 675.352
32 666.906
33 658.925
34 650.611
35 627.074
36 616.082
37 605.382
38 598.005
39 591.742
40 589.951
41 581.085
42 575.013
43 567.804
44 520.622
45 517.828
46 507.977
47 504.927
48 504.927
49 497.804
50 494.487
51 491.283
52 488.092
53 485.842
54 481.922
55 479.107
56 453.295
57 431.118
58 412.265
59 401.197
60 401.197
61 379.699
62 378.163
63 376.169
64 352.081
65 348.551
66 347.704
67 347.704
68 344.123
69 341.693
70 338.004
71 335.499
72 334.006
73 330.216
74 330.216
75 328.822
76 322.663
77 318.659
78 316.238
79 309.73
80 309.73
81 309.73
82 305.861
83 299.513
84 293.593
85 278.206
86 275.713
87 275.713
88 275.713
89 275.713
90 275.713
91 275.713
92 275.713
93 275.713
94 275.713
95 275.713
96 275.713
97 275.713
98 275.713
99 270.864
100 269.146
101 267.213
102 267.213
103 264.277
104 264.277
105 264.277
106 263.664
107 263.664
108 259.149
109 259.149
110 258.583
111 256.705
112 256.705
113 256.705
114 253.394
115 253.247
116 244.913
117 244.766
118 240.338
119 240.191
120 240.191
121 240.191
122 239.646
123 238.994
124 237.716
125 236.443
126 235.292
127 231.264
128 231.264
129 231.264
130 231.264
131 231.264
132 231.042
133 228.647
134 226.553
135 226.553
136 225.525
137 225.525
138 225.525
139 225.525
140 222.51
141 222.51
142 218.644
143 218.644
144 218.173
145 215.616
146 214.382
147 210.696
148 208.519
149 208.519
150 208.401
151 205.346
152 202.092
153 202.092
154 200.817
155 196.901
156 196.358
157 192.91
158 180.106
159 169.072
160 167.232
161 163.203
162 162.293
163 156.303
164 155.324
165 153.567
166 153.567
167 150.65
168 150.65
169 150.65
170 150.65
171 150.65
172 150.005
173 150.005
174 148.777
175 148.284
176 147.835
177 145.936
178 145.936
179 145.936
180 145.936
181 145.936
182 145.936
183 145.19
184 144.785
185 144.769
186 142.918
187 142.247
188 142.247
189 140.827
190 139.588
191 139.193
192 139.193
193 139.193
194 138.613
195 138.613
196 136.986
197 135.566
198 135.566
199 134.839
200 134.839
201 134.839
202 134.839
203 134.839
204 134.839
205 134.537
206 134.537
207 134.537
208 133.523
209 133.523
210 133.523
211 133.523
212 133.523
213 133.523
214 133.523
215 132.56
216 130.996
217 130.996
218 130.996
219 130.996
220 130.996
221 130.331
222 130.121
223 129.926
224 128.578
225 128.578
226 128.085
227 128.085
228 128.085
229 128.085
230 128.085
231 128.085
232 128.085
233 128.085
234 128.085
235 127.768
236 127.768
237 127.768
238 127.768
239 127.768
240 127.768
241 127.768
242 126.789
243 126.789
244 126.789
245 126.789
246 120.904
247 114.108
248 114.004
249 114.004
250 114.004
251 114.004
252 114.004
253 114.004
254 114.004
255 114.004
256 114.004
257 114.004
258 114.004
259 114.004
260 114.004
261 112.408
262 112.408
263 112.408
264 112.408
265 112.408
266 112.408
267 112.408
268 112.408
269 112.408
270 112.395
271 112.395
272 112.395
273 112.395
274 112.395
275 112.395
276 112.395
277 112.395
278 112.395
279 112.395
280 112.395
281 111.416
282 111.416
283 111.416
284 110.998
285 110.492
286 110.073
287 110.073
288 110.073
289 110.073
290 110.073
291 109.903
292 109.903
293 109.903
294 109.903
295 109.903
296 109.903
297 109.903
298 109.903
299 109.725
300 108.211
301 108.211
302 108.211
303 108.211
304 108.211
305 108.211
306 107.814
307 107.814
308 107.814
309 107.814
310 107.814
311 107.814
312 107.814
313 107.814
314 107.814
315 107.814
316 107.814
317 107.439
318 107.439
319 107.439
320 107.439
321 106.277
322 106.277
323 106.277
324 106.277
325 106.277
326 106.277
327 106.277
328 106.277
329 106.277
330 104.811
331 104.811
332 104.811
333 104.811
334 104.811
335 104.811
336 104.811
337 104.811
338 104.811
339 104.811
340 104.811
341 104.811
342 104.811
343 104.811
344 104.811
345 104.811
346 104.48
347 104.48
348 104.48
349 104.48
350 104.48
351 104.48
352 104.48
353 104.48
354 104.48
355 104.48
356 104.48
357 104.48
358 102.153
359 102.153
360 102.153
361 102.153
362 102.153
363 102.153
364 102.153
365 102.153
366 102.153
367 102.053
368 101.741
369 101.65
370 101.65
371 101.65
372 101.65
373 101.65
374 101.65
375 101.65
376 101.65
377 101.119
378 101.119
379 101.119
380 101.119
381 101.119
382 101.119
383 101.119
384 98.8021
385 97.6506
386 97.6506
387 97.6506
388 96.3651
389 96.3651
390 96.3651
391 95.5487
392 95.5487
393 95.5487
394 95.5487
395 95.5487
396 95.5487
397 95.5487
398 95.5487
399 95.5487
400 95.5487
401 95.5487
402 95.5487
403 95.5487
404 95.5487
405 95.5487
406 95.5487
407 95.5487
408 95.5487
409 95.5487
410 95.5487
411 95.5487
412 95.5487
413 95.5487
414 95.5487
415 95.5487
416 95.5487
417 95.5487
418 95.5487
419 95.5487
420 95.5487
421 95.5487
422 95.5487
423 95.5487
424 95.5487
425 95.5487
426 95.5487
427 95.5487
428 95.5487
429 95.5487
430 95.5487
431 95.5487
432 95.5487
433 95.5487
434 95.5487
435 95.5487
436 95.5487
437 95.5487
438 95.5487
439 95.5487
440 95.5487
441 95.5487
442 95.5487
443 95.5487
444 95.5487
445 95.5487
446 95.5487
447 95.5487
448 95.5487
449 95.5487
450 95.5487
451 95.5487
452 95.5487
453 95.5487
454 95.5487
455 95.5487
456 95.5487
457 95.5487
458 95.5487
459 95.5487
460 95.5487
461 95.5487
462 95.5487
463 95.5487
464 95.5487
465 95.5487
466 95.5487
467 95.5487
468 95.5487
469 95.5487
470 95.5487
471 95.5487
472 95.5487
473 95.5487
474 95.5487
475 95.5487
476 95.5487
477 95.5487
478 95.5487
479 95.5487
480 95.5487
481 95.5487
482 95.5487
483 95.5487
484 95.5487
485 95.5487
486 95.5487
487 95.5487
488 95.5487
489 95.5487
490 95.5487
491 95.5487
492 95.5487
493 95.5487
494 95.5487
495 95.5487
496 95.5487
497 95.5487
498 95.5487
499 95.5487
500 95.5487
501 95.5487
502 95.5487
503 95.5487
504 95.5487
505 95.5487
506 95.5487
507 95.5487
508 95.5487
509 95.5487
510 95.5487
511 95.5487
512 95.5487
513 95.5487
514 95.5487
515 95.5487
516 95.5487
517 95.5487
518 95.5487
519 95.5487
520 95.5487
521 95.5487
522 95.5487
523 95.5487
524 95.5487
525 95.5487
526 95.5487
527 95.5487
528 95.5487
529 95.5487
530 95.5487
531 95.5487
532 95.5487
533 95.5487
534 95.5487
535 95.5487
536 95.5487
537 95.5487
538 95.5487
539 95.5487
540 95.5487
541 95.5487
542 95.5487
543 95.5487
544 95.5487
545 95.5487
546 95.5487
547 95.5487
548 95.5487
549 95.5487
550 95.5487
551 95.5487
552 95.5487
553 95.5487
554 95.5487
555 95.5487
556 95.5487
557 95.5487
558 95.5487
559 95.5487
560 95.5487
561 95.5487
562 95.5487
563 95.5487
564 95.5487
565 95.5487
566 95.5487
567 95.5487
568 95.5487
569 95.5487
570 95.5487
571 95.5487
572 95.5487
573 95.5487
574 95.5487
575 95.5487
576 95.5487
577 95.5487
578 95.5487
579 95.5487
580 95.5487
581 95.5487
582 95.5487
583 95.5487
584 95.5487
585 95.5487
586 95.5487
587 95.5487
588 95.5487
589 95.5487
590 95.5487
591 95.5487
592 95.5487
593 95.5487
594 95.5487
595 95.5487
596 95.5487
597 95.5487
598 95.5487
599 95.5487
600 95.5487
601 95.5487
602 95.5487
603 95.5487
604 95.5487
605 95.5487
606 95.5487
607 95.5487
608 95.5487
609 95.5487
610 95.5487
611 95.5487
612 95.5487
613 95.5487
614 95.5487
615 95.5487
616 95.5487
617 95.5487
618 95.5487
619 95.5487
620 95.5487
621 95.5487
622 95.5487
623 95.5487
624 95.5487
625 95.5487
626 95.5487
627 95.5487
628 95.5487
629 95.5487
630 95.5487
631 95.5487
632 95.5487
633 95.5487
634 95.5487
635 95.5487
636 95.5487
637 95.5487
638 95.5487
639 95.5487
640 95.5487
641 95.5487
642 95.5487
643 95.5487
644 95.5487
645 95.5487
646 95.5487
647 95.5487
648 95.5487
649 95.5487
650 95.5487
651 95.5487
652 95.5487
653 95.5487
654 95.5487
655 95.5487
656 95.5487
657 95.5487
658 95.5487
659 95.5487
660 95.5487
661 95.5487
662 95.5487
663 95.5487
664 95.5487
665 95.5487
666 95.5487
667 95.5487
668 95.5487
669 95.5487
670 95.5487
671 95.5487
672 95.5487
673 95.5487
674 95.5487
675 95.5487
676 95.5487
677 95.5487
678 95.5487
679 95.5487
680 95.5487
681 95.5487
682 95.5487
683 95.5487
684 95.5487
685 95.5487
686 95.5487
687 95.5487
688 95.5487
689 95.5487
690 95.5487
691 95.5487
692 95.5487
693 95.5487
694 95.5487
695 95.5487
696 95.5487
697 95.5487
698 95.5487
699 95.5487
700 95.5487
701 95.5487
702 95.5487
703 95.5487
704 95.5487
705 95.5487
706 95.5487
707 95.5487
708 95.5487
709 95.5487
710 95.5487
711 95.5487
712 95.5487
713 95.5487
714 95.5487
715 95.5487
716 95.5487
717 95.5487
718 95.5487
719 95.5487
720 95.5487
721 95.5487
722 95.5487
723 95.5487
724 95.5487
725 95.5487
726 95.5487
727 95.5487
728 95.5487
729 95.5487
730 95.5487
731 95.5487
732 95.5487
733 95.5487
734 95.5487
735 95.5487
736 95.5487
737 95.5487
738 95.5487
739 95.5487
740 95.5487
741 95.5487
742 95.5487
743 95.5487
744 95.5487
745 95.5487
746 95.5487
747 95.5487
748 95.5487
749 95.5487
750 95.5487
751 95.5487
752 95.5487
753 95.5487
754 95.5487
755 95.5487
756 95.5487
757 95.5487
758 95.5487
759 95.5487
760 95.5487
761 95.5487
762 95.5487
763 95.5487
764 95.5487
765 95.5487
766 95.5487
767 95.5487
768 95.5487
769 95.5487
770 95.5487
771 95.5487
772 95.5487
773 95.5487
774 95.5487
775 95.5487
776 95.5487
777 95.5487
778 95.5487
779 95.5487
780 95.5487
781 95.5487
782 95.5487
783 95.5487
784 95.5487
785 95.5487
786 95.5487
787 95.5487
788 95.5487
789 95.5487
790 95.5487
791 95.5487
792 95.5487
793 95.5487
794 95.5487
795 95.5487
796 95.5487
797 95.5487
798 95.5487
799 95.5487
800 95.5487
801 95.5487
802 95.5487
803 95.5487
804 95.5487
805 95.5487
806 95.5487
807 95.5487
808 95.5487
809 95.5487
810 95.5487
811 95.5487
812 95.5487
813 95.5487
814 95.5487
815 95.5487
816 95.5487
817 95.5487
818 95.5487
819 95.5487
820 95.5487
821 95.5487
822 95.5487
823 95.5487
824 95.5487
825 95.5487
826 95.5487
827 95.5487
828 95.5487
829 95.5487
830 95.5487
831 95.5487
832 95.5487
833 95.5487
834 95.5487
835 95.5487
836 95.5487
837 95.5487
838 95.5487
839 95.5487
840 95.5487
841 95.5487
842 95.5487
843 95.5487
844 95.5487
845 95.5487
846 95.5487
847 95.5487
848 95.5487
849 95.5487
850 95.5487
851 95.5487
852 95.5487
853 95.5487
854 95.5487
855 95.5487
856 95.5487
857 95.5487
858 95.5487
859 95.5487
860 95.5487
861 95.5487
862 95.5487
863 95.5487
864 95.5487
865 95.5487
866 95.5487
867 95.5487
868 95.5487
869 95.5487
870 95.5487
871 95.5487
872 95.5487
873 95.5487
874 95.5487
875 95.5487
876 95.5487
877 95.5487
878 95.5487
879 95.5487
880 95.5487
881 95.5487
882 95.5487
883 95.5487
884 95.5487
885 95.5487
886 95.5487
887 95.5487
888 95.5487
889 95.5487
890 95.5487
891 95.5487
892 95.5487
893 95.5487
894 95.5487
895 95.5487
896 95.5487
897 95.5487
898 95.5487
899 95.5487
900 95.5487
901 95.5487
902 95.5487
903 95.5487
904 95.5487
905 95.5487
906 95.5487
907 95.5487
908 95.5487
909 95.5487
910 95.5487
911 95.5487
912 95.5487
913 95.5487
914 95.5487
915 95.5487
916 95.5487
917 95.5487
918 95.5487
919 95.5487
920 95.5487
921 95.5487
922 95.5487
923 95.5487
924 95.5487
925 95.5487
926 95.5487
927 95.5487
928 95.5487
929 95.5487
930 95.5487
931 95.5487
932 95.5487
933 95.5487
934 95.5487
935 95.5487
936 95.5487
937 95.5487
938 95.5487
939 95.5487
940 95.5487
941 95.5487
942 95.5487
943 95.5487
944 95.5487
945 95.5487
946 95.5487
947 95.5487
948 95.5487
949 95.5487
950 95.5487
951 95.5487
952 95.5487
953 95.5487
954 95.5487
955 95.5487
956 95.5487
957 95.5487
958 95.5487
959 95.5487
960 95.5487
961 95.5487
962 95.5487
963 95.5487
964 95.5487
965 95.5487
966 95.5487
967 95.5487
968 95.5487
969 95.5487
970 95.5487
971 95.5487
972 95.5487
973 95.5487
974 95.5487
975 95.5487
976 95.5487
977 95.5487
978 95.5487
979 95.5487
980 95.5487
981 95.5487
982 95.5487
983 95.5487
984 95.5487
985 95.5487
986 95.5487
987 95.5487
988 95.5487
989 95.5487
990 95.5487
991 95.5487
992 95.5487
993 95.5487
994 95.5487
995 95.5487
996 95.5487
997 95.5487
998 95.5487
999 95.5487
1000 95.5487
1001 95.5487
1002 95.5487
1003 95.5487
1004 95.5487
1005 95.5487
1006 95.5487
1007 95.5487
1008 95.5487
1009 95.5487
1010 95.5487
1011 95.5487
1012 95.5487
1013 95.5487
1014 95.5487
1015 95.5487
1016 95.5487
1017 95.5487
1018 95.5487
1019 95.5487
1020 95.5487
1021 95.5487
1022 95.5487
1023 95.5487
1024 95.5487
1025 95.5487
1026 95.5487
1027 95.5487
1028 95.5487
1029 95.5487
1030 95.5487
1031 95.5487
1032 95.5487
1033 95.5487
1034 95.5487
1035 95.5487
1036 95.5487
1037 95.5487
1038 95.5487
1039 95.5487
1040 95.5487
1041 95.5487
1042 95.5487
1043 95.5487
1044 95.5487
1045 95.5487
1046 95.5487
1047 95.5487
1048 95.5487
1049 95.5487
1050 95.5487
1051 95.5487
1052 95.5487
1053 95.5487
1054 95.5487
1055 95.5487
1056 95.5487
1057 95.5487
1058 95.5487
1059 95.5487
1060 95.5487
1061 95.5487
1062 95.5487
1063 95.5487
1064 95.5487
1065 95.5487
1066 95.5487
1067 95.5487
1068 95.5487
1069 95.5487
1070 95.5487
1071 95.5487
1072 95.5487
1073 95.5487
1074 95.5487
1075 95.5487
1076 95.5487
1077 95.5487
1078 95.5487
1079 95.5487
1080 95.5487
1081 95.5487
1082 95.5487
1083 95.5487
1084 95.5487
1085 95.5487
1086 95.5487
1087 95.5487
1088 95.5487
1089 95.5487
1090 95.5487
1091 95.5487
1092 95.5487
1093 95.5487
1094 95.5487
1095 95.5487
1096 95.5487
1097 95.5487
1098 95.5487
1099 95.5487
1100 95.5487
1101 95.5487
1102 95.5487
1103 95.5487
1104 95.5487
1105 95.5487
1106 95.5487
1107 95.5487
1108 95.5487
1109 95.5487
1110 95.5487
1111 95.5487
1112 95.5487
1113 95.5487
1114 95.5487
1115 95.5487
1116 95.5487
1117 95.5487
1118 95.5487
1119 95.5487
1120 95.5487
1121 95.5487
1122 95.5487
1123 95.5487
1124 95.5487
1125 95.5487
1126 95.5487
1127 95.5487
1128 95.5487
1129 95.5487
1130 95.5487
1131 95.5487
1132 95.5487
1133 95.5487
1134 95.5487
1135 95.5487
1136 95.5487
1137 95.5487
1138 95.5487
1139 95.5487
1140 95.5487
1141 95.5487
1142 95.5487
1143 95.5487
1144 95.5487
1145 95.5487
1146 95.5487
1147 95.5487
1148 95.5487
1149 95.5487
1150 95.5487
1151 95.5487
1152 95.5487
1153 95.5487
1154 95.5487
1155 95.5487
1156 95.5487
1157 95.5487
1158 95.5487
1159 95.5487
1160 95.5487
1161 95.5487
1162 95.5487
1163 95.5487
1164 95.5487
1165 95.5487
1166 95.5487
1167 95.5487
1168 95.5487
1169 95.5487
1170 95.5487
1171 95.5487
1172 95.5487
1173 95.5487
1174 95.5487
1175 95.5487
1176 95.5487
1177 95.5487
1178 95.5487
1179 95.5487
1180 95.5487
1181 95.5487
1182 95.5487
1183 95.5487
1184 95.5487
1185 95.5487
1186 95.5487
1187 95.5487
1188 95.5487
1189 95.5487
1190 95.5487
1191 95.5487
1192 95.5487
1193 95.5487
1194 95.5487
1195 95.5487
1196 95.5487
1197 95.5487
1198 95.5487
1199 95.5487
1200 95.5487
1201 95.5487
1202 95.5487
1203 95.5487
1204 95.5487
1205 95.5487
1206 95.5487
1207 95.5487
1208 95.5487
1209 95.5487
1210 95.5487
1211 95.5487
1212 95.5487
1213 95.5487
1214 95.5487
1215 95.5487
1216 95.5487
1217 95.5487
1218 95.5487
1219 95.5487
1220 95.5487
1221 95.5487
1222 95.5487
1223 95.5487
1224 95.5487
1225 95.5487
1226 95.5487
1227 95.5487
1228 95.5487
1229 95.5487
1230 95.5487
1231 95.5487
1232 95.5487
1233 95.5487
1234 95.5487
1235 95.5487
1236 95.5487
1237 95.5487
1238 95.5487
1239 95.5487
1240 95.5487
1241 95.5487
1242 95.5487
1243 95.5487
1244 95.5487
1245 95.5487
1246 95.5487
1247 95.5487
1248 95.5487
1249 95.5487
1250 95.5487
1251 95.5487
1252 95.5487
1253 95.5487
1254 95.5487
1255 95.5487
1256 95.5487
1257 95.5487
1258 95.5487
1259 95.5487
1260 95.5487
1261 95.5487
1262 95.5487
1263 95.5487
1264 95.5487
1265 95.5487
1266 95.5487
1267 95.5487
1268 95.5487
1269 95.5487
1270 95.5487
1271 95.5487
1272 95.5487
1273 95.5487
1274 95.5487
1275 95.5487
1276 95.5487
1277 95.5487
1278 95.5487
1279 95.5487
1280 95.5487
1281 95.5487
1282 95.5487
1283 95.5487
1284 95.5487
1285 95.5487
1286 95.5487
1287 95.5487
1288 95.5487
1289 95.5487
1290 95.5487
1291 95.5487
1292 95.5487
1293 95.5487
1294 95.5487
1295 95.5487
1296 95.5487
1297 95.5487
1298 95.5487
1299 95.5487
1300 95.5487
1301 95.5487
1302 95.5487
1303 95.5487
1304 95.5487
1305 95.5487
1306 95.5487
1307 95.5487
1308 95.5487
1309 95.5487
1310 95.5487
1311 95.5487
1312 95.5487
1313 95.5487
1314 95.5487
1315 95.5487
1316 95.5487
1317 95.5487
1318 95.5487
1319 95.5487
1320 95.5487
1321 95.5487
1322 95.5487
1323 95.5487
1324 95.5487
1325 95.5487
1326 95.5487
1327 95.5487
1328 95.5487
1329 95.5487
1330 95.5487
1331 95.5487
1332 95.5487
1333 95.5487
1334 95.5487
1335 95.5487
1336 95.5487
1337 95.5487
1338 95.5487
1339 95.5487
1340 95.5487
1341 95.5487
1342 95.5487
1343 95.5487
1344 95.5487
1345 95.5487
1346 95.5487
1347 95.5487
1348 95.5487
1349 95.5487
1350 95.5487
1351 95.5487
1352 95.5487
1353 95.5487
1354 95.5487
1355 95.5487
1356 95.5487
1357 95.5487
1358 95.5487
1359 95.5487
1360 95.5487
1361 95.5487
1362 95.5487
1363 95.5487
1364 95.5487
1365 95.5487
1366 95.5487
1367 95.5487
1368 95.5487
1369 95.5487
1370 95.5487
1371 95.5487
1372 95.5487
1373 95.5487
1374 95.5487
1375 95.5487
1376 95.5487
1377 95.5487
1378 95.5487
1379 95.5487
1380 95.5487
1381 95.5487
1382 95.5487
1383 95.5487
1384 95.5487
1385 95.5487
1386 95.5487
1387 95.5487
1388 95.5487
1389 95.5487
1390 95.5487
1391 95.5487
1392 95.5487
1393 95.5487
1394 95.5487
1395 95.5487
1396 95.5487
1397 95.5487
1398 95.5487
1399 95.5487
1400 95.5487
1401 95.5487
1402 95.5487
1403 95.5487
1404 95.5487
1405 95.5487
1406 95.5487
1407 95.5487
1408 95.5487
1409 95.5487
1410 95.5487
1411 95.5487
1412 95.5487
1413 95.5487
1414 95.5487
1415 95.5487
1416 95.5487
1417 95.5487
1418 95.5487
1419 95.5487
1420 95.5487
1421 95.5487
1422 95.5487
1423 95.5487
1424 95.5487
1425 95.5487
1426 95.5487
1427 95.5487
1428 95.5487
1429 95.5487
1430 95.5487
1431 95.5487
1432 95.5487
1433 95.5487
1434 95.5487
1435 95.5487
1436 95.5487
1437 95.5487
1438 95.5487
1439 95.5487
1440 95.5487
1441 95.5487
1442 95.5487
1443 95.5487
1444 95.5487
1445 95.5487
1446 95.5487
1447 95.5487
1448 95.5487
1449 95.5487
1450 95.5487
1451 95.5487
1452 95.5487
1453 95.5487
1454 95.5487
1455 95.5487
1456 95.5487
1457 95.5487
1458 95.5487
1459 95.5487
1460 95.5487
1461 95.5487
1462 95.5487
1463 95.5487
1464 95.5487
1465 95.5487
1466 95.5487
1467 95.5487
1468 95.5487
1469 95.5487
1470 95.5487
1471 95.5487
1472 95.5487
1473 95.5487
1474 95.5487
1475 95.5487
1476 95.5487
1477 95.5487
1478 95.5487
1479 95.5487
1480 95.5487
1481 95.5487
1482 95.5487
1483 95.5487
1484 95.5487
1485 95.5487
1486 95.5487
1487 95.5487
1488 95.5487
1489 95.5487
1490 95.5487
1491 95.5487
1492 95.5487
1493 95.5487
1494 95.5487
1495 95.5487
1496 95.5487
1497 95.5487
1498 95.5487
1499 95.5487
1500 95.5487
1501 95.5487
1502 95.5487
1503 95.5487
1504 95.5487
1505 95.5487
1506 95.5487
1507 95.5487
1508 95.5487
1509 95.5487
1510 95.5487
1511 95.5487
1512 95.5487
1513 95.5487
1514 95.5487
1515 95.5487
1516 95.5487
1517 95.5487
1518 95.5487
1519 95.5487
1520 95.5487
1521 95.5487
1522 95.5487
1523 95.5487
1524 95.5487
1525 95.5487
1526 95.5487
1527 95.5487
1528 95.5487
1529 95.5487
1530 95.5487
1531 95.5487
1532 95.5487
1533 95.5487
1534 95.5487
1535 95.5487
1536 95.5487
1537 95.5487
1538 95.5487
1539 95.5487
1540 95.5487
1541 95.5487
1542 95.5487
1543 95.5487
1544 95.5487
1545 95.5487
1546 95.5487
1547 95.5487
1548 95.5487
1549 95.5487
1550 95.5487
1551 95.5487
1552 95.5487
1553 95.5487
1554 95.5487
1555 95.5487
1556 95.5487
1557 95.5487
1558 95.5487
1559 95.5487
1560 95.5487
1561 95.5487
1562 95.5487
1563 95.5487
1564 95.5487
1565 95.5487
1566 95.5487
1567 95.5487
1568 95.5487
1569 95.5487
1570 95.5487
1571 95.5487
1572 95.5487
1573 95.5487
1574 95.5487
1575 95.5487
1576 95.5487
1577 95.5487
1578 95.5487
1579 95.5487
1580 95.5487
1581 95.5487
1582 95.5487
1583 95.5487
1584 95.5487
1585 95.5487
1586 95.5487
1587 95.5487
1588 95.5487
1589 95.5487
1590 95.5487
1591 95.5487
1592 95.5487
1593 95.5487
1594 95.5487
1595 95.5487
1596 95.5487
1597 95.5487
1598 95.5487
1599 95.5487
1600 95.5487
1601 95.5487
1602 95.5487
1603 95.5487
1604 95.5487
1605 95.5487
1606 95.5487
1607 95.5487
1608 95.5487
1609 95.5487
1610 95.5487
1611 95.5487
1612 95.5487
1613 95.5487
1614 95.5487
1615 95.5487
1616 95.5487
1617 95.5487
1618 95.5487
1619 95.5487
1620 95.5487
1621 95.5487
1622 95.5487
1623 95.5487
1624 95.5487
1625 95.5487
1626 95.5487
1627 95.5487
1628 95.5487
1629 95.5487
1630 95.5487
1631 95.5487
1632 95.5487
1633 95.5487
1634 95.5487
1635 95.5487
1636 95.5487
1637 95.5487
1638 95.5487
1639 95.5487
1640 95.5487
1641 95.5487
1642 95.5487
1643 95.5487
1644 95.5487
1645 95.5487
1646 95.5487
1647 95.5487
1648 95.5487
1649 95.5487
1650 95.5487
1651 95.5487
1652 95.5487
1653 95.5487
1654 95.5487
1655 95.5487
1656 95.5487
1657 95.5487
1658 95.5487
1659 95.5487
1660 95.5487
1661 95.5487
1662 95.5487
1663 95.5487
1664 95.5487
1665 95.5487
1666 95.5487
1667 95.5487
1668 95.5487
1669 95.5487
1670 95.5487
1671 95.5487
1672 95.5487
1673 95.5487
1674 95.5487
1675 95.5487
1676 95.5487
1677 95.5487
1678 95.5487
1679 95.5487
1680 95.5487
1681 95.5487
1682 95.5487
1683 95.5487
1684 95.5487
1685 95.5487
1686 95.5487
1687 95.5487
1688 95.5487
1689 95.5487
1690 95.5487
1691 95.5487
1692 95.5487
1693 95.5487
1694 95.5487
1695 95.5487
1696 95.5487
1697 95.5487
1698 95.5487
1699 95.5487
1700 95.5487
1701 95.5487
1702 95.5487
1703 95.5487
1704 95.5487
1705 95.5487
1706 95.5487
1707 95.5487
1708 95.5487
1709 95.5487
1710 95.5487
1711 95.5487
1712 95.5487
1713 95.5487
1714 95.5487
1715 95.5487
1716 95.5487
1717 95.5487
1718 95.5487
1719 95.5487
1720 95.5487
1721 95.5487
1722 95.5487
1723 95.5487
1724 95.5487
1725 95.5487
1726 95.5487
1727 95.5487
1728 95.5487
1729 95.5487
1730 95.5487
1731 95.5487
1732 95.5487
1733 95.5487
1734 95.5487
1735 95.5487
1736 95.5487
1737 95.5487
1738 95.5487
1739 95.5487
1740 95.5487
1741 95.5487
1742 95.5487
1743 95.5487
1744 95.5487
1745 95.5487
1746 95.5487
1747 95.5487
1748 95.5487
1749 95.5487
1750 95.5487
1751 95.5487
1752 95.5487
1753 95.5487
1754 95.5487
1755 95.5487
1756 95.5487
1757 95.5487
1758 95.5487
1759 95.5487
1760 95.5487
1761 95.5487
1762 95.5487
1763 95.5487
1764 95.5487
1765 95.5487
1766 95.5487
1767 95.5487
1768 95.5487
1769 95.5487
1770 95.5487
1771 95.5487
1772 95.5487
1773 95.5487
1774 95.5487
1775 95.5487
1776 95.5487
1777 95.5487
1778 95.5487
1779 95.5487
1780 95.5487
1781 95.5487
1782 95.5487
1783 95.5487
1784 95.5487
1785 95.5487
1786 95.5487
1787 95.5487
1788 95.5487
1789 95.5487
1790 95.5487
1791 95.5487
1792 95.5487
1793 95.5487
1794 95.5487
1795 95.5487
1796 95.5487
1797 95.5487
1798 95.5487
1799 95.5487
1800 95.5487
1801 95.5487
1802 95.5487
1803 95.5487
1804 95.5487
1805 95.5487
1806 95.5487
1807 95.5487
1808 95.5487
1809 95.5487
1810 95.5487
1811 95.5487
1812 95.5487
1813 95.5487
1814 95.5487
1815 95.5487
1816 95.5487
1817 95.5487
1818 95.5487
1819 95.5487
1820 95.5487
1821 95.5487
1822 95.5487
1823 95.5487
1824 95.5487
1825 95.5487
1826 95.5487
1827 95.5487
1828 95.5487
1829 95.5487
1830 95.5487
1831 95.5487
1832 95.5487
1833 95.5487
1834 95.5487
1835 95.5487
1836 95.5487
1837 95.5487
1838 95.5487
1839 95.5487
1840 95.5487
1841 95.5487
1842 95.5487
1843 95.5487
1844 95.5487
1845 95.5487
1846 95.5487
1847 95.5487
1848 95.5487
1849 95.5487
1850 95.5487
1851 95.5487
1852 95.5487
1853 95.5487
1854 95.5487
1855 95.5487
1856 95.5487
1857 95.5487
1858 95.5487
1859 95.5487
1860 95.5487
1861 95.5487
1862 95.5487
1863 95.5487
1864 95.5487
1865 95.5487
1866 95.5487
1867 95.5487
1868 95.5487
1869 95.5487
1870 95.5487
1871 95.5487
1872 95.5487
1873 95.5487
1874 95.5487
1875 95.5487
1876 95.5487
1877 95.5487
1878 95.5487
1879 95.5487
1880 95.5487
1881 95.5487
1882 95.5487
1883 95.5487
1884 95.5487
1885 95.5487
1886 95.5487
1887 95.5487
1888 95.5487
1889 95.5487
1890 95.5487
1891 95.5487
1892 95.5487
1893 95.5487
1894 95.5487
1895 95.5487
1896 95.5487
1897 95.5487
1898 95.5487
1899 95.5487
1900 95.5487
1901 95.5487
1902 95.5487
1903 95.5487
1904 95.5487
1905 95.5487
1906 95.5487
1907 95.5487
1908 95.5487
1909 95.5487
1910 95.5487
1911 95.5487
1912 95.5487
1913 95.5487
1914 95.5487
1915 95.5487
1916 95.5487
1917 95.5487
1918 95.5487
1919 95.5487
1920 95.5487
1921 95.5487
1922 95.5487
1923 95.5487
1924 95.5487
1925 95.5487
1926 95.5487
1927 95.5487
1928 95.5487
1929 95.5487
1930 95.5487
1931 95.5487
1932 95.5487
1933 95.5487
1934 95.5487
1935 95.5487
1936 95.5487
1937 95.5487
1938 95.5487
1939 95.5487
1940 95.5487
1941 95.5487
1942 95.5487
1943 95.5487
1944 95.5487
1945 95.5487
1946 95.5487
1947 95.5487
1948 95.5487
1949 95.5487
1950 95.5487
1951 95.5487
1952 95.5487
1953 95.5487
1954 95.5487
1955 95.5487
1956 95.5487
1957 95.5487
1958 95.5487
1959 95.5487
1960 95.5487
1961 95.5487
1962 95.5487
1963 95.5487
1964 95.5487
1965 95.5487
1966 95.5487
1967 95.5487
1968 95.5487
1969 95.5487
1970 95.5487
1971 95.5487
1972 95.5487
1973 95.5487
1974 95.5487
1975 95.5487
1976 95.5487
1977 95.5487
1978 95.5487
1979 95.5487
1980 95.5487
1981 95.5487
1982 95.5487
1983 95.5487
1984 95.5487
1985 95.5487
1986 95.5487
1987 95.5487
1988 95.5487
1989 95.5487
1990 95.5487
1991 95.5487
1992 95.5487
1993 95.5487
1994 95.5487
1995 95.5487
1996 95.5487
1997 95.5487
1998 95.5487
1999 95.5487
2000 95.5487
2001 95.5487
2002 95.5487
2003 95.5487
2004 95.5487
2005 95.5487
2006 95.5487
2007 95.5487
2008 95.5487
2009 95.5487
2010 95.5487
2011 95.5487
2012 95.5487
2013 95.5487
2014 95.5487
2015 95.5487
2016 95.5487
2017 95.5487
2018 95.5487
2019 95.5487
2020 95.5487
2021 95.5487
2022 95.5487
2023 95.5487
2024 95.5487
2025 95.5487
2026 95.5487
2027 95.5487
2028 95.5487
2029 95.5487
2030 95.5487
2031 95.5487
2032 95.5487
2033 95.5487
2034 95.5487
2035 95.5487
2036 95.5487
2037 95.5487
2038 95.5487
2039 95.5487
2040 95.5487
2041 95.5487
2042 95.5487
2043 95.5487
2044 95.5487
2045 95.5487
2046 95.5487
2047 95.5487
2048 95.5487
2049 95.5487
2050 95.5487
2051 95.5487
2052 95.5487
2053 95.5487
2054 95.5487
2055 95.5487
2056 95.5487
2057 95.5487
2058 95.5487
2059 95.5487
2060 95.5487
2061 95.5487
2062 95.5487
2063 95.5487
2064 95.5487
2065 95.5487
2066 95.5487
2067 95.5487
2068 95.5487
2069 95.5487
2070 95.5487
2071 95.5487
2072 95.5487
2073 95.5487
2074 95.5487
2075 95.5487
2076 95.5487
2077 95.5487
2078 95.5487
2079 95.5487
2080 95.5487
2081 95.5487
2082 95.5487
2083 95.5487
2084 95.5487
2085 95.5487
2086 95.5487
2087 95.5487
2088 95.5487
2089 95.5487
2090 95.5487
2091 95.5487
2092 95.5487
2093 95.5487
2094 95.5487
2095 95.5487
2096 95.5487
2097 95.5487
2098 95.5487
2099 95.5487
2100 95.5487
2101 95.5487
2102 95.5487
2103 95.5487
2104 95.5487
2105 95.5487
2106 95.5487
2107 95.5487
2108 95.5487
2109 95.5487
2110 95.5487
2111 95.5487
2112 95.5487
2113 95.5487
2114 95.5487
2115 95.5487
2116 95.5487
2117 95.5487
2118 95.5487
2119 95.5487
2120 95.5487
2121 95.5487
2122 95.5487
2123 95.5487
2124 95.5487
2125 95.5487
2126 95.5487
2127 95.5487
2128 95.5487
2129 95.5487
2130 95.5487
2131 95.5487
2132 95.5487
2133 95.5487
2134 95.5487
2135 95.5487
2136 95.5487
2137 95.5487
2138 95.5487
2139 95.5487
2140 95.5487
2141 95.5487
2142 95.5487
2143 95.5487
2144 95.5487
2145 95.5487
2146 95.5487
2147 95.5487
2148 95.5487
2149 95.5487
2150 95.5487
2151 95.5487
2152 95.5487
2153 95.5487
2154 95.5487
2155 95.5487
2156 95.5487
2157 95.5487
2158 95.5487
2159 95.5487
2160 95.5487
2161 95.5487
2162 95.5487
2163 95.5487
2164 95.5487
2165 95.5487
2166 95.5487
2167 95.5487
2168 95.5487
2169 95.5487
2170 95.5487
2171 95.5487
2172 95.5487
2173 95.5487
2174 95.5487
2175 95.5487
2176 95.5487
2177 95.5487
2178 95.5487
2179 95.5487
2180 95.5487
2181 95.5487
2182 95.5487
2183 95.5487
2184 95.5487
2185 95.5487
2186 95.5487
2187 95.5487
2188 95.5487
2189 95.5487
2190 95.5487
2191 95.5487
2192 95.5487
2193 95.5487
2194 95.5487
2195 95.5487
2196 95.5487
2197 95.5487
2198 95.5487
2199 95.5487
2200 95.5487
2201 95.5487
2202 95.5487
2203 95.5487
2204 95.5487
2205 95.5487
2206 95.5487
2207 95.5487
2208 95.5487
2209 95.5487
2210 95.5487
2211 95.5487
2212 95.5487
2213 95.5487
2214 95.5487
2215 95.5487
2216 95.5487
2217 95.5487
2218 95.5487
2219 95.5487
2220 95.5487
2221 95.5487
2222 95.5487
2223 95.5487
2224 95.5487
2225 95.5487
2226 95.5487
2227 95.5487
2228 95.5487
2229 95.5487
2230 95.5487
2231 95.5487
2232 95.5487
2233 95.5487
2234 95.5487
2235 95.5487
2236 95.5487
2237 95.5487
2238 95.5487
2239 95.5487
2240 95.5487
2241 95.5487
2242 95.5487
2243 95.5487
2244 95.5487
2245 95.5487
2246 95.5487
2247 95.5487
2248 95.5487
2249 95.5487
2250 95.5487
2251 95.5487
2252 95.5487
2253 95.5487
2254 95.5487
2255 95.5487
2256 95.5487
2257 95.5487
2258 95.5487
2259 95.5487
2260 95.5487
2261 95.5487
2262 95.5487
2263 95.5487
2264 95.5487
2265 95.5487
2266 95.5487
2267 95.5487
2268 95.5487
2269 95.5487
2270 95.5487
2271 95.5487
2272 95.5487
2273 95.5487
2274 95.5487
2275 95.5487
2276 95.5487
2277 95.5487
2278 95.5487
2279 95.5487
2280 95.5487
2281 95.5487
2282 95.5487
2283 95.5487
2284 95.5487
2285 95.5487
2286 95.5487
2287 95.5487
2288 95.5487
2289 95.5487
2290 95.5487
2291 95.5487
2292 95.5487
2293 95.5487
2294 95.5487
2295 95.5487
2296 95.5487
2297 95.5487
2298 95.5487
2299 95.5487
2300 95.5487
2301 95.5487
2302 95.5487
2303 95.5487
2304 95.5487
2305 95.5487
2306 95.5487
2307 95.5487
2308 95.5487
2309 95.5487
2310 95.5487
2311 95.5487
2312 95.5487
2313 95.5487
2314 95.5487
2315 95.5487
2316 95.5487
2317 95.5487
2318 95.5487
2319 95.5487
2320 95.5487
2321 95.5487
2322 95.5487
2323 95.5487
2324 95.5487
2325 95.5487
2326 95.5487
2327 95.5487
2328 95.5487
2329 95.5487
2330 95.5487
2331 95.5487
2332 95.5487
2333 95.5487
2334 95.5487
2335 95.5487
2336 95.5487
2337 95.5487
2338 95.5487
2339 95.5487
2340 95.5487
2341 95.5487
2342 95.5487
2343 95.5487
2344 95.5487
2345 95.5487
2346 95.5487
2347 95.5487
2348 95.5487
2349 95.5487
2350 95.5487
2351 95.5487
2352 95.5487
2353 95.5487
2354 95.5487
2355 95.5487
2356 95.5487
2357 95.5487
2358 95.5487
2359 95.5487
2360 95.5487
2361 95.5487
2362 95.5487
2363 95.5487
2364 95.5487
2365 95.5487
2366 95.5487
2367 95.5487
2368 95.5487
2369 95.5487
2370 95.5487
2371 95.5487
2372 95.5487
2373 95.5487
2374 95.5487
2375 95.5487
2376 95.5487
2377 95.5487
2378 95.5487
2379 95.5487
2380 95.5487
2381 95.5487
2382 95.5487
2383 95.5487
2384 95.5487
2385 95.5487
2386 95.5487
2387 95.5487
2388 95.5487
2389 95.5487
2390 95.5487
2391 95.5487
2392 95.5487
2393 95.5487
2394 95.5487
2395 95.5487
2396 95.5487
2397 95.5487
2398 95.5487
2399 95.5487
2400 95.5487
2401 95.5487
2402 95.5487
2403 95.5487
2404 95.5487
2405 95.5487
2406 95.5487
2407 95.5487
2408 95.5487
2409 95.5487
2410 95.5487
2411 95.5487
2412 95.5487
2413 95.5487
2414 95.5487
2415 95.5487
2416 95.5487
2417 95.5487
2418 95.5487
2419 95.5487
2420 95.5487
2421 95.5487
2422 95.5487
2423 95.5487
2424 95.5487
2425 95.5487
2426 95.5487
2427 95.5487
2428 95.5487
2429 95.5487
2430 95.5487
2431 95.5487
2432 95.5487
2433 95.5487
2434 95.5487
2435 95.5487
2436 95.5487
2437 95.5487
2438 95.5487
2439 95.5487
2440 95.5487
2441 95.5487
2442 95.5487
2443 95.5487
2444 95.5487
2445 95.5487
2446 95.5487
2447 95.5487
2448 95.5487
2449 95.5487
2450 95.5487
2451 95.5487
2452 95.5487
2453 95.5487
2454 95.5487
2455 95.5487
2456 95.5487
2457 95.5487
2458 95.5487
2459 95.5487
2460 95.5487
2461 95.5487
2462 95.5487
2463 95.5487
2464 95.5487
2465 95.5487
2466 95.5487
2467 95.5487
2468 95.5487
2469 95.5487
2470 95.5487
2471 95.5487
2472 95.5487
2473 95.5487
2474 95.5487
2475 95.5487
2476 95.5487
2477 95.5487
2478 95.5487
2479 95.5487
2480 95.5487
2481 95.5487
2482 95.5487
2483 95.5487
2484 95.5487
2485 95.5487
2486 95.5487
2487 95.5487
2488 95.5487
2489 95.5487
2490 95.5487
2491 95.5487
2492 95.5487
2493 95.5487
2494 95.5487
2495 95.5487
2496 95.5487
2497 95.5487
2498 95.5487
2499 95.5487
2500 95.5487
2501 95.5487
2502 95.5487
2503 95.5487
2504 95.5487
2505 95.5487
2506 95.5487
2507 95.5487
2508 95.5487
2509 95.5487
2510 95.5487
2511 95.5487
2512 95.5487
2513 95.5487
2514 95.5487
2515 95.5487
2516 95.5487
2517 95.5487
2518 95.5487
2519 95.5487
2520 95.5487
2521 95.5487
2522 95.5487
2523 95.5487
2524 95.5487
2525 95.5487
2526 95.5487
2527 95.5487
2528 95.5487
2529 95.5487
2530 95.5487
2531 95.5487
2532 95.5487
2533 95.5487
2534 95.5487
2535 95.5487
2536 95.5487
2537 95.5487
2538 95.5487
2539 95.5487
2540 95.5487
2541 95.5487
2542 95.5487
2543 95.5487
2544 95.5487
2545 95.5487
2546 95.5487
2547 95.5487
2548 95.5487
2549 95.5487
2550 95.5487
2551 95.5487
2552 95.5487
2553 95.5487
2554 95.5487
2555 95.5487
2556 95.5487
2557 95.5487
2558 95.5487
2559 95.5487
2560 95.5487
2561 95.5487
2562 95.5487
2563 95.5487
2564 95.5487
2565 95.5487
2566 95.5487
2567 95.5487
2568 95.5487
2569 95.5487
2570 95.5487
2571 95.5487
2572 95.5487
2573 95.5487
2574 95.5487
2575 95.5487
2576 95.5487
2577 95.5487
2578 95.5487
2579 95.5487
2580 95.5487
2581 95.5487
2582 95.5487
2583 95.5487
2584 95.5487
2585 95.5487
2586 95.5487
2587 95.5487
2588 95.5487
2589 95.5487
2590 95.5487
2591 95.5487
2592 95.5487
2593 95.5487
2594 95.5487
2595 95.5487
2596 95.5487
2597 95.5487
2598 95.5487
2599 95.5487
2600 95.5487
2601 95.5487
2602 95.5487
2603 95.5487
2604 95.5487
2605 95.5487
2606 95.5487
2607 95.5487
2608 95.5487
2609 95.5487
2610 95.5487
2611 95.5487
2612 95.5487
2613 95.5487
2614 95.5487
2615 95.5487
2616 95.5487
2617 95.5487
2618 95.5487
2619 95.5487
2620 95.5487
2621 95.5487
2622 95.5487
2623 95.5487
2624 95.5487
2625 95.5487
2626 95.5487
2627 95.5487
2628 95.5487
2629 95.5487
2630 95.5487
2631 95.5487
2632 95.5487
2633 95.5487
2634 95.5487
2635 95.5487
2636 95.5487
2637 95.5487
2638 95.5487
2639 95.5487
2640 95.5487
2641 95.5487
2642 95.5487
2643 95.5487
2644 95.5487
2645 95.5487
2646 95.5487
2647 95.5487
2648 95.5487
2649 95.5487
2650 95.5487
2651 95.5487
2652 95.5487
2653 95.5487
2654 95.5487
2655 95.5487
2656 95.5487
2657 95.5487
2658 95.5487
2659 95.5487
2660 95.5487
2661 95.5487
2662 95.5487
2663 95.5487
2664 95.5487
2665 95.5487
2666 95.5487
2667 95.5487
2668 95.5487
2669 95.5487
2670 95.5487
2671 95.5487
2672 95.5487
2673 95.5487
2674 95.5487
2675 95.5487
2676 95.5487
2677 95.5487
2678 95.5487
2679 95.5487
2680 95.5487
2681 95.5487
2682 95.5487
2683 95.5487
2684 95.5487
2685 95.5487
2686 95.5487
2687 95.5487
2688 95.5487
2689 95.5487
2690 95.5487
2691 95.5487
2692 95.5487
2693 95.5487
2694 95.5487
2695 95.5487
2696 95.5487
2697 95.5487
2698 95.5487
2699 95.5487
2700 95.5487
2701 95.5487
2702 95.5487
2703 95.5487
2704 95.5487
2705 95.5487
2706 95.5487
2707 95.5487
2708 95.5487
2709 95.5487
2710 95.5487
2711 95.5487
2712 95.5487
2713 95.5487
2714 95.5487
2715 95.5487
2716 95.5487
2717 95.5487
2718 95.5487
2719 95.5487
2720 95.5487
2721 95.5487
2722 95.5487
2723 95.5487
2724 95.5487
2725 95.5487
2726 95.5487
2727 95.5487
2728 95.5487
2729 95.5487
2730 95.5487
2731 95.5487
2732 95.5487
2733 95.5487
2734 95.5487
2735 95.5487
2736 95.5487
2737 95.5487
2738 95.5487
2739 95.5487
2740 95.5487
2741 95.5487
2742 95.5487
2743 95.5487
2744 95.5487
2745 95.5487
2746 95.5487
2747 95.5487
2748 95.5487
2749 95.5487
2750 95.5487
2751 95.5487
2752 95.5487
2753 95.5487
2754 95.5487
2755 95.5487
2756 95.5487
2757 95.5487
2758 95.5487
2759 95.5487
2760 95.5487
2761 95.5487
2762 95.5487
2763 95.5487
2764 95.5487
2765 95.5487
2766 95.5487
2767 95.5487
2768 95.5487
2769 95.5487
2770 95.5487
2771 95.5487
2772 95.5487
2773 95.5487
2774 95.5487
2775 95.5487
2776 95.5487
2777 95.5487
2778 95.5487
2779 95.5487
2780 95.5487
2781 95.5487
2782 95.5487
2783 95.5487
2784 95.5487
2785 95.5487
2786 95.5487
2787 95.5487
2788 95.5487
2789 95.5487
2790 95.5487
2791 95.5487
2792 95.5487
2793 95.5487
2794 95.5487
2795 95.5487
2796 95.5487
2797 95.5487
2798 95.5487
2799 95.5487
2800 95.5487
2801 95.5487
2802 95.5487
2803 95.5487
2804 95.5487
2805 95.5487
2806 95.5487
2807 95.5487
2808 95.5487
2809 95.5487
2810 95.5487
2811 95.5487
2812 95.5487
2813 95.5487
2814 95.5487
2815 95.5487
2816 95.5487
2817 95.5487
2818 95.5487
2819 95.5487
2820 95.5487
2821 95.5487
2822 95.5487
2823 95.5487
2824 95.5487
2825 95.5487
2826 95.5487
2827 95.5487
2828 95.5487
2829 95.5487
2830 95.5487
2831 95.5487
2832 95.5487
2833 95.5487
2834 95.5487
2835 95.5487
2836 95.5487
2837 95.5487
2838 95.5487
2839 95.5487
2840 95.5487
2841 95.5487
2842 95.5487
2843 95.5487
2844 95.5487
2845 95.5487
2846 95.5487
2847 95.5487
2848 95.5487
2849 95.5487
2850 95.5487
2851 95.5487
2852 95.5487
2853 95.5487
2854 95.5487
2855 95.5487
2856 95.5487
2857 95.5487
2858 95.5487
2859 95.5487
2860 95.5487
2861 95.5487
2862 95.5487
2863 95.5487
2864 95.5487
2865 95.5487
2866 95.5487
2867 95.5487
2868 95.5487
2869 95.5487
2870 95.5487
2871 95.5487
2872 95.5487
2873 95.5487
2874 95.5487
2875 95.5487
2876 95.5487
2877 95.5487
2878 95.5487
2879 95.5487
2880 95.5487
2881 95.5487
2882 95.5487
2883 95.5487
2884 95.5487
2885 95.5487
2886 95.5487
2887 95.5487
2888 95.5487
2889 95.5487
2890 95.5487
2891 95.5487
2892 95.5487
2893 95.5487
2894 95.5487
2895 95.5487
2896 95.5487
2897 95.5487
2898 95.5487
2899 95.5487
2900 95.5487
2901 95.5487
2902 95.5487
2903 95.5487
2904 95.5487
2905 95.5487
2906 95.5487
2907 95.5487
2908 95.5487
2909 95.5487
2910 95.5487
2911 95.5487
2912 95.5487
2913 95.5487
2914 95.5487
2915 95.5487
2916 95.5487
2917 95.5487
2918 95.5487
2919 95.5487
2920 95.5487
2921 95.5487
2922 95.5487
2923 95.5487
2924 95.5487
2925 95.5487
2926 95.5487
2927 95.5487
2928 95.5487
2929 95.5487
2930 95.5487
2931 95.5487
2932 95.5487
2933 95.5487
2934 95.5487
2935 95.5487
2936 95.5487
2937 95.5487
2938 95.5487
2939 95.5487
2940 95.5487
2941 95.5487
2942 95.5487
2943 95.5487
2944 95.5487
2945 95.5487
2946 95.5487
2947 95.5487
2948 95.5487
2949 95.5487
2950 95.5487
2951 95.5487
2952 95.5487
2953 95.5487
2954 95.5487
2955 95.5487
2956 95.5487
2957 95.5487
2958 95.5487
2959 95.5487
2960 95.5487
2961 95.5487
2962 95.5487
2963 95.5487
2964 95.5487
2965 95.5487
2966 95.5487
2967 95.5487
2968 95.5487
2969 95.5487
2970 95.5487
2971 95.5487
2972 95.5487
2973 95.5487
2974 95.5487
2975 95.5487
2976 95.5487
2977 95.5487
2978 95.5487
2979 95.5487
2980 95.5487
2981 95.5487
2982 95.5487
2983 95.5487
2984 95.5487
2985 95.5487
2986 95.5487
2987 95.5487
2988 95.5487
2989 95.5487
2990 95.5487
2991 95.5487
2992 95.5487
2993 95.5487
2994 95.5487
2995 95.5487
2996 95.5487
2997 95.5487
2998 95.5487
2999 95.5487
3000 95.5487
3001 95.5487
3002 95.5487
3003 95.5487
3004 95.5487
3005 95.5487
3006 95.5487
3007 95.5487
3008 95.5487
3009 95.5487
3010 95.5487
3011 95.5487
3012 95.5487
3013 95.5487
3014 95.5487
3015 95.5487
3016 95.5487
3017 95.5487
3018 95.5487
3019 95.5487
3020 95.5487
3021 95.5487
3022 95.5487
3023 95.5487
3024 95.5487
3025 95.5487
3026 95.5487
3027 95.5487
3028 95.5487
3029 95.5487
3030 95.5487
3031 95.5487
3032 95.5487
3033 95.5487
3034 95.5487
3035 95.5487
3036 95.5487
3037 95.5487
3038 95.5487
3039 95.5487
3040 95.5487
3041 95.5487
3042 95.5487
3043 95.5487
3044 95.5487
3045 95.5487
3046 95.5487
3047 95.5487
3048 95.5487
3049 95.5487
3050 95.5487
3051 95.5487
3052 95.5487
3053 95.5487
3054 95.5487
3055 95.5487
3056 95.5487
3057 95.5487
3058 95.5487
3059 95.5487
3060 95.5487
3061 95.5487
3062 95.5487
3063 95.5487
3064 95.5487
3065 95.5487
3066 95.5487
3067 95.5487
3068 95.5487
3069 95.5487
3070 95.5487
3071 95.5487
3072 95.5487
3073 95.5487
3074 95.5487
3075 95.5487
3076 95.5487
3077 95.5487
3078 95.5487
3079 95.5487
3080 95.5487
3081 95.5487
3082 95.5487
3083 95.5487
3084 95.5487
3085 95.5487
3086 95.5487
3087 95.5487
3088 95.5487
3089 95.5487
3090 95.5487
3091 95.5487
3092 95.5487
3093 95.5487
3094 95.5487
3095 95.5487
3096 95.5487
3097 95.5487
3098 95.5487
3099 95.5487
3100 95.5487
3101 95.5487
3102 95.5487
3103 95.5487
3104 95.5487
3105 95.5487
3106 95.5487
3107 95.5487
3108 95.5487
3109 95.5487
3110 95.5487
3111 95.5487
3112 95.5487
3113 95.5487
3114 95.5487
3115 95.5487
3116 95.5487
3117 95.5487
3118 95.5487
3119 95.5487
3120 95.5487
3121 95.5487
3122 95.5487
3123 95.5487
3124 95.5487
3125 95.5487
3126 95.5487
3127 95.5487
3128 95.5487
3129 95.5487
3130 95.5487
3131 95.5487
3132 95.5487
3133 95.5487
3134 95.5487
3135 95.5487
3136 95.5487
3137 95.5487
3138 95.5487
3139 95.5487
3140 95.5487
3141 95.5487
3142 95.5487
3143 95.5487
3144 95.5487
3145 95.5487
3146 95.5487
3147 95.5487
3148 95.5487
3149 95.5487
3150 95.5487
3151 95.5487
3152 95.5487
3153 95.5487
3154 95.5487
3155 95.5487
3156 95.5487
3157 95.5487
3158 95.5487
3159 95.5487
3160 95.5487
3161 95.5487
3162 95.5487
3163 95.5487
3164 95.5487
3165 95.5487
3166 95.5487
3167 95.5487
3168 95.5487
3169 95.5487
3170 95.5487
3171 95.5487
3172 95.5487
3173 95.5487
3174 95.5487
3175 95.5487
3176 95.5487
3177 95.5487
3178 95.5487
3179 95.5487
3180 95.5487
3181 95.5487
3182 95.5487
3183 95.5487
3184 95.5487
3185 95.5487
3186 95.5487
3187 95.5487
3188 95.5487
3189 95.5487
3190 95.5487
3191 95.5487
3192 95.5487
3193 95.5487
3194 95.5487
3195 95.5487
3196 95.5487
3197 95.5487
3198 95.5487
3199 95.5487
3200 95.5487
3201 95.5487
3202 95.5487
3203 95.5487
3204 95.5487
3205 95.5487
3206 95.5487
3207 95.5487
3208 95.5487
3209 95.5487
3210 95.5487
3211 95.5487
3212 95.5487
3213 95.5487
3214 95.5487
3215 95.5487
3216 95.5487
3217 95.5487
3218 95.5487
3219 95.5487
3220 95.5487
3221 95.5487
3222 95.5487
3223 95.5487
3224 95.5487
3225 95.5487
3226 95.5487
3227 95.5487
3228 95.5487
3229 95.5487
3230 95.5487
3231 95.5487
3232 95.5487
3233 95.5487
3234 95.5487
3235 95.5487
3236 95.5487
3237 95.5487
3238 95.5487
3239 95.5487
3240 95.5487
3241 95.5487
3242 95.5487
3243 95.5487
3244 95.5487
3245 95.5487
3246 95.5487
3247 95.5487
3248 95.5487
3249 95.5487
3250 95.5487
3251 95.5487
3252 95.5487
3253 95.5487
3254 95.5487
3255 95.5487
3256 95.5487
3257 95.5487
3258 95.5487
3259 95.5487
3260 95.5487
3261 95.5487
3262 95.5487
3263 95.5487
3264 95.5487
3265 95.5487
3266 95.5487
3267 95.5487
3268 95.5487
3269 95.5487
3270 95.5487
3271 95.5487
3272 95.5487
3273 95.5487
3274 95.5487
3275 95.5487
3276 95.5487
3277 95.5487
3278 95.5487
3279 95.5487
3280 95.5487
3281 95.5487
3282 95.5487
3283 95.5487
3284 95.5487
3285 95.5487
3286 95.5487
3287 95.5487
3288 95.5487
3289 95.5487
3290 95.5487
3291 95.5487
3292 95.5487
3293 95.5487
3294 95.5487
3295 95.5487
3296 95.5487
3297 95.5487
3298 95.5487
3299 95.5487
3300 95.5487
3301 95.5487
3302 95.5487
3303 95.5487
3304 95.5487
3305 95.5487
3306 95.5487
3307 95.5487
3308 95.5487
3309 95.5487
3310 95.5487
3311 95.5487
3312 95.5487
3313 95.5487
3314 95.5487
3315 95.5487
3316 95.5487
3317 95.5487
3318 95.5487
3319 95.5487
3320 95.5487
3321 95.5487
3322 95.5487
3323 95.5487
3324 95.5487
3325 95.5487
3326 95.5487
3327 95.5487
3328 95.5487
3329 95.5487
3330 95.5487
3331 95.5487
3332 95.5487
3333 95.5487
3334 95.5487
3335 95.5487
3336 95.5487
3337 95.5487
3338 95.5487
3339 95.5487
3340 95.5487
3341 95.5487
3342 95.5487
3343 95.5487
3344 95.5487
3345 95.5487
3346 95.5487
3347 95.5487
3348 95.5487
3349 95.5487
3350 95.5487
3351 95.5487
3352 95.5487
3353 95.5487
3354 95.5487
3355 95.5487
3356 95.5487
3357 95.5487
3358 95.5487
3359 95.5487
3360 95.5487
3361 95.5487
3362 95.5487
3363 95.5487
3364 95.5487
3365 95.5487
3366 95.5487
3367 95.5487
3368 95.5487
3369 95.5487
3370 95.5487
3371 95.5487
3372 95.5487
3373 95.5487
3374 95.5487
3375 95.5487
3376 95.5487
3377 95.5487
3378 95.5487
3379 95.5487
3380 95.5487
3381 95.5487
3382 95.5487
3383 95.5487
3384 95.5487
3385 95.5487
3386 95.5487
3387 95.5487
3388 95.5487
3389 95.5487
3390 95.5487
3391 95.5487
3392 95.5487
3393 95.5487
3394 95.5487
3395 95.5487
3396 95.5487
3397 95.5487
3398 95.5487
3399 95.5487
3400 95.5487
3401 95.5487
3402 95.5487
3403 95.5487
3404 95.5487
3405 95.5487
3406 95.5487
3407 95.5487
3408 95.5487
3409 95.5487
3410 95.5487
3411 95.5487
3412 95.5487
3413 95.5487
3414 95.5487
3415 95.5487
3416 95.5487
3417 95.5487
3418 95.5487
3419 95.5487
3420 95.5487
3421 95.5487
3422 95.5487
3423 95.5487
3424 95.5487
3425 95.5487
3426 95.5487
3427 95.5487
3428 95.5487
3429 95.5487
3430 95.5487
3431 95.5487
3432 95.5487
3433 95.5487
3434 95.5487
3435 95.5487
3436 95.5487
3437 95.5487
3438 95.5487
3439 95.5487
3440 95.5487
3441 95.5487
3442 95.5487
3443 95.5487
3444 95.5487
3445 95.5487
3446 95.5487
3447 95.5487
3448 95.5487
3449 95.5487
3450 95.5487
3451 95.5487
3452 95.5487
3453 95.5487
3454 95.5487
3455 95.5487
3456 95.5487
3457 95.5487
3458 95.5487
3459 95.5487
3460 95.5487
3461 95.5487
3462 95.5487
3463 95.5487
3464 95.5487
3465 95.5487
3466 95.5487
3467 95.5487
3468 95.5487
3469 95.5487
3470 95.5487
3471 95.5487
3472 95.5487
3473 95.5487
3474 95.5487
3475 95.5487
3476 95.5487
3477 95.5487
3478 95.5487
3479 95.5487
3480 95.5487
3481 95.5487
3482 95.5487
3483 95.5487
3484 95.5487
3485 95.5487
3486 95.5487
3487 95.5487
3488 95.5487
3489 95.5487
3490 95.5487
3491 95.5487
3492 95.5487
3493 95.5487
3494 95.5487
3495 95.5487
3496 95.5487
3497 95.5487
3498 95.5487
3499 95.5487
3500 95.5487
3501 95.5487
3502 95.5487
3503 95.5487
3504 95.5487
3505 95.5487
3506 95.5487
3507 95.5487
3508 95.5487
3509 95.5487
3510 95.5487
3511 95.5487
3512 95.5487
3513 95.5487
3514 95.5487
3515 95.5487
3516 95.5487
3517 95.5487
3518 95.5487
3519 95.5487
3520 95.5487
3521 95.5487
3522 95.5487
3523 95.5487
3524 95.5487
3525 95.5487
3526 95.5487
3527 95.5487
3528 95.5487
3529 95.5487
3530 95.5487
3531 95.5487
3532 95.5487
3533 95.5487
3534 95.5487
3535 95.5487
3536 95.5487
3537 95.5487
3538 95.5487
3539 95.5487
3540 95.5487
3541 95.5487
3542 95.5487
3543 95.5487
3544 95.5487
3545 95.5487
3546 95.5487
3547 95.5487
3548 95.5487
3549 95.5487
3550 95.5487
3551 95.5487
3552 95.5487
3553 95.5487
3554 95.5487
3555 95.5487
3556 95.5487
3557 95.5487
3558 95.5487
3559 95.5487
3560 95.5487
3561 95.5487
3562 95.5487
3563 95.5487
3564 95.5487
3565 95.5487
3566 95.5487
3567 95.5487
3568 95.5487
3569 95.5487
3570 95.5487
3571 95.5487
3572 95.5487
3573 95.5487
3574 95.5487
3575 95.5487
3576 95.5487
3577 95.5487
3578 95.5487
3579 95.5487
3580 95.5487
3581 95.5487
3582 95.5487
3583 95.5487
3584 95.5487
3585 95.5487
3586 95.5487
3587 95.5487
3588 95.5487
3589 95.5487
3590 95.5487
3591 95.5487
3592 95.5487
3593 95.5487
3594 95.5487
3595 95.5487
3596 95.5487
3597 95.5487
3598 95.5487
3599 95.5487
3600 95.5487
3601 95.5487
3602 95.5487
3603 95.5487
3604 95.5487
3605 95.5487
3606 95.5487
3607 95.5487
3608 95.5487
3609 95.5487
3610 95.5487
3611 95.5487
3612 95.5487
3613 95.5487
3614 95.5487
3615 95.5487
3616 95.5487
3617 95.5487
3618 95.5487
3619 95.5487
3620 95.5487
3621 95.5487
3622 95.5487
3623 95.5487
3624 95.5487
3625 95.5487
3626 95.5487
3627 95.5487
3628 95.5487
3629 95.5487
3630 95.5487
3631 95.5487
3632 95.5487
3633 95.5487
3634 95.5487
3635 95.5487
3636 95.5487
3637 95.5487
3638 95.5487
3639 95.5487
3640 95.5487
3641 95.5487
3642 95.5487
3643 95.5487
3644 95.5487
3645 95.5487
3646 95.5487
3647 95.5487
3648 95.5487
3649 95.5487
3650 95.5487
3651 95.5487
3652 95.5487
3653 95.5487
3654 95.5487
3655 95.5487
3656 95.5487
3657 95.5487
3658 95.5487
3659 95.5487
3660 95.5487
3661 95.5487
3662 95.5487
3663 95.5487
3664 95.5487
3665 95.5487
3666 95.5487
3667 95.5487
3668 95.5487
3669 95.5487
3670 95.5487
3671 95.5487
3672 95.5487
3673 95.5487
3674 95.5487
3675 95.5487
3676 95.5487
3677 95.5487
3678 95.5487
3679 95.5487
3680 95.5487
3681 95.5487
3682 95.5487
3683 95.5487
3684 95.5487
3685 95.5487
3686 95.5487
3687 95.5487
3688 95.5487
3689 95.5487
3690 95.5487
3691 95.5487
3692 95.5487
3693 95.5487
3694 95.5487
3695 95.5487
3696 95.5487
3697 95.5487
3698 95.5487
3699 95.5487
3700 95.5487
3701 95.5487
3702 95.5487
3703 95.5487
3704 95.5487
3705 95.5487
3706 95.5487
3707 95.5487
3708 95.5487
3709 95.5487
3710 95.5487
3711 95.5487
3712 95.5487
3713 95.5487
3714 95.5487
3715 95.5487
3716 95.5487
3717 95.5487
3718 95.5487
3719 95.5487
3720 95.5487
3721 95.5487
3722 95.5487
3723 95.5487
3724 95.5487
3725 95.5487
3726 95.5487
3727 95.5487
3728 95.5487
3729 95.5487
3730 95.5487
3731 95.5487
3732 95.5487
3733 95.5487
3734 95.5487
3735 95.5487
3736 95.5487
3737 95.5487
3738 95.5487
3739 95.5487
3740 95.5487
3741 95.5487
3742 95.5487
3743 95.5487
3744 95.5487
3745 95.5487
3746 95.5487
3747 95.5487
3748 95.5487
3749 95.5487
3750 95.5487
3751 95.5487
3752 95.5487
3753 95.5487
3754 95.5487
3755 95.5487
3756 95.5487
3757 95.5487
3758 95.5487
3759 95.5487
3760 95.5487
3761 95.5487
3762 95.5487
3763 95.5487
3764 95.5487
3765 95.5487
3766 95.5487
3767 95.5487
3768 95.5487
3769 95.5487
3770 95.5487
3771 95.5487
3772 95.5487
3773 95.5487
3774 95.5487
3775 95.5487
3776 95.5487
3777 95.5487
3778 95.5487
3779 95.5487
3780 95.5487
3781 95.5487
3782 95.5487
3783 95.5487
3784 95.5487
3785 95.5487
3786 95.5487
3787 95.5487
3788 95.5487
3789 95.5487
3790 95.5487
3791 95.5487
3792 95.5487
3793 95.5487
3794 95.5487
3795 95.5487
3796 95.5487
3797 95.5487
3798 95.5487
3799 95.5487
3800 95.5487
3801 95.5487
3802 95.5487
3803 95.5487
3804 95.5487
3805 95.5487
3806 95.5487
3807 95.5487
3808 95.5487
3809 95.5487
3810 95.5487
3811 95.5487
3812 95.5487
3813 95.5487
3814 95.5487
3815 95.5487
3816 95.5487
3817 95.5487
3818 95.5487
3819 95.5487
3820 95.5487
3821 95.5487
3822 95.5487
3823 95.5487
3824 95.5487
3825 95.5487
3826 95.5487
3827 95.5487
3828 95.5487
3829 95.5487
3830 95.5487
3831 95.5487
3832 95.5487
3833 95.5487
3834 95.5487
3835 95.5487
3836 95.5487
3837 95.5487
3838 95.5487
3839 95.5487
3840 95.5487
3841 95.5487
3842 95.5487
3843 95.5487
3844 95.5487
3845 95.5487
3846 95.5487
3847 95.5487
3848 95.5487
3849 95.5487
3850 95.5487
3851 95.5487
3852 95.5487
3853 95.5487
3854 95.5487
3855 95.5487
3856 95.5487
3857 95.5487
3858 95.5487
3859 95.5487
3860 95.5487
3861 95.5487
3862 95.5487
3863 95.5487
3864 95.5487
3865 95.5487
3866 95.5487
3867 95.5487
3868 95.5487
3869 95.5487
3870 95.5487
3871 95.5487
3872 95.5487
3873 95.5487
3874 95.5487
3875 95.5487
3876 95.5487
3877 95.5487
3878 95.5487
3879 95.5487
3880 95.5487
3881 95.5487
3882 95.5487
3883 95.5487
3884 95.5487
3885 95.5487
3886 95.5487
3887 95.5487
3888 95.5487
3889 95.5487
3890 95.5487
3891 95.5487
3892 95.5487
3893 95.5487
3894 95.5487
3895 95.5487
3896 95.5487
3897 95.5487
3898 95.5487
3899 95.5487
3900 95.5487
3901 95.5487
3902 95.5487
3903 95.5487
3904 95.5487
3905 95.5487
3906 95.5487
3907 95.5487
3908 95.5487
3909 95.5487
3910 95.5487
3911 95.5487
3912 95.5487
3913 95.5487
3914 95.5487
3915 95.5487
3916 95.5487
3917 95.5487
3918 95.5487
3919 95.5487
3920 95.5487
3921 95.5487
3922 95.5487
3923 95.5487
3924 95.5487
3925 95.5487
3926 95.5487
3927 95.5487
3928 95.5487
3929 95.5487
3930 95.5487
3931 95.5487
3932 95.5487
3933 95.5487
3934 95.5487
3935 95.5487
3936 95.5487
3937 95.5487
3938 95.5487
3939 95.5487
3940 95.5487
3941 95.5487
3942 95.5487
3943 95.5487
3944 95.5487
3945 95.5487
3946 95.5487
3947 95.5487
3948 95.5487
3949 95.5487
3950 95.5487
3951 95.5487
3952 95.5487
3953 95.5487
3954 95.5487
3955 95.5487
3956 95.5487
3957 95.5487
3958 95.5487
3959 95.5487
3960 95.5487
3961 95.5487
3962 95.5487
3963 95.5487
3964 95.5487
3965 95.5487
3966 95.5487
3967 95.5487
3968 95.5487
3969 95.5487
3970 95.5487
3971 95.5487
3972 95.5487
3973 95.5487
3974 95.5487
3975 95.5487
3976 95.5487
3977 95.5487
3978 95.5487
3979 95.5487
3980 95.5487
3981 95.5487
3982 95.5487
3983 95.5487
3984 95.5487
3985 95.5487
3986 95.5487
3987 95.5487
3988 95.5487
3989 95.5487
3990 95.5487
3991 95.5487
3992 95.5487
3993 95.5487
3994 95.5487
3995 95.5487
3996 95.5487
3997 95.5487
3998 95.5487
3999 95.5487
4000 95.5487
4001 95.5487
4002 95.5487
4003 95.5487
4004 95.5487
4005 95.5487
4006 95.5487
4007 95.5487
4008 95.5487
4009 95.5487
4010 95.5487
4011 95.5487
4012 95.5487
4013 95.5487
4014 95.5487
4015 95.5487
4016 95.5487
4017 95.5487
4018 95.5487
4019 95.5487
4020 95.5487
4021 95.5487
4022 95.5487
4023 95.5487
4024 95.5487
4025 95.5487
4026 95.5487
4027 95.5487
4028 95.5487
4029 95.5487
4030 95.5487
4031 95.5487
4032 95.5487
4033 95.5487
4034 95.5487
4035 95.5487
4036 95.5487
4037 95.5487
4038 95.5487
4039 95.5487
4040 95.5487
4041 95.5487
4042 95.5487
4043 95.5487
4044 95.5487
4045 95.5487
4046 95.5487
4047 95.5487
4048 95.5487
4049 95.5487
4050 95.5487
4051 95.5487
4052 95.5487
4053 95.5487
4054 95.5487
4055 95.5487
4056 95.5487
4057 95.5487
4058 95.5487
4059 95.5487
4060 95.5487
4061 95.5487
4062 95.5487
4063 95.5487
4064 95.5487
4065 95.5487
4066 95.5487
4067 95.5487
4068 95.5487
4069 95.5487
4070 95.5487
4071 95.5487
4072 95.5487
4073 95.5487
4074 95.5487
4075 95.5487
4076 95.5487
4077 95.5487
4078 95.5487
4079 95.5487
4080 95.5487
4081 95.5487
4082 95.5487
4083 95.5487
4084 95.5487
4085 95.5487
4086 95.5487
4087 95.5487
4088 95.5487
4089 95.5487
4090 95.5487
4091 95.5487
4092 95.5487
4093 95.5487
4094 95.5487
4095 95.5487
4096 95.5487
4097 95.5487
4098 95.5487
4099 95.5487
4100 95.5487
4101 95.5487
4102 95.5487
4103 95.5487
4104 95.5487
4105 95.5487
4106 95.5487
4107 95.5487
4108 95.5487
4109 95.5487
4110 95.5487
4111 95.5487
4112 95.5487
4113 95.5487
4114 95.5487
4115 95.5487
4116 95.5487
4117 95.5487
4118 95.5487
4119 95.5487
4120 95.5487
4121 95.5487
4122 95.5487
4123 95.5487
4124 95.5487
4125 95.5487
4126 95.5487
4127 95.5487
4128 95.5487
4129 95.5487
4130 95.5487
4131 95.5487
4132 95.5487
4133 95.5487
4134 95.5487
4135 95.5487
4136 95.5487
4137 95.5487
4138 95.5487
4139 95.5487
4140 95.5487
4141 95.5487
4142 95.5487
4143 95.5487
4144 95.5487
4145 95.5487
4146 95.5487
4147 95.5487
4148 95.5487
4149 95.5487
4150 95.5487
4151 95.5487
4152 95.5487
4153 95.5487
4154 95.5487
4155 95.5487
4156 95.5487
4157 95.5487
4158 95.5487
4159 95.5487
4160 95.5487
4161 95.5487
4162 95.5487
4163 95.5487
4164 95.5487
4165 95.5487
4166 95.5487
4167 95.5487
4168 95.5487
4169 95.5487
4170 95.5487
4171 95.5487
4172 95.5487
4173 95.5487
4174 95.5487
4175 95.5487
4176 95.5487
4177 95.5487
4178 95.5487
4179 95.5487
4180 95.5487
4181 95.5487
4182 95.5487
4183 95.5487
4184 95.5487
4185 95.5487
4186 95.5487
4187 95.5487
4188 95.5487
4189 95.5487
4190 95.5487
4191 95.5487
4192 95.5487
4193 95.5487
4194 95.5487
4195 95.5487
4196 95.5487
4197 95.5487
4198 95.5487
4199 95.5487
4200 95.5487
4201 95.5487
4202 95.5487
4203 95.5487
4204 95.5487
4205 95.5487
4206 95.5487
4207 95.5487
4208 95.5487
4209 95.5487
4210 95.5487
4211 95.5487
4212 95.5487
4213 95.5487
4214 95.5487
4215 95.5487
4216 95.5487
4217 95.5487
4218 95.5487
4219 95.5487
4220 95.5487
4221 95.5487
4222 95.5487
4223 95.5487
4224 95.5487
4225 95.5487
4226 95.5487
4227 95.5487
4228 95.5487
4229 95.5487
4230 95.5487
4231 95.5487
4232 95.5487
4233 95.5487
4234 95.5487
4235 95.5487
4236 95.5487
4237 95.5487
4238 95.5487
4239 95.5487
4240 95.5487
4241 95.5487
4242 95.5487
4243 95.5487
4244 95.5487
4245 95.5487
4246 95.5487
4247 95.5487
4248 95.5487
4249 95.5487
4250 95.5487
4251 95.5487
4252 95.5487
4253 95.5487
4254 95.5487
4255 95.5487
4256 95.5487
4257 95.5487
4258 95.5487
4259 95.5487
4260 95.5487
4261 95.5487
4262 95.5487
4263 95.5487
4264 95.5487
4265 95.5487
4266 95.5487
4267 95.5487
4268 95.5487
4269 95.5487
4270 95.5487
4271 95.5487
4272 95.5487
4273 95.5487
4274 95.5487
4275 95.5487
4276 95.5487
4277 95.5487
4278 95.5487
4279 95.5487
4280 95.5487
4281 95.5487
4282 95.5487
4283 95.5487
4284 95.5487
4285 95.5487
4286 95.5487
4287 95.5487
4288 95.5487
4289 95.5487
4290 95.5487
4291 95.5487
4292 95.5487
4293 95.5487
4294 95.5487
4295 95.5487
4296 95.5487
4297 95.5487
4298 95.5487
4299 95.5487
4300 95.5487
4301 95.5487
4302 95.5487
4303 95.5487
4304 95.5487
4305 95.5487
4306 95.5487
4307 95.5487
4308 95.5487
4309 95.5487
4310 95.5487
4311 95.5487
4312 95.5487
4313 95.5487
4314 95.5487
4315 95.5487
4316 95.5487
4317 95.5487
4318 95.5487
4319 95.5487
4320 95.5487
4321 95.5487
4322 95.5487
4323 95.5487
4324 95.5487
4325 95.5487
4326 95.5487
4327 95.5487
4328 95.5487
4329 95.5487
4330 95.5487
4331 95.5487
4332 95.5487
4333 95.5487
4334 95.5487
4335 95.5487
4336 95.5487
4337 95.5487
4338 95.5487
4339 95.5487
4340 95.5487
4341 95.5487
4342 95.5487
4343 95.5487
4344 95.5487
4345 95.5487
4346 95.5487
4347 95.5487
4348 95.5487
4349 95.5487
4350 95.5487
4351 95.5487
4352 95.5487
4353 95.5487
4354 95.5487
4355 95.5487
4356 95.5487
4357 95.5487
4358 95.5487
4359 95.5487
4360 95.5487
4361 95.5487
4362 95.5487
4363 95.5487
4364 95.5487
4365 95.5487
4366 95.5487
4367 95.5487
4368 95.5487
4369 95.5487
4370 95.5487
4371 95.5487
4372 95.5487
4373 95.5487
4374 95.5487
4375 95.5487
4376 95.5487
4377 95.5487
4378 95.5487
4379 95.5487
4380 95.5487
4381 95.5487
4382 95.5487
4383 95.5487
4384 95.5487
4385 95.5487
4386 95.5487
4387 95.5487
4388 95.5487
4389 95.5487
4390 95.5487
4391 95.5487
4392 95.5487
4393 95.5487
4394 95.5487
4395 95.5487
4396 95.5487
4397 95.5487
4398 95.5487
4399 95.5487
4400 95.5487
4401 95.5487
4402 95.5487
4403 95.5487
4404 95.5487
4405 95.5487
4406 95.5487
4407 95.5487
4408 95.5487
4409 95.5487
4410 95.5487
4411 95.5487
4412 95.5487
4413 95.5487
4414 95.5487
4415 95.5487
4416 95.5487
4417 95.5487
4418 95.5487
4419 95.5487
4420 95.5487
4421 95.5487
4422 95.5487
4423 95.5487
4424 95.5487
4425 95.5487
4426 95.5487
4427 95.5487
4428 95.5487
4429 95.5487
4430 95.5487
4431 95.5487
4432 95.5487
4433 95.5487
4434 95.5487
4435 95.5487
4436 95.5487
4437 95.5487
4438 95.5487
4439 95.5487
4440 95.5487
4441 95.5487
4442 95.5487
4443 95.5487
4444 95.5487
4445 95.5487
4446 95.5487
4447 95.5487
4448 95.5487
4449 95.5487
4450 95.5487
4451 95.5487
4452 95.5487
4453 95.5487
4454 95.5487
4455 95.5487
4456 95.5487
4457 95.5487
4458 95.5487
4459 95.5487
4460 95.5487
4461 95.5487
4462 95.5487
4463 95.5487
4464 95.5487
4465 95.5487
4466 95.5487
4467 95.5487
4468 95.5487
4469 95.5487
4470 95.5487
4471 95.5487
4472 95.5487
4473 95.5487
4474 95.5487
4475 95.5487
4476 95.5487
4477 95.5487
4478 95.5487
4479 95.5487
4480 95.5487
4481 95.5487
4482 95.5487
4483 95.5487
4484 95.5487
4485 95.5487
4486 95.5487
4487 95.5487
4488 95.5487
4489 95.5487
4490 95.5487
4491 95.5487
4492 95.5487
4493 95.5487
4494 95.5487
4495 95.5487
4496 95.5487
4497 95.5487
4498 95.5487
4499 95.5487
4500 95.5487
4501 95.5487
4502 95.5487
4503 95.5487
4504 95.5487
4505 95.5487
4506 95.5487
4507 95.5487
4508 95.5487
4509 95.5487
4510 95.5487
4511 95.5487
4512 95.5487
4513 95.5487
4514 95.5487
4515 95.5487
4516 95.5487
4517 95.5487
4518 95.5487
4519 95.5487
4520 95.5487
4521 95.5487
4522 95.5487
4523 95.5487
4524 95.5487
4525 95.5487
4526 95.5487
4527 95.5487
4528 95.5487
4529 95.5487
4530 95.5487
4531 95.5487
4532 95.5487
4533 95.5487
4534 95.5487
4535 95.5487
4536 95.5487
4537 95.5487
4538 95.5487
4539 95.5487
4540 95.5487
4541 95.5487
4542 95.5487
4543 95.5487
4544 95.5487
4545 95.5487
4546 95.5487
4547 95.5487
4548 95.5487
4549 95.5487
4550 95.5487
4551 95.5487
4552 95.5487
4553 95.5487
4554 95.5487
4555 95.5487
4556 95.5487
4557 95.5487
4558 95.5487
4559 95.5487
4560 95.5487
4561 95.5487
4562 95.5487
4563 95.5487
4564 95.5487
4565 95.5487
4566 95.5487
4567 95.5487
4568 95.5487
4569 95.5487
4570 95.5487
4571 95.5487
4572 95.5487
4573 95.5487
4574 95.5487
4575 95.5487
4576 95.5487
4577 95.5487
4578 95.5487
4579 95.5487
4580 95.5487
4581 95.5487
4582 95.5487
4583 95.5487
4584 95.5487
4585 95.5487
4586 95.5487
4587 95.5487
4588 95.5487
4589 95.5487
4590 95.5487
4591 95.5487
4592 95.5487
4593 95.5487
4594 95.5487
4595 95.5487
4596 95.5487
4597 95.5487
4598 95.5487
4599 95.5487
4600 95.5487
4601 95.5487
4602 95.5487
4603 95.5487
4604 95.5487
4605 95.5487
4606 95.5487
4607 95.5487
4608 95.5487
4609 95.5487
4610 95.5487
4611 95.5487
4612 95.5487
4613 95.5487
4614 95.5487
4615 95.5487
4616 95.5487
4617 95.5487
4618 95.5487
4619 95.5487
4620 95.5487
4621 95.5487
4622 95.5487
4623 95.5487
4624 95.5487
4625 95.5487
4626 95.5487
4627 95.5487
4628 95.5487
4629 95.5487
4630 95.5487
4631 95.5487
4632 95.5487
4633 95.5487
4634 95.5487
4635 95.5487
4636 95.5487
4637 95.5487
4638 95.5487
4639 95.5487
4640 95.5487
4641 95.5487
4642 95.5487
4643 95.5487
4644 95.5487
4645 95.5487
4646 95.5487
4647 95.5487
4648 95.5487
4649 95.5487
4650 95.5487
4651 95.5487
4652 95.5487
4653 95.5487
4654 95.5487
4655 95.5487
4656 95.5487
4657 95.5487
4658 95.5487
4659 95.5487
4660 95.5487
4661 95.5487
4662 95.5487
4663 95.5487
4664 95.5487
4665 95.5487
4666 95.5487
4667 95.5487
4668 95.5487
4669 95.5487
4670 95.5487
4671 95.5487
4672 95.5487
4673 95.5487
4674 95.5487
4675 95.5487
4676 95.5487
4677 95.5487
4678 95.5487
4679 95.5487
4680 95.5487
4681 95.5487
4682 95.5487
4683 95.5487
4684 95.5487
4685 95.5487
4686 95.5487
4687 95.5487
4688 95.5487
4689 95.5487
4690 95.5487
4691 95.5487
4692 95.5487
4693 95.5487
4694 95.5487
4695 95.5487
4696 95.5487
4697 95.5487
4698 95.5487
4699 95.5487
4700 95.5487
4701 95.5487
4702 95.5487
4703 95.5487
4704 95.5487
4705 95.5487
4706 95.5487
4707 95.5487
4708 95.5487
4709 95.5487
4710 95.5487
4711 95.5487
4712 95.5487
4713 95.5487
4714 95.5487
4715 95.5487
4716 95.5487
4717 95.5487
4718 95.5487
4719 95.5487
4720 95.5487
4721 95.5487
4722 95.5487
4723 95.5487
4724 95.5487
4725 95.5487
4726 95.5487
4727 95.5487
4728 95.5487
4729 95.5487
4730 95.5487
4731 95.5487
4732 95.5487
4733 95.5487
4734 95.5487
4735 95.5487
4736 95.5487
4737 95.5487
4738 95.5487
4739 95.5487
4740 95.5487
4741 95.5487
4742 95.5487
4743 95.5487
4744 95.5487
4745 95.5487
4746 95.5487
4747 95.5487
4748 95.5487
4749 95.5487
4750 95.5487
4751 95.5487
4752 95.5487
4753 95.5487
4754 95.5487
4755 95.5487
4756 95.5487
4757 95.5487
4758 95.5487
4759 95.5487
4760 95.5487
4761 95.5487
4762 95.5487
4763 95.5487
4764 95.5487
4765 95.5487
4766 95.5487
4767 95.5487
4768 95.5487
4769 95.5487
4770 95.5487
4771 95.5487
4772 95.5487
4773 95.5487
4774 95.5487
4775 95.5487
4776 95.5487
4777 95.5487
4778 95.5487
4779 95.5487
4780 95.5487
4781 95.5487
4782 95.5487
4783 95.5487
4784 95.5487
4785 95.5487
4786 95.5487
4787 95.5487
4788 95.5487
4789 95.5487
4790 95.5487
4791 95.5487
4792 95.5487
4793 95.5487
4794 95.5487
4795 95.5487
4796 95.5487
4797 95.5487
4798 95.5487
4799 95.5487
4800 95.5487
4801 95.5487
4802 95.5487
4803 95.5487
4804 95.5487
4805 95.5487
4806 95.5487
4807 95.5487
4808 95.5487
4809 95.5487
4810 95.5487
4811 95.5487
4812 95.5487
4813 95.5487
4814 95.5487
4815 95.5487
4816 95.5487
4817 95.5487
4818 95.5487
4819 95.5487
4820 95.5487
4821 95.5487
4822 95.5487
4823 95.5487
4824 95.5487
4825 95.5487
4826 95.5487
4827 95.5487
4828 95.5487
4829 95.5487
4830 95.5487
4831 95.5487
4832 95.5487
4833 95.5487
4834 95.5487
4835 95.5487
4836 95.5487
4837 95.5487
4838 95.5487
4839 95.5487
4840 95.5487
4841 95.5487
4842 95.5487
4843 95.5487
4844 95.5487
4845 95.5487
4846 95.5487
4847 95.5487
4848 95.5487
4849 95.5487
4850 95.5487
4851 95.5487
4852 95.5487
4853 95.5487
4854 95.5487
4855 95.5487
4856 95.5487
4857 95.5487
4858 95.5487
4859 95.5487
4860 95.5487
4861 95.5487
4862 95.5487
4863 95.5487
4864 95.5487
4865 95.5487
4866 95.5487
4867 95.5487
4868 95.5487
4869 95.5487
4870 95.5487
4871 95.5487
4872 95.5487
4873 95.5487
4874 95.5487
4875 95.5487
4876 95.5487
4877 95.5487
4878 95.5487
4879 95.5487
4880 95.5487
4881 95.5487
4882 95.5487
4883 95.5487
4884 95.5487
4885 95.5487
4886 95.5487
4887 95.5487
4888 95.5487
4889 95.5487
4890 95.5487
4891 95.5487
4892 95.5487
4893 95.5487
4894 95.5487
4895 95.5487
4896 95.5487
4897 95.5487
4898 95.5487
4899 95.5487
4900 95.5487
4901 95.5487
4902 95.5487
4903 95.5487
4904 95.5487
4905 95.5487
4906 95.5487
4907 95.5487
4908 95.5487
4909 95.5487
4910 95.5487
4911 95.5487
4912 95.5487
4913 95.5487
4914 95.5487
4915 95.5487
4916 95.5487
4917 95.5487
4918 95.5487
4919 95.5487
4920 95.5487
4921 95.5487
4922 95.5487
4923 95.5487
4924 95.5487
4925 95.5487
4926 95.5487
4927 95.5487
4928 95.5487
4929 95.5487
4930 95.5487
4931 95.5487
4932 95.5487
4933 95.5487
4934 95.5487
4935 95.5487
4936 95.5487
4937 95.5487
4938 95.5487
4939 95.5487
4940 95.5487
4941 95.5487
4942 95.5487
4943 95.5487
4944 95.5487
4945 95.5487
4946 95.5487
4947 95.5487
4948 95.5487
4949 95.5487
4950 95.5487
4951 95.5487
4952 95.5487
4953 95.5487
4954 95.5487
4955 95.5487
4956 95.5487
4957 95.5487
4958 95.5487
4959 95.5487
4960 95.5487
4961 95.5487
4962 95.5487
4963 95.5487
4964 95.5487
4965 95.5487
4966 95.5487
4967 95.5487
4968 95.5487
4969 95.5487
4970 95.5487
4971 95.5487
4972 95.5487
4973 95.5487
4974 95.5487
4975 95.5487
4976 95.5487
4977 95.5487
4978 95.5487
4979 95.5487
4980 95.5487
4981 95.5487
4982 95.5487
4983 95.5487
4984 95.5487
4985 95.5487
4986 95.5487
4987 95.5487
4988 95.5487
4989 95.5487
4990 95.5487
4991 95.5487
4992 95.5487
4993 95.5487
4994 95.5487
4995 95.5487
4996 95.5487
4997 95.5487
4998 95.5487
4999 95.5487
