0 2153.64
1 2035.38
2 1882.54
3 1771.58
4 1598.62
5 1540.69
6 1457.05
7 1429.24
8 1377.78
9 1320.23
10 1281.45
11 1222.87
12 1175.52
13 1136.46
14 1120.44
15 1094.86
16 1070.9
17 1021.26
18 1001.09
19 952.826
20 938.952
21 902.376
22 878.645
23 874.035
24 848.152
25 826.96
26 796.957
27 765.092
28 742
29 717.011
30 705.609
31 693.973
32 679.129
33 672.757
34 672.253
35 638.03
36 628.99
37 626.596
38 613.179
39 603.98
40 595.04
41 590.812
42 588.503
43 576.512
44 564.539
45 560.498
46 546.13
47 540.941
48 533.094
49 524.38
50 522.486
51 494.487
52 489.399
53 475.829
54 457.394
55 438.763
56 438.763
57 432.932
58 419.907
59 410.891
60 406.74
61 395.704
62 384.488
63 378.393
64 376.78
65 375.39
66 372.209
67 369.206
68 363.377
69 359.481
70 357.507
71 354.475
72 353.969
73 350.547
74 348.344
75 328.795
76 326.593
77 324.111
78 323.084
79 317.047
80 315.811
81 314.756
82 309.555
83 303.724
84 297.518
85 287.292
86 277.319
87 272.619
88 270.177
89 270.116
90 260.472
91 260.411
92 254.776
93 254.776
94 254.75
95 253.64
96 243.978
97 242.301
98 242.301
99 232.397
100 230.931
101 230.931
102 230.931
103 230.931
104 230.931
105 230.931
106 228.167
107 225.674
108 222.274
109 221.253
110 217.853
111 215.937
112 215.743
113 215.268
114 213.884
115 211.843
116 211.843
117 210.375
118 206.907
119 206.907
120 206.907
121 206.907
122 206.788
123 200.16
124 200.16
125 198.502
126 198.502
127 197.569
128 196.532
129 193.719
130 190.84
131 187.308
132 187.162
133 187.025
134 186.917
135 186.917
136 186.855
137 185.892
138 185.785
139 184.794
140 184.794
141 182.526
142 180.482
143 174.858
144 172.814
145 167.128
146 164.798
147 162.754
148 161.005
149 161.005
150 159.226
151 147.919
152 143.924
153 143.924
154 143.924
155 143.924
156 143.924
157 143.098
158 143.098
159 143.098
160 143.098
161 143.098
162 143.098
163 140.398
164 140.398
165 140.398
166 140.398
167 138.266
168 137.616
169 134.592
170 133.366
171 133.366
172 133.366
173 132.959
174 132.959
175 131.32
176 131.32
177 130.944
178 130.944
179 130.944
180 130.944
181 130.944
182 127.645
183 127.645
184 127.625
185 127.625
186 124.244
187 124.244
188 124.244
189 124.244
190 124.244
191 124.244
192 121.89
193 121.89
194 120.267
195 120.267
196 120.267
197 120.267
198 120.267
199 120.164
200 118.629
201 118.629
202 118.629
203 118.629
204 118.629
205 118.173
206 116.373
207 116.373
208 116.373
209 116.373
210 114.805
211 113.599
212 113.599
213 113.456
214 113.456
215 113.456
216 109.523
217 106.428
218 106.428
219 106.428
220 106.428
221 103.345
222 101.864
223 101.662
224 100.33
225 98.9234
226 98.9234
227 97.6309
228 97.6309
229 97.6309
230 97.6309
231 97.6309
232 97.6309
233 97.6309
234 97.6309
235 97.6309
236 97.6309
237 97.6309
238 97.6309
239 97.6309
240 97.6309
241 97.6309
242 97.6309
243 97.6309
244 97.6309
245 97.6309
246 97.3777
247 96.0861
248 96.0861
249 96.0861
250 96.0861
251 96.0861
252 96.0861
253 96.0861
254 96.0861
255 94.5617
256 94.2919
257 94.2919
258 94.2919
259 94.2919
260 94.2919
261 94.2919
262 94.2919
263 94.2919
264 94.2919
265 94.2919
266 93.5309
267 92.964
268 92.964
269 92.964
270 92.964
271 92.964
272 92.964
273 92.964
274 91.2209
275 90.9449
276 90.3097
277 90.3097
278 89.2137
279 89.2137
280 88.6477
281 88.6477
282 88.4271
283 88.4271
284 88.4271
285 88.4271
286 87.9608
287 86.5807
288 86.5807
289 86.5807
290 86.5807
291 86.5807
292 86.5807
293 86.5807
294 86.5807
295 86.447
296 86.447
297 86.447
298 86.447
299 86.447
300 86.447
301 86.447
302 86.447
303 86.447
304 86.447
305 86.447
306 86.447
307 86.447
308 86.447
309 86.447
310 86.447
311 86.447
312 86.447
313 86.447
314 86.447
315 86.447
316 86.447
317 86.447
318 86.447
319 86.447
320 86.447
321 86.447
322 86.447
323 86.447
324 86.447
325 86.447
326 86.447
327 86.447
328 86.2529
329 86.2529
330 86.2529
331 86.2529
332 86.2529
333 86.2529
334 86.2529
335 86.2529
336 86.2529
337 86.2529
338 86.2529
339 86.2529
340 86.2529
341 86.2529
342 86.2529
343 86.2529
344 86.2529
345 86.2529
346 86.2529
347 86.2529
348 86.2529
349 86.2529
350 86.2529
351 82.8266
352 82.8266
353 82.8266
354 82.8266
355 82.8266
356 82.8266
357 82.8266
358 82.8266
359 82.8266
360 82.8266
361 82.8266
362 82.8266
363 82.8266
364 82.8266
365 81.8819
366 81.8819
367 81.8819
368 81.8819
369 81.8819
370 81.8819
371 81.8819
372 81.8819
373 81.8819
374 81.8819
375 81.48
376 81.48
377 81.48
378 81.48
379 81.48
380 81.48
381 81.48
382 81.48
383 81.48
384 81.48
385 81.48
386 81.48
387 81.48
388 81.48
389 81.48
390 81.48
391 81.48
392 81.48
393 81.48
394 81.48
395 81.48
396 81.4636
397 81.4636
398 81.1002
399 81.1002
400 80.9993
401 76.4917
402 76.4917
403 76.4917
404 76.4917
405 76.4917
406 76.4917
407 75.7339
408 75.7339
409 75.7339
410 75.4733
411 75.1457
412 75.1457
413 75.1457
414 75.1457
415 75.1457
416 75.1457
417 75.1457
418 75.1457
419 75.1457
420 75.1457
421 75.1457
422 75.1457
423 75.1457
424 75.1457
425 75.1457
426 75.1457
427 75.1457
428 75.1457
429 75.1457
430 75.1457
431 75.1457
432 75.1457
433 75.1457
434 75.1457
435 75.1457
436 75.1457
437 75.1457
438 74.6052
439 73.6979
440 73.1574
441 71.9
442 71.3595
443 71.3595
444 71.3595
445 71.3595
446 71.3595
447 71.3595
448 71.3595
449 71.3595
450 71.3595
451 71.3595
452 71.3595
453 71.3595
454 71.3531
455 70.3022
456 70.3022
457 69.2958
458 69.2958
459 69.2958
460 69.2958
461 69.2958
462 69.2958
463 69.2958
464 69.2958
465 69.2958
466 67.9635
467 67.8317
468 67.7431
469 67.7431
470 67.7431
471 67.7431
472 67.6459
473 67.6459
474 67.6459
475 67.6459
476 67.6459
477 67.6459
478 67.6459
479 67.6459
480 67.3882
481 67.3882
482 67.3882
483 67.3882
484 67.3882
485 67.3882
486 67.3882
487 67.3882
488 67.3882
489 67.3882
490 67.3882
491 67.3882
492 67.1371
493 67.1371
494 67.1371
495 67.1371
496 67.1371
497 67.1371
498 67.1371
499 67.1371
500 67.1371
501 67.1371
502 67.1371
503 67.1371
504 67.1371
505 67.1371
506 67.1371
507 67.1371
508 67.1371
509 67.1371
510 67.1371
511 67.1371
512 67.1371
513 67.1371
514 67.1371
515 67.1371
516 67.1371
517 67.1371
518 67.1371
519 67.1371
520 67.1371
521 67.1371
522 67.1371
523 67.1371
524 67.1371
525 67.1371
526 67.1371
527 67.1371
528 67.1371
529 67.1371
530 67.1371
531 67.1371
532 66.8966
533 66.8966
534 66.8966
535 66.8966
536 66.8966
537 66.8966
538 66.8966
539 66.8966
540 66.8966
541 66.8966
542 66.8966
543 66.8966
544 66.8966
545 66.8966
546 66.8742
547 66.8742
548 66.8742
549 66.8742
550 66.8742
551 66.6481
552 66.6481
553 66.6481
554 66.6481
555 66.6481
556 66.6481
557 66.6481
558 66.6481
559 66.6481
560 66.6481
561 66.3365
562 66.3365
563 66.3365
564 66.3365
565 66.3365
566 66.3365
567 66.3365
568 66.3365
569 66.3365
570 66.3365
571 66.3365
572 66.3365
573 66.3365
574 66.3365
575 66.3365
576 66.3365
577 66.3365
578 65.7461
579 65.7461
580 65.7461
581 65.7461
582 65.7461
583 65.7461
584 65.7461
585 65.7461
586 65.7461
587 65.7461
588 65.7461
589 65.7461
590 65.7461
591 65.7461
592 65.7461
593 65.7461
594 65.7461
595 65.7461
596 65.7461
597 65.7461
598 65.7461
599 65.7461
600 65.7461
601 65.7461
602 65.7461
603 65.7461
604 65.7461
605 65.7461
606 65.7461
607 65.7461
608 65.7461
609 65.7461
610 65.7461
611 65.7461
612 65.7461
613 65.7461
614 65.7461
615 65.7461
616 65.7461
617 65.7461
618 65.7461
619 65.7461
620 65.7461
621 65.7461
622 65.7461
623 65.7461
624 65.7461
625 65.7461
626 65.7461
627 65.7461
628 65.7461
629 65.7461
630 65.7461
631 65.7461
632 65.7461
633 64.989
634 64.989
635 64.989
636 64.989
637 64.989
638 64.989
639 64.989
640 64.989
641 64.5403
642 64.5403
643 64.5403
644 63.7239
645 63.7239
646 63.3605
647 63.3605
648 63.3605
649 63.3605
650 63.3605
651 63.3605
652 63.3605
653 63.3605
654 63.3605
655 63.3605
656 63.3605
657 63.3605
658 63.3605
659 63.3605
660 63.3605
661 63.3605
662 63.3605
663 63.3605
664 63.3605
665 63.3605
666 63.3605
667 63.3605
668 63.3605
669 63.3605
670 63.3605
671 63.1983
672 63.1983
673 63.1983
674 63.1983
675 63.1983
676 63.1983
677 63.1983
678 63.1983
679 63.1983
680 63.1983
681 63.1983
682 63.1983
683 63.1983
684 63.1983
685 63.1983
686 63.1983
687 63.1983
688 63.1983
689 63.1983
690 63.1983
691 63.1983
692 63.1983
693 63.1983
694 63.1983
695 63.1983
696 63.1983
697 63.1983
698 63.1983
699 63.1983
700 63.1983
701 62.7796
702 62.6032
703 62.6032
704 62.6032
705 62.6032
706 62.6032
707 62.6032
708 62.6032
709 62.6032
710 62.6032
711 62.6032
712 62.6032
713 62.6032
714 62.6032
715 62.6032
716 62.6032
717 62.6032
718 62.6032
719 62.6032
720 62.6032
721 62.6032
722 62.6032
723 62.6032
724 62.6032
725 62.6032
726 62.6032
727 62.6032
728 62.6032
729 62.6032
730 62.6032
731 62.6032
732 62.6032
733 62.6032
734 62.6032
735 62.6032
736 62.6032
737 62.6032
738 62.6032
739 62.6032
740 62.6032
741 62.6032
742 62.6032
743 62.6032
744 62.6032
745 62.6032
746 62.6032
747 62.6032
748 62.6032
749 62.6032
750 62.6032
751 62.6032
752 62.6032
753 62.6032
754 62.6032
755 62.6032
756 62.6032
757 62.6032
758 62.6032
759 62.6032
760 62.6032
761 62.6032
762 62.6032
763 62.6032
764 62.6032
765 62.6032
766 62.6032
767 62.6032
768 62.6032
769 62.6032
770 62.6032
771 62.6032
772 62.6032
773 62.6032
774 62.6032
775 62.6032
776 62.6032
777 62.6032
778 62.6032
779 62.6032
780 62.6032
781 62.6032
782 62.6032
783 62.6032
784 62.6032
785 62.6032
786 62.6032
787 62.6032
788 62.6032
789 62.6032
790 62.6032
791 62.6032
792 62.6032
793 62.6032
794 62.6032
795 62.6032
796 62.6032
797 62.6032
798 62.6032
799 62.6032
800 62.6032
801 62.2816
802 62.2816
803 62.2816
804 62.2816
805 62.2816
806 62.2816
807 62.2816
808 62.2816
809 62.2816
810 62.2816
811 62.2816
812 62.2816
813 62.2816
814 62.2816
815 62.2816
816 62.2816
817 62.2816
818 62.2816
819 62.2816
820 62.2816
821 62.2816
822 62.2816
823 62.2816
824 62.2816
825 62.2816
826 62.2816
827 62.2816
828 62.2816
829 62.2816
830 62.2816
831 62.2816
832 62.2816
833 62.2816
834 62.2816
835 62.2816
836 62.2816
837 62.2816
838 62.2816
839 62.2816
840 62.2816
841 62.2816
842 62.2816
843 62.2816
844 62.2816
845 62.2816
846 62.2816
847 62.2816
848 62.2816
849 62.2816
850 62.2816
851 61.977
852 61.977
853 61.977
854 61.977
855 61.977
856 61.977
857 61.977
858 61.977
859 61.977
860 61.977
861 61.977
862 61.977
863 61.977
864 61.977
865 61.977
866 61.977
867 61.977
868 61.977
869 61.977
870 61.977
871 61.977
872 61.977
873 61.977
874 61.977
875 61.977
876 61.977
877 61.977
878 61.977
879 61.977
880 61.977
881 61.977
882 61.977
883 61.977
884 61.977
885 61.977
886 61.977
887 61.977
888 61.977
889 61.977
890 61.977
891 61.977
892 61.977
893 61.977
894 61.977
895 61.977
896 61.977
897 61.977
898 61.977
899 61.977
900 61.977
901 60.8859
902 60.8859
903 60.8859
904 60.8859
905 60.8859
906 60.8859
907 60.8859
908 60.8859
909 60.8859
910 60.8859
911 60.8859
912 60.8859
913 60.8859
914 60.8859
915 60.8859
916 60.8859
917 60.8859
918 60.8859
919 60.8859
920 60.8859
921 60.8859
922 60.8859
923 60.8859
924 60.8859
925 60.8859
926 60.8859
927 60.8859
928 60.8859
929 60.1962
930 60.1962
931 60.1962
932 60.1962
933 60.1962
934 60.1962
935 60.1962
936 60.1962
937 60.1962
938 60.1962
939 60.1962
940 60.1962
941 60.1962
942 60.1962
943 60.1962
944 60.1962
945 60.1962
946 60.1962
947 60.1962
948 60.1962
949 60.1962
950 60.1962
951 60.1962
952 60.1962
953 60.1962
954 60.1962
955 60.1962
956 60.1962
957 60.1962
958 60.1962
959 60.1962
960 60.1962
961 60.1962
962 60.1962
963 60.1962
964 60.1962
965 60.1962
966 60.1962
967 60.1962
968 60.1962
969 60.1962
970 60.1962
971 60.1962
972 60.1962
973 60.1962
974 60.1962
975 60.1962
976 60.1962
977 60.1962
978 60.1962
979 60.1962
980 60.1962
981 60.1962
982 60.1962
983 60.1962
984 60.1962
985 60.1962
986 60.1962
987 60.1962
988 60.1962
989 60.1962
990 60.1962
991 60.1962
992 60.1962
993 60.1962
994 60.1962
995 60.1962
996 60.1962
997 59.8757
998 59.8757
999 59.8757
1000 59.8757
1001 59.8757
1002 59.8757
1003 59.8757
1004 59.8757
1005 59.8757
1006 59.8757
1007 59.8757
1008 59.8757
1009 59.8757
1010 59.8757
1011 59.8757
1012 59.8757
1013 59.8757
1014 59.8757
1015 59.8757
1016 59.8757
1017 59.8757
1018 59.8757
1019 59.8757
1020 59.8757
1021 59.8757
1022 59.8757
1023 59.8757
1024 59.8757
1025 59.8757
1026 59.8757
1027 59.8757
1028 59.8757
1029 59.8757
1030 59.8757
1031 59.8757
1032 59.8757
1033 59.8757
1034 59.8757
1035 59.8757
1036 59.8757
1037 59.8757
1038 59.8757
1039 59.8757
1040 59.8757
1041 59.8757
1042 59.8757
1043 59.8757
1044 59.8757
1045 59.8757
1046 59.8757
1047 59.8757
1048 59.8757
1049 59.8757
1050 59.8757
1051 59.8757
1052 59.8757
1053 59.8757
1054 59.8757
1055 59.8757
1056 59.8757
1057 59.8757
1058 59.8757
1059 59.8757
1060 59.8757
1061 59.8757
1062 59.8757
1063 59.8757
1064 59.8757
1065 59.8757
1066 59.8757
1067 59.8757
1068 59.8757
1069 59.8757
1070 59.8757
1071 59.8757
1072 59.8757
1073 59.8757
1074 59.8757
1075 59.8757
1076 59.8757
1077 59.8757
1078 59.8757
1079 59.8757
1080 59.8757
1081 59.8757
1082 59.8757
1083 59.8757
1084 59.8757
1085 59.8757
1086 59.8757
1087 59.8757
1088 59.8757
1089 59.8757
1090 59.8757
1091 59.8757
1092 59.8757
1093 59.8757
1094 59.8757
1095 59.8757
1096 59.8757
1097 59.8757
1098 59.8757
1099 59.8757
1100 59.8757
1101 59.6434
1102 59.6434
1103 59.6434
1104 59.6434
1105 59.6434
1106 59.6434
1107 59.6434
1108 59.6434
1109 59.6434
1110 59.6434
1111 59.6434
1112 59.6434
1113 59.6434
1114 59.6434
1115 59.6434
1116 59.6434
1117 59.6434
1118 59.6434
1119 59.6434
1120 59.6434
1121 59.6434
1122 59.6434
1123 59.6434
1124 59.6434
1125 59.6434
1126 59.6434
1127 59.6434
1128 59.6434
1129 59.6434
1130 59.6434
1131 59.6434
1132 59.6434
1133 59.6434
1134 59.6434
1135 59.6434
1136 59.6434
1137 59.6434
1138 59.6434
1139 59.6434
1140 59.6434
1141 59.6434
1142 59.6434
1143 59.6434
1144 59.6434
1145 59.6434
1146 59.3058
1147 59.3058
1148 59.3058
1149 59.3058
1150 59.3058
1151 59.3058
1152 59.3058
1153 59.3058
1154 59.3058
1155 59.3058
1156 59.3058
1157 59.3058
1158 59.3058
1159 59.3058
1160 59.3058
1161 59.3058
1162 59.3058
1163 59.3058
1164 59.3058
1165 59.3058
1166 59.3058
1167 59.3058
1168 59.3058
1169 59.3058
1170 59.3058
1171 59.3058
1172 59.3058
1173 59.3058
1174 59.3058
1175 59.3058
1176 59.3058
1177 59.3058
1178 59.3058
1179 59.3058
1180 59.3058
1181 59.3058
1182 59.3058
1183 59.3058
1184 59.3058
1185 59.3058
1186 59.3058
1187 59.3058
1188 59.3058
1189 59.3058
1190 59.3058
1191 59.3058
1192 59.3058
1193 59.3058
1194 59.3058
1195 59.3058
1196 59.3058
1197 59.3058
1198 59.3058
1199 59.3058
1200 59.3058
1201 59.1993
1202 59.1993
1203 59.1993
1204 59.1993
1205 59.1993
1206 59.1993
1207 59.1993
1208 59.1993
1209 59.1993
1210 59.1993
1211 59.1993
1212 59.1993
1213 59.1993
1214 59.1993
1215 59.1993
1216 59.1993
1217 59.1993
1218 59.1993
1219 59.1993
1220 59.1993
1221 59.1993
1222 59.1993
1223 59.1993
1224 59.1993
1225 59.1993
1226 59.1993
1227 59.1993
1228 59.1993
1229 59.1993
1230 59.1993
1231 59.1993
1232 59.1993
1233 59.1993
1234 59.1993
1235 59.1993
1236 59.1993
1237 59.1993
1238 59.1993
1239 59.1993
1240 59.1993
1241 59.1993
1242 59.1993
1243 59.1993
1244 59.1993
1245 59.1993
1246 59.1993
1247 59.1993
1248 59.1993
1249 59.1993
1250 59.1993
1251 59.1993
1252 59.1993
1253 59.1993
1254 59.1993
1255 59.1993
1256 59.1993
1257 59.1993
1258 59.1993
1259 59.1993
1260 59.1993
1261 59.1993
1262 59.1993
1263 59.1993
1264 59.1993
1265 59.1993
1266 59.1993
1267 59.1993
1268 59.1993
1269 59.1993
1270 59.1993
1271 59.1993
1272 59.1993
1273 59.1993
1274 59.1993
1275 59.1993
1276 59.1993
1277 59.1993
1278 59.1993
1279 59.1993
1280 59.1993
1281 59.1993
1282 59.1993
1283 59.1993
1284 59.1993
1285 59.1993
1286 59.1993
1287 59.1993
1288 59.1993
1289 59.1993
1290 59.1993
1291 59.1993
1292 59.1993
1293 59.1993
1294 59.1993
1295 59.1993
1296 59.1993
1297 59.1993
1298 59.1993
1299 59.1993
1300 59.1993
1301 59.1993
1302 59.1993
1303 59.1993
1304 59.1993
1305 59.1993
1306 59.1993
1307 59.1993
1308 59.1993
1309 59.1993
1310 59.1993
1311 59.1993
1312 59.1993
1313 59.1993
1314 59.1993
1315 59.1993
1316 59.1993
1317 59.1993
1318 59.1993
1319 59.1993
1320 59.1993
1321 59.1993
1322 59.1993
1323 59.1993
1324 59.1993
1325 59.1993
1326 59.1993
1327 59.1993
1328 59.1993
1329 59.1993
1330 59.1993
1331 59.1993
1332 59.1993
1333 59.1993
1334 59.1993
1335 59.1993
1336 59.1993
1337 59.1993
1338 59.1993
1339 59.1993
1340 59.1993
1341 59.1993
1342 59.1993
1343 59.1993
1344 59.1993
1345 59.1993
1346 59.1993
1347 59.1993
1348 59.1993
1349 59.1993
1350 59.1993
1351 59.1993
1352 59.1993
1353 59.1993
1354 59.1993
1355 59.1993
1356 59.1993
1357 59.1993
1358 59.1993
1359 59.1993
1360 59.1993
1361 59.1993
1362 59.1993
1363 59.1993
1364 59.1993
1365 59.1993
1366 59.1993
1367 59.1993
1368 59.1993
1369 59.1993
1370 59.1993
1371 59.1993
1372 59.1993
1373 59.1993
1374 59.1993
1375 59.1993
1376 59.1993
1377 59.1993
1378 59.1993
1379 59.1993
1380 59.1993
1381 59.1993
1382 59.1993
1383 59.1993
1384 59.1993
1385 59.1993
1386 59.1993
1387 59.1993
1388 59.1993
1389 59.1993
1390 59.1993
1391 59.1993
1392 59.1993
1393 59.1993
1394 59.1993
1395 59.1993
1396 59.1993
1397 59.1993
1398 59.1993
1399 59.1993
1400 59.1993
1401 59.1993
1402 59.1993
1403 59.1993
1404 59.1993
1405 59.1993
1406 59.1993
1407 59.1993
1408 59.1993
1409 59.1993
1410 59.1993
1411 59.1993
1412 59.1993
1413 59.1993
1414 59.1993
1415 59.1993
1416 59.1993
1417 59.1993
1418 59.1993
1419 59.1993
1420 58.6042
1421 58.6042
1422 58.6042
1423 58.6042
1424 58.6042
1425 58.6042
1426 58.6042
1427 58.6042
1428 58.6042
1429 58.6042
1430 58.6042
1431 58.6042
1432 58.6042
1433 58.6042
1434 58.3169
1435 58.3169
1436 58.3169
1437 58.3169
1438 58.3169
1439 58.3169
1440 58.3169
1441 58.3169
1442 58.3169
1443 58.3169
1444 58.3169
1445 58.3169
1446 58.3169
1447 58.3169
1448 58.3169
1449 58.3169
1450 58.3169
1451 58.3169
1452 58.3169
1453 58.3169
1454 58.3169
1455 58.3169
1456 58.3169
1457 58.3169
1458 58.3169
1459 58.3169
1460 58.3169
1461 58.3169
1462 58.3169
1463 58.3169
1464 58.3169
1465 58.3169
1466 58.3169
1467 58.3169
1468 58.3169
1469 58.3169
1470 58.3169
1471 58.3169
1472 58.3169
1473 58.3169
1474 58.3169
1475 58.3169
1476 58.3169
1477 58.3169
1478 58.3169
1479 58.3169
1480 58.3169
1481 58.3169
1482 58.3169
1483 58.3169
1484 58.3169
1485 58.3169
1486 58.3169
1487 58.3169
1488 58.3169
1489 58.3169
1490 58.3169
1491 58.3169
1492 58.3169
1493 58.3169
1494 58.3169
1495 58.3169
1496 58.3169
1497 58.3169
1498 58.3169
1499 58.3169
1500 58.3169
1501 58.3169
1502 58.3169
1503 58.3169
1504 58.3169
1505 58.3169
1506 58.3169
1507 58.3169
1508 58.3169
1509 58.3169
1510 58.3169
1511 58.3169
1512 58.3169
1513 58.3169
1514 58.3169
1515 58.3169
1516 58.3169
1517 58.3169
1518 58.3169
1519 58.3169
1520 58.3169
1521 58.3169
1522 58.3169
1523 58.3169
1524 58.3169
1525 58.3169
1526 58.3169
1527 58.3169
1528 58.3169
1529 58.3169
1530 58.3169
1531 58.3169
1532 57.5987
1533 57.5987
1534 57.5987
1535 57.5987
1536 57.5987
1537 57.5987
1538 57.5987
1539 57.5987
1540 57.5987
1541 57.5987
1542 57.5987
1543 57.5987
1544 57.5987
1545 57.5987
1546 57.5987
1547 57.5987
1548 57.5987
1549 57.5987
1550 57.5987
1551 57.5987
1552 57.5987
1553 57.5987
1554 57.5987
1555 57.5987
1556 57.5987
1557 57.5987
1558 57.5987
1559 57.5987
1560 57.5987
1561 57.5987
1562 57.5987
1563 57.5987
1564 57.5987
1565 57.5987
1566 57.5987
1567 57.5987
1568 57.5987
1569 57.5987
1570 57.5987
1571 57.5987
1572 57.5987
1573 57.5987
1574 57.5987
1575 57.5987
1576 57.5987
1577 57.5987
1578 57.5987
1579 57.5987
1580 57.5987
1581 57.5987
1582 57.5987
1583 57.5987
1584 57.5987
1585 57.5987
1586 57.5987
1587 57.5987
1588 57.5987
1589 57.5987
1590 57.5987
1591 57.5987
1592 57.5987
1593 57.5987
1594 57.5987
1595 57.5987
1596 57.5987
1597 57.5987
1598 57.5987
1599 57.5987
1600 57.5987
1601 57.5987
1602 57.5987
1603 57.5987
1604 57.5987
1605 57.5987
1606 57.5987
1607 57.5987
1608 57.5987
1609 57.5987
1610 57.5987
1611 57.5987
1612 57.5987
1613 57.5987
1614 57.5987
1615 57.5987
1616 57.5987
1617 57.5987
1618 57.5987
1619 57.5987
1620 57.5987
1621 57.5987
1622 57.5987
1623 57.5987
1624 57.5987
1625 57.5987
1626 57.5987
1627 57.5987
1628 57.5987
1629 57.5987
1630 57.5987
1631 57.5987
1632 57.5987
1633 57.5987
1634 57.5987
1635 57.5987
1636 57.5987
1637 57.5987
1638 57.5987
1639 57.5987
1640 57.5987
1641 57.5987
1642 57.5987
1643 57.5987
1644 57.5987
1645 57.5987
1646 57.5987
1647 57.5987
1648 57.5987
1649 57.5987
1650 57.5987
1651 57.5987
1652 57.5987
1653 57.5987
1654 57.5987
1655 57.5987
1656 57.5987
1657 57.5987
1658 57.5987
1659 57.5987
1660 57.5987
1661 57.5987
1662 57.5987
1663 57.5987
1664 57.5987
1665 57.5987
1666 57.5987
1667 57.5987
1668 57.5987
1669 57.5987
1670 57.5987
1671 57.5987
1672 57.5987
1673 57.5987
1674 57.5987
1675 57.5987
1676 57.5987
1677 57.5987
1678 57.5987
1679 57.5987
1680 57.5987
1681 57.5987
1682 57.5987
1683 57.5987
1684 57.5987
1685 57.5987
1686 57.5987
1687 57.5987
1688 57.5987
1689 57.5987
1690 57.5987
1691 57.5987
1692 57.5987
1693 57.5987
1694 57.5987
1695 57.5987
1696 57.5987
1697 57.5987
1698 57.5987
1699 57.5987
1700 57.5987
1701 57.5987
1702 57.5987
1703 57.5987
1704 57.5987
1705 57.5987
1706 57.5987
1707 57.5987
1708 57.5987
1709 57.5987
1710 57.5987
1711 57.5987
1712 57.5987
1713 57.5987
1714 57.5987
1715 57.5987
1716 57.5987
1717 57.5987
1718 57.5987
1719 57.5987
1720 57.5987
1721 57.5987
1722 57.5987
1723 57.5987
1724 57.5987
1725 57.5987
1726 57.5987
1727 57.5987
1728 57.5987
1729 57.5987
1730 57.5987
1731 57.5987
1732 57.5987
1733 57.5987
1734 57.5987
1735 57.5987
1736 57.5987
1737 57.5987
1738 57.5987
1739 57.5987
1740 57.5987
1741 57.5987
1742 57.5987
1743 57.5987
1744 57.5987
1745 57.5987
1746 57.5987
1747 57.5987
1748 57.5987
1749 57.5987
1750 57.5987
1751 57.5987
1752 57.5987
1753 57.5987
1754 57.5987
1755 57.5987
1756 57.5987
1757 57.5987
1758 57.5987
1759 57.5987
1760 57.5987
1761 57.5987
1762 57.5987
1763 57.5987
1764 57.5987
1765 57.5987
1766 57.5987
1767 57.5987
1768 57.5987
1769 57.5987
1770 57.5987
1771 57.5987
1772 57.5987
1773 57.5987
1774 57.5987
1775 57.5987
1776 57.5987
1777 57.5987
1778 57.5987
1779 57.5987
1780 57.5987
1781 57.5987
1782 57.5987
1783 57.5987
1784 57.5987
1785 57.5987
1786 57.5987
1787 57.5987
1788 57.5987
1789 57.5987
1790 57.5987
1791 57.5987
1792 57.5987
1793 57.5987
1794 57.5987
1795 57.5987
1796 57.5987
1797 57.5987
1798 57.5987
1799 57.5987
1800 57.5987
1801 57.5987
1802 57.5987
1803 57.5987
1804 57.5987
1805 57.5987
1806 57.5987
1807 57.5987
1808 57.5987
1809 57.5987
1810 57.5987
1811 57.5987
1812 57.5987
1813 57.5987
1814 57.5987
1815 57.5987
1816 57.5987
1817 57.5987
1818 57.5987
1819 57.5987
1820 57.5987
1821 57.5987
1822 57.5987
1823 57.5987
1824 57.5987
1825 57.5987
1826 57.5987
1827 57.5987
1828 57.5987
1829 57.5987
1830 57.5987
1831 57.5987
1832 57.5987
1833 57.5987
1834 57.5987
1835 57.5987
1836 57.5987
1837 57.5987
1838 57.5987
1839 57.5987
1840 57.5987
1841 57.5987
1842 57.5987
1843 57.5987
1844 57.5987
1845 57.5987
1846 57.5987
1847 57.5987
1848 57.5987
1849 57.5987
1850 57.5987
1851 57.5987
1852 57.5987
1853 57.5987
1854 57.5987
1855 57.5987
1856 57.5987
1857 57.5987
1858 57.5987
1859 57.5987
1860 57.5987
1861 57.5987
1862 57.5987
1863 57.5987
1864 57.5987
1865 57.5987
1866 57.5987
1867 57.5987
1868 57.5987
1869 57.5987
1870 57.5987
1871 57.5987
1872 57.5987
1873 57.5987
1874 57.5987
1875 57.5987
1876 57.5987
1877 57.5987
1878 57.5987
1879 57.5987
1880 57.5987
1881 57.5987
1882 57.5987
1883 57.5987
1884 57.5987
1885 57.5987
1886 57.5987
1887 57.5987
1888 57.5987
1889 57.5987
1890 57.5987
1891 57.5987
1892 57.5987
1893 57.5987
1894 57.5987
1895 57.5987
1896 57.5987
1897 57.5987
1898 57.5987
1899 57.5987
1900 57.5987
1901 57.5987
1902 57.5987
1903 57.5987
1904 57.5987
1905 57.5987
1906 57.5987
1907 57.5987
1908 57.5987
1909 57.5987
1910 57.5987
1911 57.5987
1912 57.5987
1913 57.5987
1914 57.5987
1915 57.5987
1916 57.5987
1917 57.5987
1918 57.5987
1919 57.5987
1920 57.5987
1921 57.5987
1922 57.5987
1923 57.5987
1924 57.5987
1925 57.5987
1926 57.5987
1927 57.5987
1928 57.5987
1929 57.5987
1930 57.5987
1931 57.5987
1932 57.5987
1933 57.5987
1934 57.5987
1935 57.5987
1936 57.5987
1937 57.5987
1938 57.5987
1939 57.5987
1940 57.5987
1941 57.5987
1942 57.5987
1943 57.5987
1944 57.5987
1945 57.5987
1946 57.5987
1947 57.5987
1948 57.5987
1949 57.5987
1950 57.5987
1951 57.5987
1952 57.5987
1953 57.5987
1954 57.5987
1955 57.5987
1956 57.5987
1957 57.5987
1958 57.5987
1959 57.5987
1960 57.5987
1961 57.5987
1962 57.5987
1963 57.5987
1964 57.5987
1965 57.5987
1966 57.5987
1967 57.5987
1968 57.5987
1969 57.5987
1970 57.5987
1971 57.5987
1972 57.5987
1973 57.5987
1974 57.5987
1975 57.5987
1976 57.5987
1977 57.5987
1978 57.5987
1979 57.5987
1980 57.5987
1981 57.5987
1982 57.5987
1983 57.5987
1984 57.5987
1985 57.5987
1986 57.5987
1987 57.5987
1988 57.5987
1989 57.5987
1990 57.5987
1991 57.5987
1992 57.5987
1993 57.5987
1994 57.5987
1995 57.5987
1996 57.5987
1997 57.5987
1998 57.5987
1999 57.5987
2000 57.5987
2001 57.4963
2002 57.4963
2003 57.4963
2004 57.4963
2005 57.4963
2006 57.4963
2007 57.4963
2008 57.4963
2009 57.4963
2010 57.4963
2011 57.4963
2012 57.4963
2013 57.4963
2014 57.4963
2015 57.4963
2016 57.4963
2017 57.4963
2018 57.4963
2019 57.4963
2020 57.4963
2021 57.4963
2022 57.4963
2023 57.4963
2024 57.4963
2025 57.4963
2026 57.4963
2027 57.4963
2028 57.4963
2029 57.4963
2030 57.4963
2031 57.4963
2032 57.4963
2033 57.4963
2034 57.4963
2035 57.4963
2036 57.4963
2037 57.4963
2038 57.4963
2039 57.4963
2040 57.4963
2041 57.4963
2042 57.4963
2043 57.4963
2044 57.4963
2045 57.4963
2046 57.4963
2047 57.4963
2048 57.4963
2049 57.4963
2050 57.4963
2051 57.4963
2052 57.4963
2053 57.4963
2054 57.4963
2055 57.4963
2056 57.4963
2057 57.4963
2058 57.4963
2059 57.4963
2060 57.4963
2061 57.4963
2062 57.4963
2063 57.4963
2064 57.4963
2065 57.4963
2066 57.4963
2067 57.4963
2068 57.4963
2069 57.4963
2070 57.4963
2071 57.4963
2072 57.4963
2073 57.4963
2074 57.4963
2075 57.4963
2076 57.4963
2077 57.4963
2078 57.4963
2079 57.4963
2080 57.4963
2081 57.4963
2082 57.4963
2083 57.4963
2084 57.4963
2085 57.4963
2086 57.4963
2087 57.4963
2088 57.4963
2089 57.4963
2090 57.4963
2091 57.4963
2092 57.4963
2093 57.4963
2094 57.4963
2095 57.4963
2096 57.4963
2097 57.4963
2098 57.4963
2099 57.4963
2100 57.4963
2101 57.4963
2102 57.4963
2103 57.4963
2104 57.4963
2105 57.4963
2106 57.4963
2107 57.4963
2108 57.4963
2109 57.4963
2110 57.4963
2111 57.4963
2112 57.4963
2113 57.4963
2114 57.4963
2115 57.4963
2116 57.4963
2117 57.4963
2118 57.4963
2119 57.4963
2120 57.4963
2121 57.4963
2122 57.4963
2123 57.4963
2124 57.4963
2125 57.4963
2126 57.4963
2127 57.4963
2128 57.4963
2129 57.4963
2130 57.4963
2131 57.4963
2132 57.4963
2133 57.4963
2134 57.4963
2135 57.4963
2136 57.4963
2137 57.4963
2138 57.4963
2139 57.4963
2140 57.4963
2141 57.4963
2142 57.4963
2143 57.4963
2144 57.4963
2145 57.4963
2146 57.4963
2147 57.4963
2148 57.4963
2149 57.4963
2150 57.4963
2151 57.4963
2152 57.4963
2153 57.4963
2154 57.4963
2155 57.4963
2156 57.4963
2157 57.4963
2158 57.4963
2159 57.4963
2160 57.4963
2161 57.4963
2162 57.4963
2163 57.4963
2164 57.4963
2165 57.4963
2166 57.4963
2167 57.4963
2168 57.4963
2169 57.4963
2170 57.4963
2171 57.4963
2172 57.4963
2173 57.4963
2174 57.4963
2175 57.4963
2176 57.4963
2177 57.4963
2178 57.4963
2179 57.4963
2180 57.4963
2181 57.4963
2182 57.4963
2183 57.4963
2184 57.4963
2185 57.4963
2186 57.4963
2187 57.4963
2188 57.4963
2189 57.4963
2190 57.4963
2191 57.4963
2192 57.4963
2193 57.4963
2194 57.4963
2195 57.4963
2196 57.4963
2197 57.4963
2198 57.4963
2199 57.4963
2200 57.4963
2201 57.4963
2202 57.4963
2203 57.4963
2204 57.4963
2205 57.4963
2206 57.4963
2207 57.4963
2208 57.4963
2209 57.4963
2210 57.4963
2211 57.4963
2212 57.4963
2213 57.4963
2214 57.4963
2215 57.4963
2216 57.4963
2217 57.4963
2218 57.4963
2219 57.4963
2220 57.4963
2221 57.4963
2222 57.4963
2223 57.4963
2224 57.4963
2225 57.4963
2226 57.4963
2227 57.4963
2228 57.4963
2229 57.4963
2230 57.4963
2231 57.4963
2232 57.4963
2233 57.4963
2234 57.4963
2235 57.4963
2236 57.4963
2237 57.4963
2238 57.4963
2239 57.4963
2240 57.4963
2241 57.4963
2242 57.4963
2243 57.4963
2244 57.4963
2245 57.4963
2246 57.4963
2247 57.4963
2248 57.4963
2249 57.4963
2250 57.4963
2251 57.4963
2252 57.4963
2253 57.4963
2254 57.4963
2255 57.4963
2256 57.4963
2257 57.4963
2258 57.4963
2259 57.4963
2260 57.4963
2261 57.4963
2262 57.4963
2263 57.4963
2264 57.4963
2265 57.4963
2266 57.4963
2267 57.4963
2268 57.4963
2269 57.4963
2270 57.4963
2271 57.4963
2272 57.4963
2273 57.4963
2274 57.4963
2275 57.4963
2276 57.4963
2277 57.4963
2278 57.4963
2279 57.4963
2280 57.4963
2281 57.4963
2282 57.4963
2283 57.4963
2284 57.4963
2285 57.4963
2286 57.4963
2287 57.4963
2288 57.4963
2289 57.4963
2290 57.4963
2291 57.4963
2292 57.4963
2293 57.4963
2294 57.4963
2295 57.4963
2296 57.4963
2297 57.4963
2298 57.4963
2299 57.4963
2300 57.4963
2301 57.4963
2302 57.4963
2303 57.4963
2304 57.4963
2305 57.4963
2306 57.4963
2307 57.4963
2308 57.4963
2309 57.4963
2310 57.4963
2311 57.4963
2312 57.4963
2313 57.4963
2314 57.4963
2315 57.4963
2316 57.4963
2317 57.4963
2318 57.4963
2319 57.4963
2320 57.4963
2321 57.4963
2322 57.4963
2323 57.4963
2324 57.4963
2325 57.4963
2326 57.4963
2327 57.4963
2328 57.4963
2329 57.4963
2330 57.4963
2331 57.4963
2332 57.4963
2333 57.4963
2334 57.4963
2335 57.4963
2336 57.4963
2337 57.4963
2338 57.4963
2339 57.4963
2340 57.4963
2341 57.4963
2342 57.4963
2343 57.4963
2344 57.4963
2345 57.4963
2346 57.4963
2347 57.4963
2348 57.4963
2349 57.4963
2350 57.4963
2351 57.4963
2352 57.4963
2353 57.4963
2354 57.4963
2355 57.4963
2356 57.4963
2357 57.4963
2358 57.4963
2359 57.4963
2360 57.4963
2361 57.4963
2362 57.4963
2363 57.4963
2364 57.4963
2365 57.4963
2366 57.4963
2367 57.4963
2368 57.4963
2369 57.4963
2370 57.4963
2371 57.4963
2372 57.4963
2373 57.4963
2374 57.4963
2375 57.4963
2376 57.4963
2377 57.4963
2378 57.4963
2379 57.4963
2380 57.4963
2381 57.4963
2382 57.4963
2383 57.4963
2384 57.4963
2385 57.4963
2386 57.4963
2387 57.4963
2388 57.4963
2389 57.4963
2390 57.4963
2391 57.4963
2392 57.4963
2393 57.4963
2394 57.4963
2395 57.4963
2396 57.4963
2397 57.4963
2398 57.4963
2399 57.4963
2400 57.4963
2401 57.4963
2402 57.4963
2403 57.4963
2404 57.4963
2405 57.4963
2406 57.4963
2407 57.4963
2408 57.4963
2409 57.4963
2410 57.4963
2411 57.4963
2412 57.4963
2413 57.4963
2414 57.4963
2415 57.4963
2416 57.4963
2417 57.4963
2418 57.4963
2419 57.4963
2420 57.4963
2421 57.4963
2422 57.4963
2423 57.4963
2424 57.4963
2425 57.4963
2426 57.4963
2427 57.4963
2428 57.4963
2429 57.4963
2430 57.4963
2431 57.4963
2432 57.4963
2433 57.4963
2434 57.4963
2435 57.4963
2436 57.4963
2437 57.4963
2438 57.4963
2439 57.4963
2440 57.4963
2441 57.4963
2442 57.4963
2443 57.4963
2444 57.4963
2445 57.4963
2446 57.4963
2447 57.4963
2448 57.4963
2449 57.4963
2450 57.4963
2451 57.4963
2452 57.4963
2453 57.4963
2454 57.4963
2455 57.4963
2456 57.4963
2457 57.4963
2458 57.4963
2459 57.4963
2460 57.4963
2461 57.4963
2462 57.4963
2463 57.4963
2464 57.4963
2465 57.4963
2466 57.4963
2467 57.4963
2468 57.4963
2469 57.4963
2470 57.4963
2471 57.4963
2472 57.4963
2473 57.4963
2474 57.4963
2475 57.4963
2476 57.4963
2477 57.4963
2478 57.4963
2479 57.4963
2480 57.4963
2481 57.4963
2482 57.4963
2483 57.4963
2484 57.4963
2485 57.4963
2486 57.4963
2487 57.4963
2488 57.4963
2489 57.4963
2490 57.4963
2491 57.4963
2492 57.4963
2493 57.4963
2494 57.4963
2495 57.4963
2496 57.4963
2497 57.4963
2498 57.4963
2499 57.4963
2500 57.4963
2501 57.4963
2502 57.4963
2503 57.4963
2504 57.4963
2505 57.4963
2506 57.4963
2507 57.4963
2508 57.4963
2509 57.4963
2510 57.4963
2511 57.4963
2512 57.4963
2513 57.4963
2514 57.4963
2515 57.4963
2516 57.4963
2517 57.4963
2518 57.4963
2519 57.4963
2520 57.4963
2521 57.4963
2522 57.4963
2523 57.4963
2524 57.4963
2525 57.4963
2526 57.4963
2527 57.4963
2528 57.4963
2529 57.4963
2530 57.4963
2531 57.4963
2532 57.4963
2533 57.4963
2534 57.4963
2535 57.4963
2536 57.4963
2537 57.4963
2538 57.4963
2539 57.4963
2540 57.4963
2541 57.4963
2542 57.4963
2543 57.4963
2544 57.4963
2545 57.4963
2546 57.4963
2547 57.4963
2548 57.4963
2549 57.4963
2550 57.4963
2551 57.3125
2552 57.3125
2553 57.3125
2554 57.3125
2555 57.3125
2556 57.3125
2557 57.3125
2558 57.3125
2559 57.3125
2560 57.3125
2561 57.3125
2562 57.3125
2563 57.3125
2564 57.3125
2565 57.3125
2566 57.3125
2567 57.3125
2568 57.3125
2569 57.3125
2570 57.3125
2571 57.3125
2572 57.3125
2573 57.3125
2574 57.3125
2575 57.3125
2576 57.3125
2577 57.3125
2578 57.3125
2579 57.3125
2580 57.3125
2581 57.3125
2582 57.3125
2583 57.3125
2584 57.3125
2585 57.3125
2586 57.3125
2587 57.3125
2588 57.3125
2589 57.3125
2590 57.3125
2591 57.3125
2592 57.3125
2593 57.3125
2594 57.3125
2595 57.3125
2596 57.3125
2597 57.3125
2598 57.3125
2599 57.3125
2600 57.3125
2601 57.3125
2602 57.3125
2603 57.3125
2604 57.3125
2605 57.3125
2606 57.3125
2607 57.3125
2608 57.3125
2609 57.3125
2610 57.3125
2611 57.3125
2612 57.3125
2613 57.3125
2614 57.3125
2615 57.3125
2616 57.3125
2617 57.3125
2618 57.3125
2619 57.3125
2620 57.3125
2621 57.3125
2622 57.3125
2623 57.3125
2624 57.3125
2625 57.3125
2626 57.3125
2627 57.3125
2628 57.3125
2629 57.3125
2630 57.3125
2631 57.3125
2632 57.3125
2633 57.3125
2634 57.3125
2635 57.3125
2636 57.3125
2637 57.3125
2638 57.3125
2639 57.3125
2640 57.3125
2641 57.3125
2642 57.3125
2643 57.3125
2644 57.3125
2645 57.3125
2646 57.3125
2647 57.3125
2648 57.3125
2649 57.3125
2650 57.3125
2651 57.3125
2652 57.3125
2653 57.3125
2654 57.3125
2655 57.3125
2656 57.3125
2657 57.3125
2658 57.3125
2659 57.3125
2660 57.3125
2661 57.3125
2662 57.3125
2663 57.3125
2664 57.3125
2665 57.3125
2666 57.3125
2667 57.3125
2668 57.3125
2669 57.3125
2670 57.3125
2671 57.3125
2672 57.3125
2673 57.3125
2674 57.3125
2675 57.3125
2676 57.3125
2677 57.3125
2678 57.3125
2679 57.3125
2680 57.3125
2681 57.3125
2682 57.3125
2683 57.3125
2684 57.3125
2685 57.3125
2686 57.3125
2687 57.3125
2688 57.3125
2689 57.3125
2690 57.3125
2691 57.3125
2692 57.3125
2693 57.3125
2694 57.3125
2695 57.3125
2696 57.3125
2697 57.3125
2698 57.3125
2699 57.3125
2700 57.3125
2701 57.3125
2702 57.3125
2703 57.3125
2704 57.3125
2705 57.3125
2706 57.3125
2707 57.3125
2708 57.3125
2709 57.3125
2710 57.3125
2711 57.3125
2712 57.3125
2713 57.3125
2714 57.3125
2715 57.3125
2716 57.3125
2717 57.3125
2718 57.3125
2719 57.3125
2720 57.3125
2721 57.3125
2722 57.3125
2723 57.3125
2724 57.3125
2725 57.3125
2726 57.3125
2727 57.3125
2728 57.3125
2729 57.3125
2730 57.3125
2731 57.3125
2732 57.3125
2733 57.3125
2734 57.3125
2735 57.3125
2736 57.3125
2737 57.3125
2738 57.3125
2739 57.3125
2740 57.3125
2741 57.3125
2742 57.3125
2743 57.3125
2744 57.3125
2745 57.3125
2746 57.3125
2747 57.3125
2748 57.3125
2749 57.3125
2750 57.3125
2751 57.3125
2752 57.3125
2753 57.3125
2754 57.3125
2755 57.3125
2756 57.3125
2757 57.3125
2758 57.3125
2759 57.3125
2760 57.3125
2761 57.3125
2762 57.3125
2763 57.3125
2764 57.3125
2765 57.3125
2766 57.3125
2767 57.3125
2768 57.3125
2769 57.3125
2770 57.3125
2771 57.3125
2772 57.3125
2773 57.3125
2774 57.3125
2775 57.3125
2776 57.3125
2777 57.3125
2778 57.3125
2779 57.3125
2780 57.3125
2781 57.3125
2782 57.3125
2783 57.3125
2784 57.3125
2785 57.3125
2786 57.3125
2787 57.3125
2788 57.3125
2789 57.3125
2790 57.3125
2791 57.3125
2792 57.3125
2793 57.3125
2794 57.3125
2795 57.3125
2796 57.3125
2797 57.3125
2798 57.3125
2799 57.3125
2800 57.3125
2801 57.3125
2802 57.3125
2803 57.3125
2804 57.3125
2805 57.3125
2806 57.3125
2807 57.3125
2808 57.3125
2809 57.3125
2810 57.3125
2811 57.3125
2812 57.3125
2813 57.3125
2814 57.3125
2815 57.3125
2816 57.3125
2817 57.3125
2818 57.3125
2819 57.3125
2820 57.3125
2821 57.3125
2822 57.3125
2823 57.3125
2824 57.3125
2825 57.3125
2826 57.3125
2827 57.3125
2828 57.3125
2829 57.3125
2830 57.3125
2831 57.3125
2832 57.3125
2833 57.3125
2834 57.3125
2835 57.3125
2836 57.3125
2837 57.3125
2838 57.3125
2839 57.3125
2840 57.3125
2841 57.3125
2842 57.3125
2843 57.3125
2844 57.3125
2845 57.3125
2846 57.3125
2847 57.3125
2848 57.3125
2849 57.3125
2850 57.3125
2851 57.3125
2852 57.3125
2853 57.3125
2854 57.3125
2855 57.3125
2856 57.3125
2857 57.3125
2858 57.3125
2859 57.3125
2860 57.3125
2861 57.3125
2862 57.3125
2863 57.3125
2864 57.3125
2865 57.3125
2866 57.3125
2867 57.3125
2868 57.3125
2869 57.3125
2870 57.3125
2871 57.3125
2872 57.3125
2873 57.3125
2874 57.3125
2875 57.3125
2876 57.3125
2877 57.3125
2878 57.3125
2879 57.3125
2880 57.3125
2881 57.3125
2882 57.3125
2883 57.3125
2884 57.3125
2885 57.3125
2886 57.3125
2887 57.3125
2888 57.3125
2889 57.3125
2890 57.3125
2891 57.3125
2892 57.3125
2893 57.3125
2894 57.3125
2895 57.3125
2896 57.3125
2897 57.3125
2898 57.3125
2899 57.3125
2900 57.3125
2901 57.3125
2902 57.3125
2903 57.3125
2904 57.3125
2905 57.3125
2906 57.3125
2907 57.3125
2908 57.3125
2909 57.3125
2910 57.3125
2911 57.3125
2912 57.3125
2913 57.3125
2914 57.3125
2915 57.3125
2916 57.3125
2917 57.3125
2918 57.3125
2919 57.3125
2920 57.3125
2921 57.3125
2922 57.3125
2923 57.3125
2924 57.3125
2925 57.3125
2926 57.3125
2927 57.3125
2928 57.3125
2929 57.3125
2930 57.3125
2931 57.3125
2932 57.3125
2933 57.3125
2934 57.3125
2935 57.3125
2936 57.3125
2937 57.3125
2938 57.3125
2939 57.3125
2940 57.3125
2941 57.3125
2942 57.3125
2943 57.3125
2944 57.3125
2945 57.3125
2946 57.3125
2947 57.3125
2948 57.3125
2949 57.3125
2950 57.3125
2951 57.3125
2952 57.3125
2953 57.3125
2954 57.3125
2955 57.3125
2956 57.3125
2957 57.3125
2958 57.3125
2959 57.3125
2960 57.3125
2961 57.3125
2962 57.3125
2963 57.3125
2964 57.3125
2965 57.3125
2966 57.3125
2967 57.3125
2968 57.3125
2969 57.3125
2970 57.3125
2971 57.3125
2972 57.3125
2973 57.3125
2974 57.3125
2975 57.3125
2976 57.3125
2977 57.3125
2978 57.3125
2979 57.3125
2980 57.3125
2981 57.3125
2982 57.3125
2983 57.3125
2984 57.3125
2985 57.3125
2986 57.3125
2987 57.3125
2988 57.3125
2989 57.3125
2990 57.3125
2991 57.3125
2992 57.3125
2993 57.3125
2994 57.3125
2995 57.3125
2996 57.3125
2997 57.3125
2998 57.3125
2999 57.3125
3000 57.3125
3001 57.3125
3002 57.3125
3003 57.3125
3004 57.3125
3005 57.3125
3006 57.3125
3007 57.3125
3008 57.3125
3009 57.3125
3010 57.3125
3011 57.3125
3012 57.3125
3013 57.3125
3014 57.3125
3015 57.3125
3016 57.3125
3017 57.3125
3018 57.3125
3019 57.3125
3020 57.3125
3021 57.3125
3022 57.3125
3023 57.3125
3024 57.3125
3025 57.3125
3026 57.3125
3027 57.3125
3028 57.3125
3029 57.3125
3030 57.3125
3031 57.3125
3032 57.3125
3033 57.3125
3034 57.3125
3035 57.3125
3036 57.3125
3037 57.3125
3038 57.3125
3039 57.3125
3040 57.3125
3041 57.3125
3042 57.3125
3043 57.3125
3044 57.3125
3045 57.3125
3046 57.3125
3047 57.3125
3048 57.3125
3049 57.3125
3050 57.3125
3051 57.3125
3052 57.3125
3053 57.3125
3054 57.3125
3055 57.3125
3056 57.3125
3057 57.3125
3058 57.3125
3059 57.3125
3060 57.3125
3061 57.3125
3062 57.3125
3063 57.3125
3064 57.3125
3065 57.3125
3066 57.3125
3067 57.3125
3068 57.3125
3069 57.3125
3070 57.3125
3071 57.3125
3072 57.3125
3073 57.3125
3074 57.3125
3075 57.3125
3076 57.3125
3077 57.3125
3078 57.3125
3079 57.3125
3080 57.3125
3081 57.3125
3082 57.3125
3083 57.3125
3084 57.3125
3085 57.3125
3086 57.3125
3087 57.3125
3088 57.3125
3089 57.3125
3090 57.3125
3091 57.3125
3092 57.3125
3093 57.3125
3094 57.3125
3095 57.3125
3096 57.3125
3097 57.3125
3098 57.3125
3099 57.3125
3100 57.3125
3101 57.3125
3102 57.3125
3103 57.3125
3104 57.3125
3105 57.3125
3106 57.3125
3107 57.3125
3108 57.3125
3109 57.3125
3110 57.3125
3111 57.3125
3112 57.3125
3113 57.3125
3114 57.3125
3115 57.3125
3116 57.3125
3117 57.3125
3118 57.3125
3119 57.3125
3120 57.3125
3121 57.3125
3122 57.3125
3123 57.3125
3124 57.3125
3125 57.3125
3126 57.3125
3127 57.3125
3128 57.3125
3129 57.3125
3130 57.3125
3131 57.3125
3132 57.3125
3133 57.3125
3134 57.3125
3135 57.3125
3136 57.3125
3137 57.3125
3138 57.3125
3139 57.3125
3140 57.3125
3141 57.3125
3142 57.3125
3143 57.3125
3144 57.3125
3145 57.3125
3146 57.3125
3147 57.3125
3148 57.3125
3149 57.3125
3150 57.3125
3151 57.3125
3152 57.3125
3153 57.3125
3154 57.3125
3155 57.3125
3156 57.3125
3157 57.3125
3158 57.3125
3159 57.3125
3160 57.3125
3161 57.3125
3162 57.3125
3163 57.3125
3164 57.3125
3165 57.3125
3166 57.3125
3167 57.3125
3168 57.3125
3169 57.3125
3170 57.3125
3171 57.3125
3172 57.3125
3173 57.3125
3174 57.3125
3175 57.3125
3176 57.3125
3177 57.3125
3178 57.3125
3179 57.3125
3180 57.3125
3181 57.3125
3182 57.3125
3183 57.3125
3184 57.3125
3185 57.3125
3186 57.3125
3187 57.3125
3188 57.3125
3189 57.3125
3190 57.3125
3191 57.3125
3192 57.3125
3193 57.3125
3194 57.3125
3195 57.3125
3196 57.3125
3197 57.3125
3198 57.3125
3199 57.3125
3200 57.3125
3201 57.3125
3202 57.3125
3203 57.3125
3204 57.3125
3205 57.3125
3206 57.3125
3207 57.3125
3208 57.3125
3209 57.3125
3210 57.3125
3211 57.3125
3212 57.3125
3213 57.3125
3214 57.3125
3215 57.3125
3216 57.3125
3217 57.3125
3218 57.3125
3219 57.3125
3220 57.3125
3221 57.3125
3222 57.3125
3223 57.3125
3224 57.3125
3225 57.3125
3226 57.3125
3227 57.3125
3228 57.3125
3229 57.3125
3230 57.3125
3231 57.3125
3232 57.3125
3233 57.3125
3234 57.3125
3235 57.3125
3236 57.3125
3237 57.3125
3238 57.3125
3239 57.3125
3240 57.3125
3241 57.3125
3242 57.3125
3243 57.3125
3244 57.3125
3245 57.3125
3246 57.3125
3247 57.3125
3248 57.3125
3249 57.3125
3250 57.3125
3251 57.3125
3252 57.3125
3253 57.3125
3254 57.3125
3255 57.3125
3256 57.3125
3257 57.3125
3258 57.3125
3259 57.3125
3260 57.3125
3261 57.3125
3262 57.3125
3263 57.3125
3264 57.3125
3265 57.3125
3266 57.3125
3267 57.3125
3268 57.3125
3269 57.3125
3270 57.3125
3271 57.3125
3272 57.3125
3273 57.3125
3274 57.3125
3275 57.3125
3276 57.3125
3277 57.3125
3278 57.3125
3279 57.3125
3280 57.3125
3281 57.3125
3282 57.3125
3283 57.3125
3284 57.3125
3285 57.3125
3286 57.3125
3287 57.3125
3288 57.3125
3289 57.3125
3290 57.3125
3291 57.3125
3292 57.3125
3293 57.3125
3294 57.3125
3295 57.3125
3296 57.3125
3297 57.3125
3298 57.3125
3299 57.3125
3300 57.3125
3301 57.3125
3302 57.3125
3303 57.3125
3304 57.3125
3305 57.3125
3306 57.3125
3307 57.3125
3308 57.3125
3309 57.3125
3310 57.3125
3311 57.3125
3312 57.3125
3313 57.3125
3314 57.3125
3315 57.3125
3316 57.3125
3317 57.3125
3318 57.3125
3319 57.3125
3320 57.3125
3321 57.3125
3322 57.3125
3323 57.3125
3324 57.3125
3325 57.3125
3326 57.3125
3327 57.3125
3328 57.3125
3329 57.3125
3330 57.3125
3331 57.3125
3332 57.3125
3333 57.3125
3334 57.3125
3335 57.3125
3336 57.3125
3337 57.3125
3338 57.3125
3339 57.3125
3340 57.3125
3341 57.3125
3342 57.3125
3343 57.3125
3344 57.3125
3345 57.3125
3346 57.3125
3347 57.3125
3348 57.3125
3349 57.3125
3350 57.3125
3351 57.3125
3352 57.3125
3353 57.3125
3354 57.3125
3355 57.3125
3356 57.3125
3357 57.3125
3358 57.3125
3359 57.3125
3360 57.3125
3361 57.3125
3362 57.3125
3363 57.3125
3364 57.3125
3365 57.3125
3366 57.3125
3367 57.3125
3368 57.3125
3369 57.3125
3370 57.3125
3371 57.3125
3372 57.3125
3373 57.3125
3374 57.3125
3375 57.3125
3376 57.3125
3377 57.3125
3378 57.3125
3379 57.3125
3380 57.3125
3381 57.3125
3382 57.3125
3383 57.3125
3384 57.3125
3385 57.3125
3386 57.3125
3387 57.3125
3388 57.3125
3389 57.3125
3390 57.3125
3391 57.3125
3392 57.3125
3393 57.3125
3394 57.3125
3395 57.3125
3396 57.3125
3397 57.3125
3398 57.3125
3399 57.3125
3400 57.3125
3401 57.3125
3402 57.3125
3403 57.3125
3404 57.3125
3405 57.3125
3406 57.3125
3407 57.3125
3408 57.3125
3409 57.3125
3410 57.3125
3411 57.3125
3412 57.3125
3413 57.3125
3414 57.3125
3415 57.3125
3416 57.3125
3417 57.3125
3418 57.3125
3419 57.3125
3420 57.3125
3421 57.3125
3422 57.3125
3423 57.3125
3424 57.3125
3425 57.3125
3426 57.3125
3427 57.3125
3428 57.3125
3429 57.3125
3430 57.3125
3431 57.3125
3432 57.3125
3433 57.3125
3434 57.3125
3435 57.3125
3436 57.3125
3437 57.3125
3438 57.3125
3439 57.3125
3440 57.3125
3441 57.3125
3442 57.3125
3443 57.3125
3444 57.3125
3445 57.3125
3446 57.3125
3447 57.3125
3448 57.3125
3449 57.3125
3450 57.3125
3451 57.3125
3452 57.3125
3453 57.3125
3454 57.3125
3455 57.3125
3456 57.3125
3457 57.3125
3458 57.3125
3459 57.3125
3460 57.3125
3461 57.3125
3462 57.3125
3463 57.3125
3464 57.3125
3465 57.3125
3466 57.3125
3467 57.3125
3468 57.3125
3469 57.3125
3470 57.3125
3471 57.3125
3472 57.3125
3473 57.3125
3474 57.3125
3475 57.3125
3476 57.3125
3477 57.3125
3478 57.3125
3479 57.3125
3480 57.3125
3481 57.3125
3482 57.3125
3483 57.3125
3484 57.3125
3485 57.3125
3486 57.3125
3487 57.3125
3488 57.3125
3489 57.3125
3490 57.3125
3491 57.3125
3492 57.3125
3493 57.3125
3494 57.3125
3495 57.3125
3496 57.3125
3497 57.3125
3498 57.3125
3499 57.3125
3500 57.3125
3501 57.3125
3502 57.3125
3503 57.3125
3504 57.3125
3505 57.3125
3506 57.3125
3507 57.3125
3508 57.3125
3509 57.3125
3510 57.3125
3511 57.3125
3512 57.3125
3513 57.3125
3514 57.3125
3515 57.3125
3516 57.3125
3517 57.3125
3518 57.3125
3519 57.3125
3520 57.3125
3521 57.3125
3522 57.3125
3523 57.3125
3524 57.3125
3525 57.3125
3526 57.3125
3527 57.3125
3528 57.3125
3529 57.3125
3530 57.3125
3531 57.3125
3532 57.3125
3533 57.3125
3534 57.3125
3535 57.3125
3536 57.3125
3537 57.3125
3538 57.3125
3539 57.3125
3540 57.3125
3541 57.3125
3542 57.3125
3543 57.3125
3544 57.3125
3545 57.3125
3546 57.3125
3547 57.3125
3548 57.3125
3549 57.3125
3550 57.3125
3551 57.3125
3552 57.3125
3553 57.3125
3554 57.3125
3555 57.3125
3556 57.3125
3557 57.3125
3558 57.3125
3559 57.3125
3560 57.3125
3561 57.3125
3562 57.3125
3563 57.3125
3564 57.3125
3565 57.3125
3566 57.3125
3567 57.3125
3568 57.3125
3569 57.3125
3570 57.3125
3571 57.3125
3572 57.3125
3573 57.3125
3574 57.3125
3575 57.3125
3576 57.3125
3577 57.3125
3578 57.3125
3579 57.3125
3580 57.3125
3581 57.3125
3582 57.3125
3583 57.3125
3584 57.3125
3585 57.3125
3586 57.3125
3587 57.3125
3588 57.3125
3589 57.3125
3590 57.3125
3591 57.3125
3592 57.3125
3593 57.3125
3594 57.3125
3595 57.3125
3596 57.3125
3597 57.3125
3598 57.3125
3599 57.3125
3600 57.3125
3601 57.3125
3602 57.3125
3603 57.3125
3604 57.3125
3605 57.3125
3606 57.3125
3607 57.3125
3608 57.3125
3609 57.3125
3610 57.3125
3611 57.3125
3612 57.3125
3613 57.3125
3614 57.3125
3615 57.3125
3616 57.3125
3617 57.3125
3618 57.3125
3619 57.3125
3620 57.3125
3621 57.3125
3622 57.3125
3623 57.3125
3624 57.3125
3625 57.3125
3626 57.3125
3627 57.3125
3628 57.3125
3629 57.3125
3630 57.3125
3631 57.3125
3632 57.3125
3633 57.3125
3634 57.3125
3635 57.3125
3636 57.3125
3637 57.3125
3638 57.3125
3639 57.3125
3640 57.3125
3641 57.3125
3642 57.3125
3643 57.3125
3644 57.3125
3645 57.3125
3646 57.3125
3647 57.3125
3648 57.3125
3649 57.3125
3650 57.3125
3651 57.3125
3652 57.3125
3653 57.3125
3654 57.3125
3655 57.3125
3656 57.3125
3657 57.3125
3658 57.3125
3659 57.3125
3660 57.3125
3661 57.3125
3662 57.3125
3663 57.3125
3664 57.3125
3665 57.3125
3666 57.3125
3667 57.3125
3668 57.3125
3669 57.3125
3670 57.3125
3671 57.3125
3672 57.3125
3673 57.3125
3674 57.3125
3675 57.3125
3676 57.3125
3677 57.2215
3678 57.2215
3679 57.2215
3680 57.2215
3681 57.2215
3682 57.2215
3683 57.2215
3684 57.2215
3685 57.2215
3686 57.2215
3687 57.2215
3688 57.2215
3689 57.2215
3690 57.2215
3691 57.2215
3692 57.2215
3693 57.2215
3694 57.2215
3695 57.2215
3696 57.2215
3697 57.2215
3698 57.2215
3699 57.2215
3700 57.2215
3701 57.2215
3702 57.2215
3703 57.2215
3704 57.2215
3705 57.2215
3706 57.2215
3707 57.2215
3708 57.2215
3709 57.2215
3710 57.2215
3711 57.2215
3712 57.2215
3713 57.2215
3714 57.2215
3715 57.2215
3716 57.2215
3717 57.2215
3718 57.2215
3719 57.2215
3720 57.2215
3721 57.2215
3722 57.2215
3723 57.2215
3724 57.2215
3725 57.2215
3726 57.2215
3727 57.2215
3728 57.2215
3729 57.2215
3730 57.2215
3731 57.2215
3732 57.2215
3733 57.2215
3734 57.2215
3735 57.2215
3736 57.2215
3737 57.2215
3738 57.2215
3739 57.2215
3740 57.2215
3741 57.2215
3742 57.2215
3743 57.2215
3744 57.2215
3745 57.2215
3746 57.2215
3747 57.2215
3748 57.2215
3749 57.0617
3750 57.0617
3751 57.0617
3752 57.0617
3753 57.0617
3754 57.0617
3755 57.0617
3756 57.0617
3757 57.0617
3758 57.0617
3759 57.0617
3760 57.0617
3761 57.0617
3762 57.0617
3763 57.0617
3764 57.0617
3765 57.0617
3766 57.0617
3767 57.0617
3768 57.0617
3769 57.0617
3770 57.0617
3771 57.0617
3772 57.0617
3773 57.0617
3774 57.0617
3775 57.0617
3776 57.0617
3777 57.0617
3778 57.0617
3779 57.0617
3780 57.0617
3781 57.0617
3782 57.0617
3783 57.0617
3784 57.0617
3785 57.0617
3786 57.0617
3787 57.0617
3788 57.0617
3789 57.0617
3790 57.0617
3791 57.0617
3792 57.0617
3793 57.0617
3794 57.0617
3795 57.0617
3796 57.0617
3797 57.0617
3798 57.0617
3799 57.0617
3800 57.0617
3801 57.0617
3802 57.0617
3803 57.0617
3804 57.0617
3805 57.0617
3806 57.0617
3807 57.0617
3808 57.0617
3809 57.0617
3810 57.0617
3811 57.0617
3812 57.0617
3813 57.0617
3814 57.0617
3815 57.0617
3816 57.0617
3817 57.0617
3818 57.0617
3819 57.0617
3820 57.0617
3821 57.0617
3822 57.0617
3823 57.0617
3824 57.0617
3825 57.0617
3826 57.0617
3827 57.0617
3828 57.0617
3829 57.0617
3830 57.0617
3831 57.0617
3832 57.0617
3833 57.0617
3834 57.0617
3835 57.0617
3836 57.0617
3837 57.0617
3838 57.0617
3839 57.0617
3840 57.0617
3841 57.0617
3842 57.0617
3843 57.0617
3844 57.0617
3845 57.0617
3846 57.0617
3847 57.0617
3848 57.0617
3849 57.0617
3850 57.0617
3851 57.0617
3852 57.0617
3853 57.0617
3854 57.0617
3855 57.0617
3856 57.0617
3857 57.0617
3858 57.0617
3859 57.0617
3860 57.0617
3861 57.0617
3862 57.0617
3863 57.0617
3864 57.0617
3865 57.0617
3866 57.0617
3867 57.0617
3868 57.0617
3869 57.0617
3870 57.0617
3871 57.0617
3872 57.0617
3873 57.0617
3874 57.0617
3875 57.0617
3876 57.0617
3877 57.0617
3878 57.0617
3879 57.0617
3880 57.0617
3881 57.0617
3882 57.0617
3883 57.0617
3884 57.0617
3885 57.0617
3886 57.0617
3887 57.0617
3888 57.0617
3889 57.0617
3890 57.0617
3891 57.0617
3892 57.0617
3893 57.0617
3894 57.0617
3895 57.0617
3896 57.0617
3897 57.0617
3898 57.0617
3899 57.0617
3900 57.0617
3901 57.0617
3902 57.0617
3903 57.0617
3904 57.0617
3905 57.0617
3906 57.0617
3907 57.0617
3908 57.0617
3909 57.0617
3910 57.0617
3911 57.0617
3912 57.0617
3913 57.0617
3914 57.0617
3915 57.0617
3916 57.0617
3917 57.0617
3918 57.0617
3919 57.0617
3920 57.0617
3921 57.0617
3922 57.0617
3923 57.0617
3924 57.0617
3925 57.0617
3926 57.0617
3927 57.0617
3928 57.0617
3929 57.0617
3930 57.0617
3931 57.0617
3932 57.0617
3933 57.0617
3934 57.0617
3935 57.0617
3936 57.0617
3937 57.0617
3938 57.0617
3939 57.0617
3940 57.0617
3941 57.0617
3942 57.0617
3943 57.0617
3944 57.0617
3945 57.0617
3946 57.0617
3947 57.0617
3948 57.0617
3949 57.0617
3950 57.0617
3951 57.0617
3952 57.0617
3953 57.0617
3954 57.0617
3955 57.0617
3956 57.0617
3957 57.0617
3958 57.0617
3959 57.0617
3960 57.0617
3961 57.0617
3962 57.0617
3963 57.0617
3964 57.0617
3965 57.0617
3966 57.0617
3967 57.0617
3968 57.0617
3969 57.0617
3970 57.0617
3971 57.0617
3972 57.0617
3973 57.0617
3974 57.0617
3975 57.0617
3976 57.0617
3977 57.0617
3978 57.0617
3979 57.0617
3980 57.0617
3981 57.0617
3982 57.0617
3983 57.0617
3984 57.0617
3985 57.0617
3986 57.0617
3987 57.0617
3988 57.0617
3989 57.0617
3990 57.0617
3991 57.0617
3992 57.0617
3993 57.0617
3994 57.0617
3995 57.0617
3996 57.0617
3997 57.0617
3998 57.0617
3999 57.0617
4000 57.0617
4001 56.7759
4002 56.7759
4003 56.7759
4004 56.7759
4005 56.7759
4006 56.7759
4007 56.7759
4008 56.7759
4009 56.7759
4010 56.7759
4011 56.7759
4012 56.7759
4013 56.7759
4014 56.7759
4015 56.7759
4016 56.7759
4017 56.7759
4018 56.7759
4019 56.7759
4020 56.7759
4021 56.7759
4022 56.7759
4023 56.7759
4024 56.7759
4025 56.7759
4026 56.7759
4027 56.7759
4028 56.7759
4029 56.7759
4030 56.7759
4031 56.7759
4032 56.7759
4033 56.7759
4034 56.7759
4035 56.7759
4036 56.7759
4037 56.7759
4038 56.7759
4039 56.7759
4040 56.7759
4041 56.7759
4042 56.7759
4043 56.7759
4044 56.7759
4045 56.7759
4046 56.7759
4047 56.7759
4048 56.7759
4049 56.7759
4050 56.7759
4051 56.7759
4052 56.7759
4053 56.7759
4054 56.7759
4055 56.7759
4056 56.7759
4057 56.7759
4058 56.7759
4059 56.7759
4060 56.7759
4061 56.7759
4062 56.7759
4063 56.7759
4064 56.7759
4065 56.7759
4066 56.7759
4067 56.7759
4068 56.7759
4069 56.7759
4070 56.7759
4071 56.7759
4072 56.7759
4073 56.7759
4074 56.7759
4075 56.7759
4076 56.7759
4077 56.7759
4078 56.7759
4079 56.7759
4080 56.7759
4081 56.7759
4082 56.7759
4083 56.7759
4084 56.7759
4085 56.7759
4086 56.7759
4087 56.7759
4088 56.7759
4089 56.7759
4090 56.7759
4091 56.7759
4092 56.7759
4093 56.7759
4094 56.7759
4095 56.7759
4096 56.7759
4097 56.7759
4098 56.7759
4099 56.7759
4100 56.7759
4101 56.7759
4102 56.7759
4103 56.7759
4104 56.7759
4105 56.7759
4106 56.7759
4107 56.7759
4108 56.7759
4109 56.7759
4110 56.7759
4111 56.7759
4112 56.7759
4113 56.7759
4114 56.7759
4115 56.7759
4116 56.7759
4117 56.7759
4118 56.7759
4119 56.7759
4120 56.7759
4121 56.7759
4122 56.7759
4123 56.7759
4124 56.7759
4125 56.7759
4126 56.7759
4127 56.7759
4128 56.7759
4129 56.7759
4130 56.7759
4131 56.7759
4132 56.7759
4133 56.7759
4134 56.7759
4135 56.7759
4136 56.7759
4137 56.7759
4138 56.7759
4139 56.7759
4140 56.7759
4141 56.7759
4142 56.7759
4143 56.7759
4144 56.7759
4145 56.7759
4146 56.7759
4147 56.7759
4148 56.7759
4149 56.7759
4150 56.7759
4151 56.3489
4152 56.3489
4153 56.3489
4154 56.3489
4155 56.3489
4156 56.3489
4157 56.3489
4158 56.3489
4159 56.3489
4160 56.3489
4161 56.3489
4162 56.3489
4163 56.3489
4164 56.3489
4165 56.3489
4166 56.3489
4167 56.3489
4168 56.3489
4169 56.3489
4170 56.3489
4171 56.3489
4172 56.3489
4173 56.3489
4174 56.3489
4175 56.3489
4176 56.3489
4177 56.3489
4178 56.3489
4179 56.3489
4180 56.3489
4181 56.3489
4182 56.3489
4183 56.3489
4184 56.3489
4185 56.3489
4186 56.3489
4187 56.3489
4188 56.3489
4189 56.3489
4190 56.3489
4191 56.3489
4192 56.3489
4193 56.3489
4194 56.3489
4195 56.3489
4196 56.3489
4197 56.3489
4198 56.3489
4199 56.3489
4200 56.3489
4201 56.3489
4202 56.3489
4203 56.3489
4204 56.3489
4205 56.3489
4206 56.3489
4207 56.3489
4208 56.3489
4209 56.3489
4210 56.3489
4211 56.3489
4212 56.3489
4213 56.3489
4214 56.3489
4215 56.3489
4216 56.3489
4217 56.3489
4218 56.3489
4219 56.3489
4220 56.3489
4221 56.3489
4222 56.3489
4223 56.3489
4224 56.3489
4225 56.3489
4226 56.3489
4227 56.3489
4228 56.3489
4229 56.3489
4230 56.3489
4231 56.3489
4232 56.3489
4233 56.3489
4234 56.3489
4235 56.3489
4236 56.3489
4237 56.3489
4238 56.3489
4239 56.3489
4240 56.3489
4241 56.3489
4242 56.3489
4243 56.3489
4244 56.3489
4245 56.3489
4246 56.3489
4247 56.3489
4248 56.3489
4249 56.3489
4250 56.3489
4251 55.3481
4252 55.3481
4253 55.3481
4254 55.3481
4255 55.3481
4256 55.3481
4257 55.3481
4258 55.3481
4259 55.3481
4260 55.3481
4261 55.3481
4262 55.3481
4263 55.3481
4264 55.3481
4265 55.3481
4266 55.3481
4267 55.3481
4268 55.3481
4269 55.3481
4270 55.3481
4271 55.3481
4272 55.3481
4273 55.3481
4274 55.3481
4275 55.3481
4276 55.3481
4277 55.3481
4278 55.3481
4279 55.3481
4280 55.3481
4281 55.3481
4282 55.3481
4283 55.3481
4284 55.3481
4285 55.3481
4286 55.3481
4287 55.3481
4288 55.3481
4289 55.3481
4290 55.3481
4291 55.3481
4292 55.3481
4293 55.3481
4294 55.3481
4295 55.3481
4296 55.3481
4297 55.3481
4298 55.3481
4299 55.3481
4300 55.3481
4301 55.3481
4302 55.3481
4303 55.3481
4304 55.3481
4305 55.3481
4306 55.3481
4307 55.3481
4308 55.3481
4309 55.3481
4310 55.3481
4311 55.3481
4312 55.3481
4313 55.3481
4314 55.3481
4315 55.3481
4316 55.3481
4317 55.3481
4318 55.3481
4319 55.3481
4320 55.3481
4321 55.3481
4322 55.3481
4323 55.3481
4324 55.3481
4325 55.3481
4326 55.3481
4327 55.3481
4328 55.3481
4329 55.3481
4330 55.3481
4331 55.3481
4332 55.3481
4333 55.3481
4334 55.3481
4335 55.3481
4336 55.3481
4337 55.3481
4338 55.3481
4339 55.3481
4340 55.3481
4341 55.3481
4342 55.3481
4343 55.3481
4344 55.3481
4345 55.3481
4346 55.3481
4347 55.3481
4348 55.3481
4349 55.3481
4350 55.3481
4351 54.6288
4352 54.6288
4353 54.6288
4354 54.6288
4355 54.6288
4356 54.6288
4357 54.6288
4358 54.6288
4359 54.6288
4360 54.6288
4361 54.6288
4362 54.6288
4363 54.6288
4364 54.6288
4365 54.6288
4366 54.6288
4367 54.6288
4368 54.6288
4369 54.6288
4370 54.6288
4371 54.6288
4372 54.6288
4373 54.6288
4374 54.6288
4375 54.6288
4376 54.6288
4377 54.6288
4378 54.6288
4379 54.6288
4380 54.6288
4381 54.6288
4382 54.6288
4383 54.6288
4384 54.6288
4385 54.6288
4386 54.6288
4387 54.6288
4388 54.6288
4389 54.6288
4390 54.6288
4391 54.6288
4392 54.6288
4393 54.6288
4394 54.6288
4395 54.6288
4396 54.6288
4397 54.6288
4398 54.6288
4399 54.6288
4400 54.6288
4401 54.6288
4402 54.6288
4403 54.6288
4404 54.6288
4405 54.6288
4406 54.6288
4407 54.6288
4408 54.6288
4409 54.6288
4410 54.6288
4411 54.6288
4412 54.6288
4413 54.6288
4414 54.6288
4415 54.6288
4416 54.6288
4417 54.6288
4418 54.6288
4419 54.6288
4420 54.6288
4421 54.6288
4422 54.6288
4423 54.6288
4424 54.6288
4425 54.6288
4426 54.6288
4427 54.6288
4428 54.6288
4429 54.6288
4430 54.6288
4431 54.6288
4432 54.6288
4433 54.6288
4434 54.6288
4435 54.6288
4436 54.6288
4437 54.6288
4438 54.6288
4439 54.6288
4440 54.6288
4441 54.6288
4442 54.6288
4443 54.6288
4444 54.6288
4445 54.6288
4446 54.6288
4447 54.6288
4448 54.6288
4449 54.6288
4450 54.6288
4451 54.6288
4452 54.6288
4453 54.6288
4454 54.6288
4455 54.6288
4456 54.6288
4457 54.6288
4458 54.6288
4459 54.6288
4460 54.6288
4461 54.6288
4462 54.6288
4463 54.6288
4464 54.6288
4465 54.6288
4466 54.6288
4467 54.6288
4468 54.6288
4469 54.6288
4470 54.6288
4471 54.6288
4472 54.6288
4473 54.6288
4474 54.6288
4475 54.6288
4476 54.6288
4477 54.6288
4478 54.6288
4479 54.6288
4480 54.6288
4481 54.6288
4482 54.6288
4483 54.6288
4484 54.6288
4485 54.6288
4486 54.6288
4487 54.6288
4488 54.6288
4489 54.6288
4490 54.6288
4491 54.6288
4492 54.6288
4493 54.6288
4494 54.6288
4495 54.6288
4496 54.6288
4497 54.6288
4498 54.6288
4499 54.6288
4500 54.6288
4501 54.6288
4502 54.6288
4503 54.6288
4504 54.6288
4505 54.6288
4506 54.6288
4507 54.6288
4508 54.6288
4509 54.6288
4510 54.6288
4511 54.6288
4512 54.6288
4513 54.6288
4514 54.6288
4515 54.6288
4516 54.6288
4517 54.6288
4518 54.6288
4519 54.6288
4520 54.6288
4521 54.6288
4522 54.6288
4523 54.6288
4524 54.6288
4525 54.6288
4526 54.6288
4527 54.6288
4528 54.6288
4529 54.6288
4530 54.6288
4531 54.5751
4532 54.5751
4533 54.5751
4534 54.5751
4535 54.5751
4536 54.5751
4537 54.5751
4538 54.5751
4539 54.5751
4540 54.5751
4541 54.5751
4542 54.5751
4543 54.5751
4544 54.5751
4545 54.5751
4546 54.5751
4547 54.5751
4548 54.5751
4549 54.5751
4550 54.5751
4551 54.5751
4552 54.5751
4553 54.5751
4554 54.5751
4555 54.5751
4556 54.5751
4557 54.5751
4558 54.5751
4559 54.5751
4560 54.5751
4561 54.5751
4562 54.5751
4563 54.5751
4564 54.5751
4565 54.5751
4566 54.5751
4567 54.5751
4568 54.5751
4569 54.5751
4570 54.5751
4571 54.5751
4572 54.5751
4573 54.5751
4574 54.5751
4575 54.5751
4576 54.5751
4577 54.5751
4578 54.5751
4579 54.5751
4580 54.5751
4581 54.5751
4582 54.5751
4583 54.5751
4584 54.5751
4585 54.5751
4586 54.5751
4587 54.5751
4588 54.5751
4589 54.5751
4590 54.5751
4591 54.5751
4592 54.5751
4593 54.5751
4594 54.5751
4595 54.5751
4596 54.5751
4597 54.5751
4598 54.5751
4599 54.5751
4600 54.5751
4601 54.5751
4602 54.5751
4603 54.5751
4604 54.5751
4605 54.5751
4606 54.5751
4607 54.5751
4608 54.5751
4609 54.5751
4610 54.5751
4611 54.5751
4612 54.5751
4613 54.5751
4614 54.5751
4615 54.5751
4616 54.5751
4617 54.5751
4618 54.5751
4619 54.5751
4620 54.5751
4621 54.5751
4622 54.5751
4623 54.5751
4624 54.5751
4625 54.5751
4626 54.5751
4627 54.5751
4628 54.5751
4629 54.5751
4630 54.5751
4631 54.5751
4632 54.5751
4633 54.5751
4634 54.5751
4635 54.5751
4636 54.5751
4637 54.5751
4638 54.5751
4639 54.5751
4640 54.5751
4641 54.2864
4642 54.2864
4643 54.2864
4644 54.2864
4645 54.2864
4646 54.2864
4647 54.2864
4648 54.2864
4649 54.2864
4650 54.2864
4651 54.2864
4652 54.2864
4653 54.2864
4654 54.2864
4655 54.2864
4656 54.2864
4657 54.2864
4658 54.2864
4659 54.2864
4660 54.2864
4661 54.2864
4662 54.2864
4663 54.2864
4664 54.2864
4665 54.2864
4666 54.2864
4667 54.2864
4668 54.2864
4669 54.2864
4670 54.2864
4671 54.2864
4672 54.2864
4673 54.2864
4674 54.2864
4675 54.2864
4676 54.2864
4677 54.2864
4678 54.2864
4679 54.2864
4680 54.2864
4681 54.2864
4682 54.2864
4683 54.2864
4684 54.2864
4685 54.2864
4686 54.2864
4687 54.2864
4688 54.2864
4689 54.2864
4690 54.2864
4691 54.2864
4692 54.2864
4693 54.2864
4694 54.2864
4695 54.2864
4696 54.2864
4697 54.2864
4698 54.2864
4699 54.2864
4700 54.2864
4701 54.2864
4702 54.2864
4703 54.2864
4704 54.2864
4705 54.2864
4706 54.2864
4707 54.2864
4708 54.2864
4709 54.2864
4710 54.2864
4711 54.2864
4712 54.2864
4713 54.2864
4714 54.2864
4715 54.2864
4716 54.2864
4717 54.2864
4718 54.2864
4719 54.2864
4720 54.2864
4721 54.2864
4722 54.2864
4723 54.2864
4724 54.2864
4725 54.2864
4726 54.2864
4727 54.2864
4728 54.2864
4729 54.2864
4730 54.2864
4731 54.2864
4732 54.2864
4733 54.2864
4734 54.2864
4735 54.2864
4736 54.2864
4737 54.2864
4738 54.2864
4739 54.2864
4740 54.2864
4741 54.2864
4742 54.2864
4743 54.2864
4744 54.2864
4745 54.2864
4746 54.2864
4747 54.2864
4748 54.2864
4749 54.2864
4750 54.2864
4751 54.2864
4752 54.2864
4753 54.2864
4754 54.2864
4755 54.2864
4756 54.2864
4757 54.2864
4758 54.2864
4759 54.2864
4760 54.2864
4761 54.2864
4762 54.2864
4763 54.2864
4764 54.2864
4765 54.2864
4766 54.2864
4767 54.2864
4768 54.2864
4769 54.2864
4770 54.2864
4771 54.2864
4772 54.2864
4773 54.2864
4774 54.2864
4775 54.2864
4776 54.2864
4777 54.2864
4778 54.2864
4779 54.2864
4780 54.2864
4781 54.2864
4782 54.2864
4783 54.2864
4784 54.2864
4785 54.2864
4786 54.2864
4787 54.2864
4788 54.2864
4789 54.2864
4790 54.2864
4791 54.2864
4792 54.2864
4793 54.2864
4794 54.2864
4795 54.2864
4796 54.2864
4797 54.2864
4798 54.2864
4799 54.2864
4800 54.2864
4801 54.2864
4802 54.2864
4803 54.2864
4804 54.2864
4805 54.2864
4806 54.2864
4807 54.2864
4808 54.2864
4809 54.2864
4810 54.2864
4811 54.2864
4812 54.2864
4813 54.2864
4814 54.2864
4815 54.2864
4816 54.2864
4817 54.2864
4818 54.2864
4819 54.2864
4820 54.2864
4821 54.2864
4822 54.2864
4823 54.2864
4824 54.2864
4825 54.2864
4826 54.2864
4827 54.2864
4828 54.2864
4829 54.2864
4830 54.2864
4831 54.2864
4832 54.2864
4833 54.2864
4834 54.2864
4835 54.2864
4836 54.2864
4837 54.2864
4838 54.2864
4839 54.2864
4840 54.2864
4841 54.2864
4842 54.2864
4843 54.2864
4844 54.2864
4845 54.2864
4846 54.2864
4847 54.2864
4848 54.2864
4849 54.2864
4850 54.2864
4851 54.2864
4852 54.2864
4853 54.2864
4854 54.2864
4855 54.2864
4856 54.2864
4857 54.2864
4858 54.2864
4859 54.2864
4860 54.2864
4861 54.2864
4862 54.2864
4863 54.2864
4864 54.2864
4865 54.2864
4866 54.2864
4867 54.2864
4868 54.2864
4869 54.2864
4870 54.2864
4871 54.2864
4872 54.2864
4873 54.2864
4874 54.2864
4875 54.2864
4876 54.2864
4877 54.2864
4878 54.2864
4879 54.2864
4880 54.2864
4881 54.2864
4882 54.2864
4883 54.2864
4884 54.2864
4885 54.2864
4886 54.2864
4887 54.2864
4888 54.2864
4889 54.2864
4890 54.2864
4891 54.2864
4892 54.2864
4893 54.2864
4894 54.2864
4895 54.2864
4896 54.2864
4897 54.2864
4898 54.2864
4899 54.2864
4900 54.2864
4901 54.2864
4902 54.2864
4903 54.2864
4904 54.2864
4905 54.2864
4906 54.2864
4907 54.2864
4908 54.2864
4909 54.2864
4910 54.2864
4911 54.2864
4912 54.2864
4913 54.2864
4914 54.2864
4915 54.2864
4916 54.2864
4917 54.2864
4918 54.2864
4919 54.2864
4920 54.2864
4921 54.2864
4922 54.2864
4923 54.2864
4924 54.2864
4925 54.2864
4926 54.2864
4927 54.2864
4928 54.2864
4929 54.2864
4930 54.2864
4931 54.2864
4932 54.2864
4933 54.2864
4934 54.2864
4935 54.2864
4936 54.2864
4937 54.2864
4938 54.2864
4939 54.2864
4940 54.2864
4941 54.2864
4942 54.2864
4943 54.2864
4944 54.2864
4945 54.2864
4946 54.2864
4947 54.2864
4948 54.2864
4949 54.2864
4950 54.2864
4951 54.2864
4952 54.2864
4953 54.2864
4954 54.2864
4955 54.2864
4956 54.2864
4957 54.2864
4958 54.2864
4959 54.2864
4960 54.2864
4961 54.2864
4962 54.2864
4963 54.2864
4964 54.2864
4965 54.2864
4966 54.2864
4967 54.2864
4968 54.2864
4969 54.2864
4970 54.2864
4971 54.2864
4972 54.2864
4973 54.2864
4974 54.2864
4975 54.2864
4976 54.2864
4977 54.2864
4978 54.2864
4979 54.2864
4980 54.2864
4981 54.2864
4982 54.2864
4983 54.2864
4984 54.2864
4985 54.2864
4986 54.2864
4987 54.2864
4988 54.2864
4989 54.2864
4990 54.2864
4991 54.2864
4992 54.2864
4993 54.2864
4994 54.2864
4995 54.2864
4996 54.2864
4997 54.2864
4998 54.2864
4999 54.2864
