0 2284.33
1 2165.16
2 2015.1
3 1867.92
4 1778.24
5 1696.07
6 1622.28
7 1544.68
8 1457.77
9 1446.22
10 1401.55
11 1337.92
12 1310.82
13 1264.92
14 1249.18
15 1185.7
16 1164.79
17 1109.13
18 1060.25
19 1011.87
20 973.684
21 955.361
22 946.677
23 925.781
24 882.904
25 861.374
26 836.551
27 824.247
28 814.507
29 803.78
30 771.889
31 748.918
32 722.85
33 715.018
34 709.46
35 687.116
36 672.768
37 648.721
38 611.625
39 592.716
40 590.629
41 576.451
42 570.179
43 565.306
44 553.214
45 535.966
46 514.865
47 501.304
48 492.537
49 480.701
50 465.92
51 465.404
52 455.646
53 451.141
54 436.607
55 432.101
56 432.101
57 431.842
58 424.473
59 416.197
60 403.709
61 403.127
62 395.537
63 394.955
64 394.444
65 394.444
66 390.967
67 380.983
68 375.249
69 374.598
70 366.586
71 361.054
72 358.641
73 358.394
74 357.478
75 355.503
76 328.936
77 322.685
78 319.972
79 317.266
80 312.266
81 298.246
82 293.327
83 289.621
84 284.7
85 284.7
86 283.799
87 279.694
88 278.792
89 273.074
90 265.48
91 262.722
92 261.152
93 259.458
94 256.983
95 256.482
96 256.438
97 256.438
98 255.916
99 251.538
100 247.003
101 245.691
102 236.311
103 228.117
104 221.675
105 221.675
106 220.332
107 217.593
108 216.485
109 207.135
110 204.211
111 200.54
112 200.472
113 197.492
114 197.104
115 195.374
116 193.357
117 190.951
118 190.662
119 188.523
120 186.863
121 186.863
122 186.194
123 184.37
124 180.528
125 178.475
126 178.137
127 176.666
128 176.666
129 172.252
130 170.443
131 170.443
132 170.443
133 165.268
134 161.088
135 157.383
136 156.781
137 156.533
138 155.537
139 154.768
140 152.6
141 151.474
142 151.474
143 151.474
144 151.474
145 149.719
146 148.74
147 148.047
148 147.41
149 147.41
150 147.123
151 146.88
152 145.289
153 145.289
154 144.936
155 144.729
156 144.729
157 144.729
158 143.884
159 143.884
160 143.177
161 140.163
162 140.163
163 140.163
164 140.163
165 140.059
166 140.059
167 140.059
168 140.059
169 140.059
170 136.935
171 136.62
172 135.822
173 135.822
174 135.822
175 135.822
176 135.758
177 135.758
178 134.829
179 134.26
180 133.548
181 133.548
182 131.9
183 130.867
184 129.222
185 129.082
186 128.955
187 128.955
188 128.955
189 128.955
190 128.251
191 128.251
192 127.899
193 127.899
194 127.899
195 127.899
196 127.899
197 126.946
198 125.506
199 125.03
200 122.107
201 122.107
202 122.107
203 121.587
204 120.08
205 120.063
206 119.847
207 119.847
208 119.847
209 119.847
210 119.847
211 119.847
212 119.847
213 119.847
214 119.847
215 119.362
216 118.518
217 118.518
218 118.518
219 118.518
220 118.518
221 118.518
222 118.518
223 117.78
224 117.78
225 117.78
226 117.78
227 117.78
228 117.78
229 117.655
230 117.655
231 117.655
232 117.655
233 117.655
234 117.655
235 117.655
236 117.655
237 117.655
238 117.655
239 117.655
240 114.763
241 114.763
242 114.763
243 114.763
244 114.763
245 114.763
246 114.763
247 114.763
248 114.763
249 114.362
250 108.933
251 105.865
252 105.465
253 105.465
254 105.465
255 105.465
256 103.047
257 103.047
258 103.047
259 103.047
260 103.047
261 102.969
262 102.969
263 102.969
264 102.969
265 102.969
266 102.969
267 102.969
268 102.383
269 102.383
270 102.383
271 102.383
272 102.213
273 102.213
274 102.213
275 102.213
276 101.99
277 101.254
278 101.254
279 101.242
280 101.242
281 101.242
282 101.242
283 101.242
284 101.242
285 101.242
286 101.242
287 101.242
288 101.242
289 101.242
290 101.212
291 101.212
292 101.212
293 101.202
294 100.258
295 100.258
296 100.071
297 100.05
298 100.05
299 100.05
300 100.05
301 99.9593
302 99.8538
303 99.8538
304 99.8538
305 99.8538
306 99.8538
307 99.8538
308 99.0222
309 99.0222
310 99.0222
311 99.0222
312 99.0222
313 99.0222
314 98.5557
315 98.5557
316 98.5557
317 98.3454
318 97.5103
319 97.5103
320 97.5103
321 97.5103
322 97.5103
323 97.5103
324 97.3308
325 97.3308
326 97.3308
327 97.3308
328 97.3308
329 97.3308
330 97.1915
331 97.1915
332 96.7601
333 96.7601
334 96.7601
335 96.7601
336 96.7601
337 96.7601
338 96.7601
339 96.5833
340 96.5833
341 96.5833
342 96.5833
343 96.5833
344 96.5833
345 96.5833
346 96.5833
347 96.5833
348 96.5833
349 96.5833
350 96.5833
351 96.5833
352 95.512
353 95.512
354 95.512
355 95.512
356 93.5876
357 93.5876
358 93.5876
359 92.874
360 92.874
361 92.874
362 92.874
363 92.874
364 92.874
365 92.7492
366 90.5781
367 90.5781
368 90.5781
369 90.5781
370 90.5781
371 90.5781
372 83.4277
373 77.8645
374 77.8645
375 77.8645
376 77.339
377 77.339
378 77.339
379 77.339
380 77.339
381 77.339
382 77.339
383 77.339
384 77.339
385 77.339
386 77.339
387 77.339
388 77.339
389 77.339
390 77.339
391 77.339
392 77.339
393 77.339
394 77.339
395 76.9541
396 76.2468
397 75.8619
398 75.8619
399 75.8619
400 73.6315
401 73.6315
402 73.6315
403 73.6315
404 73.2378
405 72.9801
406 72.9525
407 72.4178
408 72.3505
409 72.321
410 72.2564
411 72.1872
412 72.1872
413 72.1872
414 72.1872
415 72.1872
416 72.1872
417 72.1872
418 72.1872
419 72.1872
420 72.1872
421 72.1872
422 72.1872
423 72.1872
424 72.1872
425 72.1872
426 72.1872
427 72.1872
428 72.1872
429 72.1872
430 72.1872
431 72.1872
432 72.1872
433 72.1872
434 72.1872
435 72.1872
436 72.1872
437 72.1872
438 72.1872
439 72.0808
440 70.969
441 70.969
442 70.969
443 69.8407
444 69.8407
445 69.8407
446 69.8407
447 69.8407
448 69.8407
449 68.8615
450 68.8615
451 68.8615
452 68.8615
453 68.8615
454 68.8615
455 68.8615
456 68.8615
457 68.8615
458 68.8615
459 68.8615
460 68.8615
461 68.8615
462 68.8615
463 68.8615
464 68.8615
465 68.8615
466 68.8615
467 68.8615
468 68.8615
469 68.8615
470 68.8615
471 68.8615
472 68.8615
473 68.8615
474 68.8615
475 68.8615
476 68.6452
477 68.6452
478 68.6452
479 68.6452
480 68.6452
481 68.6452
482 68.6452
483 68.6452
484 68.6452
485 68.6452
486 68.6452
487 68.6452
488 68.6452
489 68.6452
490 68.6452
491 68.6452
492 68.6452
493 68.6452
494 68.6452
495 68.6452
496 68.6452
497 68.6452
498 68.6452
499 68.6452
500 68.6452
501 68.6452
502 68.6452
503 68.6452
504 68.6452
505 68.6452
506 68.6452
507 68.6452
508 68.6452
509 68.6452
510 68.6452
511 68.6452
512 68.6452
513 68.6452
514 68.6452
515 68.6452
516 68.6452
517 68.6452
518 68.6452
519 68.6452
520 68.6452
521 68.6452
522 68.6452
523 68.6452
524 68.4484
525 68.3482
526 68.3482
527 67.8545
528 67.7543
529 67.7543
530 67.7543
531 67.7543
532 67.7543
533 67.7543
534 67.7543
535 67.7543
536 67.5382
537 66.8525
538 66.6364
539 66.6364
540 66.6364
541 66.6364
542 66.6364
543 66.6364
544 66.6364
545 66.6364
546 66.6364
547 66.6364
548 66.6364
549 66.6364
550 66.6364
551 66.6364
552 66.6364
553 66.6364
554 66.6364
555 66.6364
556 66.6364
557 66.6364
558 66.6364
559 66.6364
560 66.6364
561 66.6364
562 66.6364
563 66.6364
564 66.6364
565 66.6364
566 66.6364
567 66.6364
568 66.6364
569 66.6364
570 66.6364
571 66.6364
572 66.6364
573 66.6364
574 66.6364
575 66.6364
576 66.6364
577 66.6364
578 66.6364
579 66.6364
580 66.6364
581 66.6364
582 66.6364
583 66.6364
584 66.6364
585 66.6364
586 66.6364
587 66.6364
588 66.6364
589 66.6364
590 66.6364
591 66.6364
592 66.6364
593 66.399
594 66.399
595 66.399
596 66.399
597 66.399
598 66.399
599 66.399
600 66.399
601 66.399
602 66.399
603 66.399
604 66.399
605 66.399
606 66.399
607 66.399
608 66.399
609 66.399
610 66.399
611 66.399
612 66.399
613 66.399
614 66.399
615 66.399
616 66.399
617 66.399
618 66.399
619 66.399
620 66.399
621 66.399
622 66.399
623 66.399
624 66.399
625 66.399
626 66.399
627 66.399
628 66.399
629 66.399
630 66.3581
631 66.3581
632 66.3581
633 66.3581
634 66.3581
635 66.3581
636 66.3581
637 65.2979
638 65.2979
639 65.2979
640 65.2979
641 65.2979
642 65.2979
643 65.2979
644 65.2979
645 65.2979
646 65.2979
647 65.2979
648 65.2979
649 65.2979
650 65.2979
651 65.2979
652 65.2979
653 65.2979
654 65.2979
655 65.2979
656 65.2979
657 65.2979
658 65.2979
659 65.2979
660 65.2979
661 65.2979
662 64.8148
663 64.8148
664 64.8148
665 64.8148
666 64.8148
667 64.8148
668 64.8148
669 64.8148
670 64.8148
671 64.8148
672 64.4739
673 63.7863
674 63.7863
675 63.7863
676 63.7863
677 63.7863
678 63.7863
679 63.7863
680 63.7863
681 63.7863
682 63.7863
683 63.7863
684 63.7863
685 63.7863
686 63.7863
687 63.7863
688 63.7863
689 63.7863
690 63.7863
691 63.7863
692 63.7863
693 63.7863
694 63.7863
695 63.7863
696 63.7863
697 63.7863
698 63.7863
699 63.7863
700 63.7863
701 63.7863
702 63.7863
703 63.7863
704 63.7863
705 63.7863
706 63.7863
707 63.7863
708 63.7863
709 63.7863
710 63.7863
711 63.7863
712 63.7863
713 63.7863
714 63.7863
715 63.7863
716 63.7863
717 63.7863
718 63.7863
719 63.7863
720 63.7863
721 63.7863
722 63.7863
723 63.7863
724 63.7863
725 63.7863
726 63.7863
727 63.7863
728 63.7863
729 63.7863
730 63.7863
731 63.5063
732 63.5063
733 63.5063
734 63.5063
735 63.5063
736 63.5063
737 63.5063
738 63.5063
739 63.5063
740 63.5063
741 63.5063
742 63.5063
743 63.5063
744 63.0645
745 62.6815
746 62.5609
747 61.6821
748 61.6821
749 61.6821
750 61.6821
751 61.6821
752 61.6821
753 61.6821
754 61.6821
755 61.6821
756 61.6821
757 61.6821
758 61.6821
759 61.6821
760 61.6821
761 61.6821
762 61.6821
763 61.6821
764 61.6821
765 61.6821
766 61.6821
767 61.6821
768 61.6821
769 61.5338
770 61.5338
771 61.5338
772 61.5338
773 61.5338
774 61.5338
775 61.5338
776 61.5338
777 61.5338
778 61.5338
779 61.5338
780 61.5338
781 61.5338
782 61.5338
783 61.5338
784 61.5338
785 61.5338
786 61.5338
787 61.1699
788 61.1699
789 61.1699
790 61.1699
791 61.1699
792 61.1699
793 61.1699
794 61.1699
795 61.1699
796 61.1699
797 61.1699
798 61.1699
799 61.1699
800 61.1699
801 61.1699
802 61.1699
803 61.1699
804 61.1699
805 61.1699
806 61.1699
807 61.1699
808 61.1699
809 61.1699
810 61.1699
811 61.1699
812 61.1699
813 61.1699
814 61.1699
815 61.1562
816 61.1562
817 61.1562
818 61.1562
819 61.1562
820 61.1562
821 61.1562
822 61.1562
823 61.1562
824 61.1562
825 61.1562
826 61.1562
827 61.1562
828 61.1562
829 61.1562
830 61.1562
831 61.1562
832 61.1562
833 61.1562
834 61.1562
835 61.1562
836 61.1562
837 61.1562
838 61.1562
839 61.1562
840 61.1562
841 61.1562
842 61.1562
843 61.1562
844 61.1562
845 61.1562
846 61.1562
847 61.1562
848 61.1562
849 61.1562
850 61.1562
851 61.1562
852 61.1562
853 61.1562
854 61.1562
855 61.1562
856 61.1562
857 61.1562
858 61.1562
859 61.1562
860 61.1562
861 61.1562
862 61.1562
863 61.1562
864 61.1562
865 61.1562
866 61.1562
867 61.1562
868 61.1562
869 61.1562
870 61.1562
871 61.1562
872 61.1562
873 61.1562
874 61.1562
875 61.1562
876 61.1562
877 61.1562
878 61.1562
879 61.1562
880 61.1562
881 61.1562
882 61.1562
883 61.1562
884 61.1562
885 61.1562
886 61.1562
887 61.1562
888 61.1562
889 61.1562
890 61.1562
891 61.1562
892 61.1562
893 61.1562
894 61.1562
895 61.1562
896 61.1562
897 61.1562
898 61.1562
899 61.1562
900 61.1562
901 61.1562
902 61.1562
903 61.1562
904 61.1562
905 61.1562
906 61.1562
907 61.1562
908 61.1562
909 61.1562
910 61.1562
911 61.1562
912 61.1562
913 61.1562
914 61.1562
915 61.1562
916 61.1562
917 61.1562
918 61.1562
919 61.1562
920 61.1562
921 61.1562
922 61.1562
923 61.1562
924 61.1562
925 61.1562
926 61.1562
927 61.1562
928 61.1562
929 61.1562
930 61.1562
931 61.1562
932 61.1562
933 61.1562
934 61.1562
935 61.1562
936 61.1562
937 61.1562
938 61.1562
939 61.1562
940 61.1562
941 61.1562
942 61.1562
943 61.1562
944 61.1562
945 61.1562
946 61.1562
947 61.1562
948 61.1562
949 61.1562
950 61.1562
951 61.1562
952 61.1562
953 61.1562
954 61.1562
955 61.1562
956 61.1562
957 61.1562
958 61.1562
959 61.1562
960 61.1562
961 61.1562
962 61.1562
963 61.1562
964 61.1562
965 61.1562
966 61.1562
967 61.1562
968 61.1562
969 61.1562
970 61.1562
971 61.1562
972 61.1562
973 61.1562
974 61.1562
975 61.1562
976 61.1562
977 61.1562
978 61.1562
979 61.1562
980 61.1562
981 61.1562
982 61.1562
983 61.1562
984 61.1562
985 61.1562
986 61.1562
987 61.1562
988 61.1562
989 61.1562
990 61.1562
991 61.1562
992 61.1562
993 61.1562
994 61.1562
995 61.1562
996 61.1562
997 61.1562
998 61.1562
999 61.1562
1000 61.1562
1001 61.1562
1002 61.1562
1003 61.1562
1004 61.1562
1005 61.1562
1006 61.1562
1007 61.1562
1008 61.1562
1009 61.1562
1010 61.1562
1011 61.1562
1012 61.1562
1013 61.1562
1014 61.1562
1015 61.1562
1016 61.1562
1017 61.1562
1018 61.1562
1019 61.1562
1020 61.1562
1021 61.1562
1022 61.1562
1023 61.1562
1024 61.1562
1025 61.1562
1026 61.1562
1027 61.1562
1028 61.1562
1029 61.1562
1030 61.1562
1031 61.1562
1032 61.1562
1033 61.1562
1034 61.1562
1035 61.1562
1036 61.1562
1037 61.1562
1038 61.1562
1039 61.1562
1040 61.1562
1041 61.1562
1042 61.1562
1043 61.1562
1044 61.1562
1045 61.1562
1046 61.1562
1047 61.1562
1048 61.1562
1049 61.1562
1050 61.1562
1051 61.1562
1052 61.1562
1053 61.1562
1054 61.1562
1055 61.1562
1056 61.1562
1057 61.1562
1058 61.1562
1059 61.1562
1060 61.1562
1061 61.1562
1062 61.1562
1063 61.1562
1064 61.1562
1065 61.1562
1066 61.1562
1067 61.1562
1068 61.1562
1069 61.1562
1070 61.1562
1071 61.1562
1072 61.1562
1073 61.1562
1074 61.1562
1075 61.1562
1076 61.1562
1077 61.1562
1078 61.1562
1079 61.1562
1080 61.1562
1081 61.1562
1082 61.1562
1083 61.1562
1084 61.1562
1085 61.1562
1086 61.1562
1087 61.1562
1088 61.1562
1089 61.1562
1090 61.1562
1091 61.1562
1092 61.1562
1093 61.1562
1094 61.1562
1095 61.1562
1096 61.1562
1097 61.1562
1098 61.1562
1099 61.1562
1100 61.1562
1101 61.1562
1102 61.1562
1103 61.1562
1104 61.1562
1105 61.1562
1106 61.1562
1107 61.1562
1108 61.1562
1109 61.1562
1110 61.1562
1111 61.1562
1112 61.1562
1113 61.1562
1114 61.1562
1115 61.1562
1116 61.1562
1117 61.1562
1118 61.1562
1119 61.1562
1120 61.1562
1121 61.1562
1122 61.1562
1123 61.1562
1124 61.1562
1125 61.1562
1126 61.1562
1127 61.1562
1128 61.1562
1129 61.1562
1130 61.1562
1131 61.1562
1132 61.1562
1133 61.1562
1134 61.1562
1135 61.1562
1136 61.1562
1137 61.1562
1138 61.1562
1139 61.1562
1140 61.1562
1141 61.1562
1142 61.1562
1143 61.1562
1144 61.1562
1145 61.1562
1146 61.1562
1147 61.1562
1148 61.1562
1149 61.1562
1150 61.1562
1151 61.1562
1152 61.1562
1153 61.1562
1154 61.1562
1155 61.1562
1156 61.1562
1157 61.1562
1158 61.1562
1159 61.1562
1160 61.1562
1161 61.1562
1162 61.1562
1163 61.1562
1164 61.1562
1165 61.1562
1166 61.1562
1167 61.1562
1168 61.1562
1169 61.1562
1170 61.1562
1171 61.1562
1172 61.1562
1173 61.1562
1174 61.1562
1175 61.1562
1176 61.1562
1177 61.1562
1178 61.1562
1179 61.1562
1180 61.1562
1181 61.1562
1182 61.1562
1183 61.1562
1184 61.1562
1185 61.1562
1186 61.1562
1187 61.1562
1188 61.1562
1189 61.1562
1190 61.1562
1191 61.1562
1192 61.1562
1193 61.1562
1194 61.1562
1195 61.1562
1196 61.1562
1197 61.1562
1198 61.1562
1199 61.1562
1200 61.1562
1201 61.1562
1202 61.1562
1203 61.1562
1204 61.1562
1205 61.1562
1206 61.1562
1207 61.1562
1208 61.1562
1209 61.1562
1210 61.1562
1211 61.1562
1212 61.1562
1213 61.1562
1214 61.1562
1215 61.1562
1216 61.1562
1217 61.1562
1218 61.1562
1219 61.1562
1220 61.1562
1221 61.1562
1222 61.1562
1223 61.1562
1224 61.1562
1225 61.1562
1226 61.1562
1227 61.1562
1228 61.1562
1229 61.1562
1230 61.1562
1231 61.1562
1232 61.1562
1233 61.1562
1234 61.1562
1235 61.1562
1236 61.1562
1237 61.1562
1238 61.1562
1239 61.1562
1240 61.1562
1241 61.1562
1242 61.1562
1243 61.1562
1244 61.1562
1245 61.1562
1246 61.1562
1247 61.1562
1248 61.1562
1249 61.1562
1250 61.1562
1251 61.1562
1252 61.1562
1253 61.1562
1254 61.1562
1255 61.1562
1256 61.1562
1257 61.1562
1258 61.1562
1259 61.1562
1260 61.1562
1261 61.1562
1262 61.1562
1263 61.1562
1264 61.1562
1265 61.1562
1266 61.1562
1267 61.1562
1268 61.1562
1269 61.1562
1270 61.1562
1271 61.1562
1272 61.1562
1273 61.1562
1274 61.1562
1275 61.1562
1276 61.1562
1277 61.1562
1278 61.1562
1279 61.1562
1280 61.1562
1281 61.1562
1282 61.1562
1283 61.1562
1284 61.1562
1285 61.1562
1286 61.1562
1287 61.1562
1288 61.1562
1289 61.1562
1290 61.1562
1291 61.1562
1292 61.1562
1293 61.1562
1294 61.1562
1295 61.1562
1296 61.1562
1297 61.1562
1298 61.1562
1299 61.1562
1300 61.1562
1301 61.1562
1302 61.1562
1303 61.1562
1304 61.1562
1305 61.1562
1306 61.1562
1307 61.1562
1308 61.1562
1309 61.1562
1310 61.1562
1311 61.1562
1312 61.1562
1313 61.1562
1314 61.1562
1315 61.1562
1316 61.1562
1317 61.1562
1318 61.1562
1319 61.1562
1320 61.1562
1321 61.1562
1322 61.1562
1323 61.1562
1324 61.1562
1325 61.1562
1326 61.1562
1327 61.1562
1328 61.1562
1329 61.1562
1330 61.1562
1331 61.1562
1332 61.1562
1333 61.1562
1334 61.1562
1335 61.1562
1336 61.1562
1337 61.1562
1338 61.1562
1339 61.1562
1340 61.1562
1341 61.1562
1342 61.1562
1343 61.1562
1344 61.1562
1345 61.1562
1346 61.1562
1347 61.1562
1348 61.1562
1349 61.1562
1350 61.1562
1351 61.1562
1352 61.1562
1353 61.1562
1354 61.1562
1355 61.1562
1356 61.1562
1357 61.1562
1358 61.1562
1359 61.1562
1360 61.1562
1361 61.1562
1362 61.1562
1363 61.1562
1364 61.1562
1365 61.1562
1366 61.1562
1367 61.1562
1368 61.1562
1369 61.1562
1370 61.1562
1371 61.1562
1372 61.1562
1373 61.1562
1374 61.1562
1375 61.1562
1376 61.1562
1377 61.1562
1378 61.1562
1379 61.1562
1380 61.1562
1381 61.1562
1382 61.1562
1383 61.1562
1384 61.1562
1385 61.1562
1386 61.1562
1387 61.1562
1388 61.1562
1389 61.1562
1390 61.1562
1391 61.1562
1392 61.1562
1393 61.1562
1394 61.1562
1395 61.1562
1396 61.1562
1397 61.1562
1398 61.1562
1399 61.1562
1400 61.1562
1401 61.1562
1402 61.1562
1403 61.1562
1404 61.1562
1405 61.1562
1406 61.1562
1407 61.1562
1408 61.1562
1409 61.1562
1410 61.1562
1411 61.1562
1412 61.1562
1413 61.1562
1414 61.1562
1415 61.1562
1416 61.1562
1417 61.1562
1418 61.1562
1419 61.1562
1420 61.1562
1421 61.1562
1422 61.1562
1423 61.1562
1424 61.1562
1425 61.1562
1426 61.1562
1427 61.1562
1428 61.1562
1429 61.1562
1430 61.1562
1431 61.1562
1432 61.1562
1433 61.1562
1434 61.1562
1435 61.1562
1436 61.1562
1437 61.1562
1438 61.1562
1439 61.1562
1440 61.1562
1441 61.1562
1442 61.1562
1443 61.1562
1444 61.1562
1445 61.1562
1446 61.1562
1447 61.1562
1448 61.1562
1449 61.1562
1450 61.1562
1451 61.1562
1452 61.1562
1453 61.1562
1454 61.1562
1455 61.1562
1456 61.1562
1457 61.1562
1458 61.1562
1459 61.1562
1460 61.1562
1461 61.1562
1462 61.1562
1463 61.1562
1464 61.1562
1465 61.1562
1466 61.1562
1467 61.1562
1468 61.1562
1469 61.1562
1470 61.1562
1471 61.1562
1472 61.1562
1473 61.1562
1474 61.1562
1475 61.1562
1476 61.1562
1477 61.1562
1478 61.1562
1479 61.1562
1480 61.1562
1481 61.1562
1482 61.1562
1483 61.1562
1484 61.1562
1485 61.1562
1486 61.1562
1487 61.1562
1488 61.1562
1489 61.1562
1490 61.1562
1491 61.1562
1492 61.1562
1493 61.1562
1494 61.1562
1495 61.1562
1496 61.1562
1497 61.1562
1498 61.1562
1499 61.1562
1500 61.1562
1501 61.1562
1502 61.1562
1503 61.1562
1504 61.1562
1505 61.1562
1506 61.1562
1507 61.1562
1508 61.1562
1509 61.1562
1510 61.1562
1511 61.1562
1512 61.1562
1513 61.1562
1514 61.1562
1515 61.1562
1516 61.1562
1517 61.1562
1518 61.1562
1519 61.1562
1520 61.1562
1521 61.1562
1522 61.1562
1523 61.1562
1524 61.1562
1525 61.1562
1526 61.1562
1527 61.1562
1528 61.1562
1529 61.1562
1530 61.1562
1531 61.1562
1532 61.1562
1533 61.1562
1534 61.1562
1535 61.1562
1536 61.1562
1537 61.1562
1538 61.1562
1539 61.1562
1540 61.1562
1541 61.1562
1542 61.1562
1543 61.1562
1544 61.1562
1545 61.1562
1546 61.1562
1547 61.1562
1548 61.1562
1549 61.1562
1550 61.1562
1551 61.1562
1552 61.1562
1553 61.1562
1554 61.1562
1555 61.1562
1556 61.1562
1557 61.1562
1558 61.1562
1559 61.1562
1560 61.1562
1561 61.1562
1562 61.1562
1563 61.1562
1564 61.1562
1565 61.1562
1566 61.1562
1567 61.1562
1568 61.1562
1569 61.1562
1570 61.1562
1571 61.1562
1572 61.1562
1573 61.1562
1574 61.1562
1575 61.1562
1576 61.1562
1577 61.1562
1578 61.1562
1579 61.1562
1580 61.1562
1581 61.1562
1582 61.1562
1583 61.1562
1584 61.1562
1585 61.1562
1586 61.1562
1587 61.1562
1588 61.1562
1589 61.1562
1590 61.1562
1591 61.1562
1592 61.1562
1593 61.1562
1594 61.1562
1595 61.1562
1596 61.1562
1597 61.1562
1598 61.1562
1599 61.1562
1600 61.1562
1601 61.1562
1602 61.1562
1603 61.1562
1604 61.1562
1605 61.1562
1606 61.1562
1607 61.1562
1608 61.1562
1609 61.1562
1610 61.1562
1611 61.1562
1612 61.1562
1613 61.1562
1614 61.1562
1615 61.1562
1616 61.1562
1617 61.1562
1618 61.1562
1619 61.1562
1620 61.1562
1621 61.1562
1622 61.1562
1623 61.1562
1624 61.1562
1625 61.1562
1626 61.1562
1627 61.1562
1628 61.1562
1629 61.1562
1630 61.1562
1631 61.1562
1632 61.1562
1633 61.1562
1634 61.1562
1635 61.1562
1636 61.1562
1637 61.1562
1638 61.1562
1639 61.1562
1640 61.1562
1641 61.1562
1642 61.1562
1643 61.1562
1644 61.1562
1645 61.1562
1646 61.1562
1647 61.1562
1648 61.1562
1649 61.1562
1650 61.1562
1651 61.1562
1652 61.1562
1653 61.1562
1654 61.1562
1655 61.1562
1656 61.1562
1657 61.1562
1658 61.1562
1659 61.1562
1660 61.1562
1661 61.1562
1662 61.1562
1663 61.1562
1664 61.1562
1665 61.1562
1666 61.1562
1667 61.1562
1668 61.1562
1669 61.1562
1670 61.1562
1671 61.1562
1672 61.1562
1673 61.1562
1674 61.1562
1675 61.1562
1676 61.1562
1677 61.1562
1678 61.1562
1679 61.1562
1680 61.1562
1681 61.1562
1682 61.1562
1683 61.1562
1684 61.1562
1685 61.1562
1686 61.1562
1687 61.1562
1688 61.1562
1689 61.1562
1690 61.1562
1691 61.1562
1692 61.1562
1693 61.1562
1694 61.1562
1695 61.1562
1696 61.1562
1697 61.1562
1698 61.1562
1699 61.1562
1700 61.1562
1701 61.1562
1702 61.1562
1703 61.1562
1704 61.1562
1705 61.1562
1706 61.1562
1707 61.1562
1708 61.1562
1709 61.1562
1710 61.1562
1711 61.1562
1712 61.1562
1713 61.1562
1714 61.1562
1715 61.1562
1716 61.1562
1717 61.1562
1718 61.1562
1719 61.1562
1720 61.1562
1721 61.1562
1722 61.1562
1723 61.1562
1724 61.1562
1725 61.1562
1726 61.1562
1727 61.1562
1728 61.1562
1729 61.1562
1730 61.1562
1731 61.1562
1732 61.1562
1733 61.1562
1734 61.1562
1735 61.1562
1736 61.1562
1737 61.1562
1738 61.1562
1739 61.1562
1740 61.1562
1741 61.1562
1742 61.1562
1743 61.1562
1744 61.1562
1745 61.1562
1746 61.1562
1747 61.1562
1748 61.1562
1749 61.1562
1750 61.1562
1751 61.1562
1752 61.1562
1753 61.1562
1754 61.1562
1755 61.1562
1756 61.1562
1757 61.1562
1758 61.1562
1759 61.1562
1760 61.1562
1761 61.1562
1762 61.1562
1763 61.1562
1764 61.1562
1765 61.1562
1766 61.1562
1767 61.1562
1768 61.1562
1769 61.1562
1770 61.1562
1771 61.1562
1772 61.1562
1773 61.1562
1774 61.1562
1775 61.1562
1776 61.1562
1777 61.1562
1778 61.1562
1779 61.1562
1780 61.1562
1781 61.1562
1782 61.1562
1783 61.1562
1784 61.1562
1785 61.1562
1786 61.1562
1787 61.1562
1788 61.1562
1789 61.1562
1790 61.1562
1791 61.1562
1792 61.1562
1793 61.1562
1794 61.1562
1795 61.1562
1796 61.1562
1797 61.1562
1798 61.1562
1799 61.1562
1800 61.1562
1801 61.1562
1802 61.1562
1803 61.1562
1804 61.1562
1805 61.1562
1806 61.1562
1807 61.1562
1808 61.1562
1809 61.1562
1810 61.1562
1811 61.1562
1812 61.1562
1813 61.1562
1814 61.1562
1815 61.1562
1816 61.1562
1817 61.1562
1818 61.1562
1819 61.1562
1820 61.1562
1821 61.1562
1822 61.1562
1823 61.1562
1824 61.1562
1825 61.1562
1826 61.1562
1827 61.1562
1828 61.1562
1829 61.1562
1830 61.1562
1831 61.1562
1832 61.1562
1833 61.1562
1834 61.1562
1835 61.1562
1836 61.1562
1837 61.1562
1838 61.1562
1839 61.1562
1840 61.1562
1841 61.1562
1842 61.1562
1843 61.1562
1844 61.1562
1845 61.1562
1846 61.1562
1847 61.1562
1848 61.1562
1849 61.1562
1850 61.1562
1851 61.1562
1852 61.1562
1853 61.1562
1854 61.1562
1855 61.1562
1856 61.1562
1857 61.1562
1858 61.1562
1859 61.1562
1860 61.1562
1861 61.1562
1862 61.1562
1863 61.1562
1864 61.1562
1865 61.1562
1866 61.1562
1867 61.1562
1868 61.1562
1869 61.1562
1870 61.1562
1871 61.1562
1872 61.1562
1873 61.1562
1874 61.1562
1875 61.1562
1876 61.1562
1877 61.1562
1878 61.1562
1879 61.1562
1880 61.1562
1881 61.1562
1882 61.1562
1883 61.1562
1884 61.1562
1885 61.1562
1886 61.1562
1887 61.1562
1888 61.1562
1889 61.1562
1890 61.1562
1891 61.1562
1892 61.1562
1893 61.1562
1894 61.1562
1895 61.1562
1896 61.1562
1897 61.1562
1898 61.1562
1899 61.1562
1900 61.1562
1901 61.1562
1902 61.1562
1903 61.1562
1904 61.1562
1905 61.1562
1906 61.1562
1907 61.1562
1908 61.1562
1909 61.1562
1910 61.1562
1911 61.1562
1912 61.1562
1913 61.1562
1914 61.1562
1915 61.1562
1916 61.1562
1917 61.1562
1918 61.1562
1919 61.1562
1920 61.1562
1921 61.1562
1922 61.1562
1923 61.1562
1924 61.1562
1925 61.1562
1926 61.1562
1927 61.1562
1928 61.1562
1929 61.1562
1930 61.1562
1931 61.1562
1932 61.1562
1933 61.1562
1934 61.1562
1935 61.1562
1936 61.1562
1937 61.1562
1938 61.1562
1939 61.1562
1940 61.1562
1941 61.1562
1942 61.1562
1943 61.1562
1944 61.1562
1945 61.1562
1946 61.1562
1947 61.1562
1948 61.1562
1949 61.1562
1950 61.1562
1951 61.1562
1952 61.1562
1953 61.1562
1954 61.1562
1955 61.1562
1956 61.1562
1957 61.1562
1958 61.1562
1959 61.1562
1960 61.1562
1961 61.1562
1962 61.1562
1963 61.1562
1964 61.1562
1965 61.1562
1966 61.1562
1967 61.1562
1968 61.1562
1969 61.1562
1970 61.1562
1971 61.1562
1972 61.1562
1973 61.1562
1974 61.1562
1975 61.1562
1976 61.1562
1977 61.1562
1978 61.1562
1979 61.1562
1980 61.1562
1981 61.1562
1982 61.1562
1983 61.1562
1984 61.1562
1985 61.1562
1986 61.1562
1987 61.1562
1988 61.1562
1989 61.1562
1990 61.1562
1991 61.1562
1992 61.1562
1993 61.1562
1994 61.1562
1995 61.1562
1996 61.1562
1997 61.1562
1998 61.1562
1999 61.1562
2000 61.1562
2001 61.1562
2002 61.1562
2003 61.1562
2004 61.1562
2005 61.1562
2006 61.1562
2007 61.1562
2008 61.1562
2009 61.1562
2010 61.1562
2011 61.1562
2012 61.1562
2013 61.1562
2014 61.1562
2015 61.1562
2016 61.1562
2017 61.1562
2018 61.1562
2019 61.1562
2020 61.1562
2021 61.1562
2022 61.1562
2023 61.1562
2024 61.1562
2025 61.1562
2026 61.1562
2027 61.1562
2028 61.1562
2029 61.1562
2030 61.1562
2031 61.1562
2032 61.1562
2033 61.1562
2034 61.1562
2035 61.1562
2036 61.1562
2037 61.1562
2038 61.1562
2039 61.1562
2040 61.1562
2041 61.1562
2042 61.1562
2043 61.1562
2044 61.1562
2045 61.1562
2046 61.1562
2047 61.1562
2048 61.1562
2049 61.1562
2050 61.1562
2051 61.1562
2052 61.1562
2053 61.1562
2054 61.1562
2055 61.1562
2056 61.1562
2057 61.1562
2058 61.1562
2059 61.1562
2060 61.1562
2061 61.1562
2062 61.1562
2063 61.1562
2064 61.1562
2065 61.1562
2066 61.1562
2067 61.1562
2068 61.1562
2069 61.1562
2070 61.1562
2071 61.1562
2072 61.1562
2073 61.1562
2074 61.1562
2075 61.1562
2076 61.1562
2077 61.1562
2078 61.1562
2079 61.1562
2080 61.1562
2081 61.1562
2082 61.1562
2083 61.1562
2084 61.1562
2085 61.1562
2086 61.1562
2087 61.1562
2088 61.1562
2089 61.1562
2090 61.1562
2091 61.1562
2092 61.1562
2093 61.1562
2094 61.1562
2095 61.1562
2096 61.1562
2097 61.1562
2098 61.1562
2099 61.1562
2100 61.1562
2101 61.1562
2102 61.1562
2103 61.1562
2104 61.1562
2105 61.1562
2106 61.1562
2107 61.1562
2108 61.1562
2109 61.1562
2110 61.1562
2111 61.1562
2112 61.1562
2113 61.1562
2114 61.1562
2115 61.1562
2116 61.1562
2117 61.1562
2118 61.1562
2119 61.1562
2120 61.1562
2121 61.1562
2122 61.1562
2123 61.1562
2124 61.1562
2125 61.1562
2126 61.1562
2127 61.1562
2128 61.1562
2129 61.1562
2130 61.1562
2131 61.1562
2132 61.1562
2133 61.1562
2134 61.1562
2135 61.1562
2136 61.1562
2137 61.1562
2138 61.1562
2139 61.1562
2140 61.1562
2141 61.1562
2142 61.1562
2143 61.1562
2144 61.1562
2145 61.1562
2146 61.1562
2147 61.1562
2148 61.1562
2149 61.1562
2150 61.1562
2151 61.1562
2152 61.1562
2153 61.1562
2154 61.1562
2155 61.1562
2156 61.1562
2157 61.1562
2158 61.1562
2159 61.1562
2160 61.1562
2161 61.1562
2162 61.1562
2163 61.1562
2164 61.1562
2165 61.1562
2166 61.1562
2167 61.1562
2168 61.1562
2169 61.1562
2170 61.1562
2171 61.1562
2172 61.1562
2173 61.1562
2174 61.1562
2175 61.1562
2176 61.1562
2177 61.1562
2178 61.1562
2179 61.1562
2180 61.1562
2181 61.1562
2182 61.1562
2183 61.1562
2184 61.1562
2185 61.1562
2186 61.1562
2187 61.1562
2188 61.1562
2189 61.1562
2190 61.1562
2191 61.1562
2192 61.1562
2193 61.1562
2194 61.1562
2195 61.1562
2196 61.1562
2197 61.1562
2198 61.1562
2199 61.1562
2200 61.1562
2201 61.1562
2202 61.1562
2203 61.1562
2204 61.1562
2205 61.1562
2206 61.1562
2207 61.1562
2208 61.1562
2209 61.1562
2210 61.1562
2211 61.1562
2212 61.1562
2213 61.1562
2214 61.1562
2215 61.1562
2216 61.1562
2217 61.1562
2218 61.1562
2219 61.1562
2220 61.1562
2221 61.1562
2222 61.1562
2223 61.1562
2224 61.1562
2225 61.1562
2226 61.1562
2227 61.1562
2228 61.1562
2229 61.1562
2230 61.1562
2231 61.1562
2232 61.1562
2233 61.1562
2234 61.1562
2235 61.1562
2236 61.1562
2237 61.1562
2238 61.1562
2239 61.1562
2240 61.1562
2241 61.1562
2242 61.1562
2243 61.1562
2244 61.1562
2245 61.1562
2246 61.1562
2247 61.1562
2248 61.1562
2249 61.1562
2250 61.1562
2251 61.1562
2252 61.1562
2253 61.1562
2254 61.1562
2255 61.1562
2256 61.1562
2257 61.1562
2258 61.1562
2259 61.1562
2260 61.1562
2261 61.1562
2262 61.1562
2263 61.1562
2264 61.1562
2265 61.1562
2266 61.1562
2267 61.1562
2268 61.1562
2269 61.1562
2270 61.1562
2271 61.1562
2272 61.1562
2273 61.1562
2274 61.1562
2275 61.1562
2276 61.1562
2277 61.1562
2278 61.1562
2279 61.1562
2280 61.1562
2281 61.1562
2282 61.1562
2283 61.1562
2284 61.1562
2285 61.1562
2286 61.1562
2287 61.1562
2288 61.1562
2289 61.1562
2290 61.1562
2291 61.1562
2292 61.1562
2293 61.1562
2294 61.1562
2295 61.1562
2296 61.1562
2297 61.1562
2298 61.1562
2299 61.1562
2300 61.1562
2301 61.1562
2302 61.1562
2303 61.1562
2304 61.1562
2305 61.1562
2306 61.1562
2307 61.1562
2308 61.1562
2309 61.1562
2310 61.1562
2311 61.1562
2312 61.1562
2313 61.1562
2314 61.1562
2315 61.1562
2316 61.1562
2317 61.1562
2318 61.1562
2319 61.1562
2320 61.1562
2321 61.1562
2322 61.1562
2323 61.1562
2324 61.1562
2325 61.1562
2326 61.1562
2327 61.1562
2328 61.1562
2329 61.1562
2330 61.1562
2331 61.1562
2332 61.1562
2333 61.1562
2334 61.1562
2335 61.1562
2336 61.1562
2337 61.1562
2338 61.1562
2339 61.1562
2340 61.1562
2341 61.1562
2342 61.1562
2343 61.1562
2344 61.1562
2345 61.1562
2346 61.1562
2347 61.1562
2348 61.1562
2349 61.1562
2350 61.1562
2351 61.1562
2352 61.1562
2353 61.1562
2354 61.1562
2355 61.1562
2356 61.1562
2357 61.1562
2358 61.1562
2359 61.1562
2360 61.1562
2361 61.1562
2362 61.1562
2363 61.1562
2364 61.1562
2365 61.1562
2366 61.1562
2367 61.1562
2368 61.1562
2369 61.1562
2370 61.1562
2371 61.1562
2372 61.1562
2373 61.1562
2374 61.1562
2375 61.1562
2376 61.1562
2377 61.1562
2378 61.1562
2379 61.1562
2380 61.1562
2381 61.1562
2382 61.1562
2383 61.1562
2384 61.1562
2385 61.1562
2386 61.1562
2387 61.1562
2388 61.1562
2389 61.1562
2390 61.1562
2391 61.1562
2392 61.1562
2393 61.1562
2394 61.1562
2395 61.1562
2396 61.1562
2397 61.1562
2398 61.1562
2399 61.1562
2400 61.1562
2401 61.1562
2402 61.1562
2403 61.1562
2404 61.1562
2405 61.1562
2406 61.1562
2407 61.1562
2408 61.1562
2409 61.1562
2410 61.1562
2411 61.1562
2412 61.1562
2413 61.1562
2414 61.1562
2415 61.1562
2416 61.1562
2417 61.1562
2418 61.1562
2419 61.1562
2420 61.1562
2421 61.1562
2422 61.1562
2423 61.1562
2424 61.1562
2425 61.1562
2426 61.1562
2427 61.1562
2428 61.1562
2429 61.1562
2430 61.1562
2431 61.1562
2432 61.1562
2433 61.1562
2434 61.1562
2435 61.1562
2436 61.1562
2437 61.1562
2438 61.1562
2439 61.1562
2440 61.1562
2441 61.1562
2442 61.1562
2443 61.1562
2444 61.1562
2445 61.1562
2446 61.1562
2447 61.1562
2448 61.1562
2449 61.1562
2450 61.1562
2451 61.1562
2452 61.1562
2453 61.1562
2454 61.1562
2455 61.1562
2456 61.1562
2457 61.1562
2458 61.1562
2459 61.1562
2460 61.1562
2461 61.1562
2462 61.1562
2463 61.1562
2464 61.1562
2465 61.1562
2466 61.1562
2467 61.1562
2468 61.1562
2469 61.1562
2470 61.1562
2471 61.1562
2472 61.1562
2473 61.1562
2474 61.1562
2475 61.1562
2476 61.1562
2477 61.1562
2478 61.1562
2479 61.1562
2480 61.1562
2481 61.1562
2482 61.1562
2483 61.1562
2484 61.1562
2485 61.1562
2486 61.1562
2487 61.1562
2488 61.1562
2489 61.1562
2490 61.1562
2491 61.1562
2492 61.1562
2493 61.1562
2494 61.1562
2495 61.1562
2496 61.1562
2497 61.1562
2498 61.1562
2499 61.1562
2500 61.1562
2501 61.1562
2502 61.1562
2503 61.1562
2504 61.1562
2505 61.1562
2506 61.1562
2507 61.1562
2508 61.1562
2509 61.1562
2510 61.1562
2511 61.1562
2512 61.1562
2513 61.1562
2514 61.1562
2515 61.1562
2516 61.1562
2517 61.1562
2518 61.1562
2519 61.1562
2520 61.1562
2521 61.1562
2522 61.1562
2523 61.1562
2524 61.1562
2525 61.1562
2526 61.1562
2527 61.1562
2528 61.1562
2529 61.1562
2530 61.1562
2531 61.1562
2532 61.1562
2533 61.1562
2534 61.1562
2535 61.1562
2536 61.1562
2537 61.1562
2538 61.1562
2539 61.1562
2540 61.1562
2541 61.1562
2542 61.1562
2543 61.1562
2544 61.1562
2545 61.1562
2546 61.1562
2547 61.1562
2548 61.1562
2549 61.1562
2550 61.1562
2551 61.1562
2552 61.1562
2553 61.1562
2554 61.1562
2555 61.1562
2556 61.1562
2557 61.1562
2558 61.1562
2559 61.1562
2560 61.1562
2561 61.1562
2562 61.1562
2563 61.1562
2564 61.1562
2565 61.1562
2566 61.1562
2567 61.1562
2568 61.1562
2569 61.1562
2570 61.1562
2571 61.1562
2572 61.1562
2573 61.1562
2574 61.1562
2575 61.1562
2576 61.1562
2577 61.1562
2578 61.1562
2579 61.1562
2580 61.1562
2581 61.1562
2582 61.1562
2583 61.1562
2584 61.1562
2585 61.1562
2586 61.1562
2587 61.1562
2588 61.1562
2589 61.1562
2590 61.1562
2591 61.1562
2592 61.1562
2593 61.1562
2594 61.1562
2595 61.1562
2596 61.1562
2597 61.1562
2598 61.1562
2599 61.1562
2600 61.1562
2601 61.1562
2602 61.1562
2603 61.1562
2604 61.1562
2605 61.1562
2606 61.1562
2607 61.1562
2608 61.1562
2609 61.1562
2610 61.1562
2611 61.1562
2612 61.1562
2613 61.1562
2614 61.1562
2615 61.1562
2616 61.1562
2617 61.1562
2618 61.1562
2619 61.1562
2620 61.1562
2621 61.1562
2622 61.1562
2623 61.1562
2624 61.1562
2625 61.1562
2626 61.1562
2627 61.1562
2628 61.1562
2629 61.1562
2630 61.1562
2631 61.1562
2632 61.1562
2633 61.1562
2634 61.1562
2635 61.1562
2636 61.1562
2637 61.1562
2638 61.1562
2639 61.1562
2640 61.1562
2641 61.1562
2642 61.1562
2643 61.1562
2644 61.1562
2645 61.1562
2646 61.1562
2647 61.1562
2648 61.1562
2649 61.1562
2650 61.1562
2651 61.1562
2652 61.1562
2653 61.1562
2654 61.1562
2655 61.1562
2656 61.1562
2657 61.1562
2658 61.1562
2659 61.1562
2660 61.1562
2661 61.1562
2662 61.1562
2663 61.1562
2664 61.1562
2665 61.1562
2666 61.1562
2667 61.1562
2668 61.1562
2669 61.1562
2670 61.1562
2671 61.1562
2672 61.1562
2673 61.1562
2674 61.1562
2675 61.1562
2676 61.1562
2677 61.1562
2678 61.1562
2679 61.1562
2680 61.1562
2681 61.1562
2682 61.1562
2683 61.1562
2684 61.1562
2685 61.1562
2686 61.1562
2687 61.1562
2688 61.1562
2689 61.1562
2690 61.1562
2691 61.1562
2692 61.1562
2693 61.1562
2694 61.1562
2695 61.1562
2696 61.1562
2697 61.1562
2698 61.1562
2699 61.1562
2700 61.1562
2701 61.1562
2702 61.1562
2703 61.1562
2704 61.1562
2705 61.1562
2706 61.1562
2707 61.1562
2708 61.1562
2709 61.1562
2710 61.1562
2711 61.1562
2712 61.1562
2713 61.1562
2714 61.1562
2715 61.1562
2716 61.1562
2717 61.1562
2718 61.1562
2719 61.1562
2720 61.1562
2721 61.1562
2722 61.1562
2723 61.1562
2724 61.1562
2725 61.1562
2726 61.1562
2727 61.1562
2728 61.1562
2729 61.1562
2730 61.1562
2731 61.1562
2732 61.1562
2733 61.1562
2734 61.1562
2735 61.1562
2736 61.1562
2737 61.1562
2738 61.1562
2739 61.1562
2740 61.1562
2741 61.1562
2742 61.1562
2743 61.1562
2744 61.1562
2745 61.1562
2746 61.1562
2747 61.1562
2748 61.1562
2749 61.1562
2750 61.1562
2751 61.1562
2752 61.1562
2753 61.1562
2754 61.1562
2755 61.1562
2756 61.1562
2757 61.1562
2758 61.1562
2759 61.1562
2760 61.1562
2761 61.1562
2762 61.1562
2763 61.1562
2764 61.1562
2765 61.1562
2766 61.1562
2767 61.1562
2768 61.1562
2769 61.1562
2770 61.1562
2771 61.1562
2772 61.1562
2773 61.1562
2774 61.1562
2775 61.1562
2776 61.1562
2777 61.1562
2778 61.1562
2779 61.1562
2780 61.1562
2781 61.1562
2782 61.1562
2783 61.1562
2784 61.1562
2785 61.1562
2786 61.1562
2787 61.1562
2788 61.1562
2789 61.1562
2790 61.1562
2791 61.1562
2792 61.1562
2793 61.1562
2794 61.1562
2795 61.1562
2796 61.1562
2797 61.1562
2798 61.1562
2799 61.1562
2800 61.1562
2801 61.1562
2802 61.1562
2803 61.1562
2804 61.1562
2805 61.1562
2806 61.1562
2807 61.1562
2808 61.1562
2809 61.1562
2810 61.1562
2811 61.1562
2812 61.1562
2813 61.1562
2814 61.1562
2815 61.1562
2816 61.1562
2817 61.1562
2818 61.1562
2819 61.1562
2820 61.1562
2821 61.1562
2822 61.1562
2823 61.1562
2824 61.1562
2825 61.1562
2826 61.1562
2827 61.1562
2828 61.1562
2829 61.1562
2830 61.1562
2831 61.1562
2832 61.1562
2833 61.1562
2834 61.1562
2835 61.1562
2836 61.1562
2837 61.1562
2838 61.1562
2839 61.1562
2840 61.1562
2841 61.1562
2842 61.1562
2843 61.1562
2844 61.1562
2845 61.1562
2846 61.1562
2847 61.1562
2848 61.1562
2849 61.1562
2850 61.1562
2851 61.1562
2852 61.1562
2853 61.1562
2854 61.1562
2855 61.1562
2856 61.1562
2857 61.1562
2858 61.1562
2859 61.1562
2860 61.1562
2861 61.1562
2862 61.1562
2863 61.1562
2864 61.1562
2865 61.1562
2866 61.1562
2867 61.1562
2868 61.1562
2869 61.1562
2870 61.1562
2871 61.1562
2872 61.1562
2873 61.1562
2874 61.1562
2875 61.1562
2876 61.1562
2877 61.1562
2878 61.1562
2879 61.1562
2880 61.1562
2881 61.1562
2882 61.1562
2883 61.1562
2884 61.1562
2885 61.1562
2886 61.1562
2887 61.1562
2888 61.1562
2889 61.1562
2890 61.1562
2891 61.1562
2892 61.1562
2893 61.1562
2894 61.1562
2895 61.1562
2896 61.1562
2897 61.1562
2898 61.1562
2899 61.1562
2900 61.1562
2901 61.1562
2902 61.1562
2903 61.1562
2904 61.1562
2905 61.1562
2906 61.1562
2907 61.1562
2908 61.1562
2909 61.1562
2910 61.1562
2911 61.1562
2912 61.1562
2913 61.1562
2914 61.1562
2915 61.1562
2916 61.1562
2917 61.1562
2918 61.1562
2919 61.1562
2920 61.1562
2921 61.1562
2922 61.1562
2923 61.1562
2924 61.1562
2925 61.1562
2926 61.1562
2927 61.1562
2928 61.1562
2929 61.1562
2930 61.1562
2931 61.1562
2932 61.1562
2933 61.1562
2934 61.1562
2935 61.1562
2936 61.1562
2937 61.1562
2938 61.1562
2939 61.1562
2940 61.1562
2941 61.1562
2942 61.1562
2943 61.1562
2944 61.1562
2945 61.1562
2946 61.1562
2947 61.1562
2948 61.1562
2949 61.1562
2950 61.1562
2951 61.1562
2952 61.1562
2953 61.1562
2954 61.1562
2955 61.1562
2956 61.1562
2957 61.1562
2958 61.1562
2959 61.1562
2960 61.1562
2961 61.1562
2962 61.1562
2963 61.1562
2964 61.1562
2965 61.1562
2966 61.1562
2967 61.1562
2968 61.1562
2969 61.1562
2970 61.1562
2971 61.1562
2972 61.1562
2973 61.1562
2974 61.1562
2975 61.1562
2976 61.1562
2977 61.1562
2978 61.1562
2979 61.1562
2980 61.1562
2981 61.1562
2982 61.1562
2983 61.1562
2984 61.1562
2985 61.1562
2986 61.1562
2987 61.1562
2988 61.1562
2989 61.1562
2990 61.1562
2991 61.1562
2992 61.1562
2993 61.1562
2994 61.1562
2995 61.1562
2996 61.1562
2997 61.1562
2998 61.1562
2999 61.1562
3000 61.1562
3001 61.1562
3002 61.1562
3003 61.1562
3004 61.1562
3005 61.1562
3006 61.1562
3007 61.1562
3008 61.1562
3009 61.1562
3010 61.1562
3011 61.1562
3012 61.1562
3013 61.1562
3014 61.1562
3015 61.1562
3016 61.1562
3017 61.1562
3018 61.1562
3019 61.1562
3020 61.1562
3021 61.1562
3022 61.1562
3023 61.1562
3024 61.1562
3025 61.1562
3026 61.1562
3027 61.1562
3028 61.1562
3029 61.1562
3030 61.1562
3031 61.1562
3032 61.1562
3033 61.1562
3034 61.1562
3035 61.1562
3036 61.1562
3037 61.1562
3038 61.1562
3039 61.1562
3040 61.1562
3041 61.1562
3042 61.1562
3043 61.1562
3044 61.1562
3045 61.1562
3046 61.1562
3047 61.1562
3048 61.1562
3049 61.1562
3050 61.1562
3051 61.1562
3052 61.1562
3053 61.1562
3054 61.1562
3055 61.1562
3056 61.1562
3057 61.1562
3058 61.1562
3059 61.1562
3060 61.1562
3061 61.1562
3062 61.1562
3063 61.1562
3064 61.1562
3065 61.1562
3066 61.1562
3067 61.1562
3068 61.1562
3069 61.1562
3070 61.1562
3071 61.1562
3072 61.1562
3073 61.1562
3074 61.1562
3075 61.1562
3076 61.1562
3077 61.1562
3078 61.1562
3079 61.1562
3080 61.1562
3081 61.1562
3082 61.1562
3083 61.1562
3084 61.1562
3085 61.1562
3086 61.1562
3087 61.1562
3088 61.1562
3089 61.1562
3090 61.1562
3091 61.1562
3092 61.1562
3093 61.1562
3094 61.1562
3095 61.1562
3096 61.1562
3097 61.1562
3098 61.1562
3099 61.1562
3100 61.1562
3101 61.1562
3102 61.1562
3103 61.1562
3104 61.1562
3105 61.1562
3106 61.1562
3107 61.1562
3108 61.1562
3109 61.1562
3110 61.1562
3111 61.1562
3112 61.1562
3113 61.1562
3114 61.1562
3115 61.1562
3116 61.1562
3117 61.1562
3118 61.1562
3119 61.1562
3120 61.1562
3121 61.1562
3122 61.1562
3123 61.1562
3124 61.1562
3125 61.1562
3126 61.1562
3127 61.1562
3128 61.1562
3129 61.1562
3130 61.1562
3131 61.1562
3132 61.1562
3133 61.1562
3134 61.1562
3135 61.1562
3136 61.1562
3137 61.1562
3138 61.1562
3139 61.1562
3140 61.1562
3141 61.1562
3142 61.1562
3143 61.1562
3144 61.1562
3145 61.1562
3146 61.1562
3147 61.1562
3148 61.1562
3149 61.1562
3150 61.1562
3151 61.1562
3152 61.1562
3153 61.1562
3154 61.1562
3155 61.1562
3156 61.1562
3157 61.1562
3158 61.1562
3159 61.1562
3160 61.1562
3161 61.1562
3162 61.1562
3163 61.1562
3164 61.1562
3165 61.1562
3166 61.1562
3167 61.1562
3168 61.1562
3169 61.1562
3170 61.1562
3171 61.1562
3172 61.1562
3173 61.1562
3174 61.1562
3175 61.1562
3176 61.1562
3177 61.1562
3178 61.1562
3179 61.1562
3180 61.1562
3181 61.1562
3182 61.1562
3183 61.1562
3184 61.1562
3185 61.1562
3186 61.1562
3187 61.1562
3188 61.1562
3189 61.1562
3190 61.1562
3191 61.1562
3192 61.1562
3193 61.1562
3194 61.1562
3195 61.1562
3196 61.1562
3197 61.1562
3198 61.1562
3199 61.1562
3200 61.1562
3201 61.1562
3202 61.1562
3203 61.1562
3204 61.1562
3205 61.1562
3206 61.1562
3207 61.1562
3208 61.1562
3209 61.1562
3210 61.1562
3211 61.1562
3212 61.1562
3213 61.1562
3214 61.1562
3215 61.1562
3216 61.1562
3217 61.1562
3218 61.1562
3219 61.1562
3220 61.1562
3221 61.1562
3222 61.1562
3223 61.1562
3224 61.1562
3225 61.1562
3226 61.1562
3227 61.1562
3228 61.1562
3229 61.1562
3230 61.1562
3231 61.1562
3232 61.1562
3233 61.1562
3234 61.1562
3235 61.1562
3236 61.1562
3237 61.1562
3238 61.1562
3239 61.1562
3240 61.1562
3241 61.1562
3242 61.1562
3243 61.1562
3244 61.1562
3245 61.1562
3246 61.1562
3247 61.1562
3248 61.1562
3249 61.1562
3250 61.1562
3251 61.1562
3252 61.1562
3253 61.1562
3254 61.1562
3255 61.1562
3256 61.1562
3257 61.1562
3258 61.1562
3259 61.1562
3260 61.1562
3261 61.1562
3262 61.1562
3263 61.1562
3264 61.1562
3265 61.1562
3266 61.1562
3267 61.1562
3268 61.1562
3269 61.1562
3270 61.1562
3271 61.1562
3272 61.1562
3273 61.1562
3274 61.1562
3275 61.1562
3276 61.1562
3277 61.1562
3278 61.1562
3279 61.1562
3280 61.1562
3281 61.1562
3282 61.1562
3283 61.1562
3284 61.1562
3285 61.1562
3286 61.1562
3287 61.1562
3288 61.1562
3289 61.1562
3290 61.1562
3291 61.1562
3292 61.1562
3293 61.1562
3294 61.1562
3295 61.1562
3296 61.1562
3297 61.1562
3298 61.1562
3299 61.1562
3300 61.1562
3301 61.1562
3302 61.1562
3303 61.1562
3304 61.1562
3305 61.1562
3306 61.1562
3307 61.1562
3308 61.1562
3309 61.1562
3310 61.1562
3311 61.1562
3312 61.1562
3313 61.1562
3314 61.1562
3315 61.1562
3316 61.1562
3317 61.1562
3318 61.1562
3319 61.1562
3320 61.1562
3321 61.1562
3322 61.1562
3323 61.1562
3324 61.1562
3325 61.1562
3326 61.1562
3327 61.1562
3328 61.1562
3329 61.1562
3330 61.1562
3331 61.1562
3332 61.1562
3333 61.1562
3334 61.1562
3335 61.1562
3336 61.1562
3337 61.1562
3338 61.1562
3339 61.1562
3340 61.1562
3341 61.1562
3342 61.1562
3343 61.1562
3344 61.1562
3345 61.1562
3346 61.1562
3347 61.1562
3348 61.1562
3349 61.1562
3350 61.1562
3351 61.1562
3352 61.1562
3353 61.1562
3354 61.1562
3355 61.1562
3356 61.1562
3357 61.1562
3358 61.1562
3359 61.1562
3360 61.1562
3361 61.1562
3362 61.1562
3363 61.1562
3364 61.1562
3365 61.1562
3366 61.1562
3367 61.1562
3368 61.1562
3369 61.1562
3370 61.1562
3371 61.1562
3372 61.1562
3373 61.1562
3374 61.1562
3375 61.1562
3376 61.1562
3377 61.1562
3378 61.1562
3379 61.1562
3380 61.1562
3381 61.1562
3382 61.1562
3383 61.1562
3384 61.1562
3385 61.1562
3386 61.1562
3387 61.1562
3388 61.1562
3389 61.1562
3390 61.1562
3391 61.1562
3392 61.1562
3393 61.1562
3394 61.1562
3395 61.1562
3396 61.1562
3397 61.1562
3398 61.1562
3399 61.1562
3400 61.1562
3401 61.1562
3402 61.1562
3403 61.1562
3404 61.1562
3405 61.1562
3406 61.1562
3407 61.1562
3408 61.1562
3409 61.1562
3410 61.1562
3411 61.1562
3412 61.1562
3413 61.1562
3414 61.1562
3415 61.1562
3416 61.1562
3417 61.1562
3418 61.1562
3419 61.1562
3420 61.1562
3421 61.1562
3422 61.1562
3423 61.1562
3424 61.1562
3425 61.1562
3426 61.1562
3427 61.1562
3428 61.1562
3429 61.1562
3430 61.1562
3431 61.1562
3432 61.1562
3433 61.1562
3434 61.1562
3435 61.1562
3436 61.1562
3437 61.1562
3438 61.1562
3439 61.1562
3440 61.1562
3441 61.1562
3442 61.1562
3443 61.1562
3444 61.1562
3445 61.1562
3446 61.1562
3447 61.1562
3448 61.1562
3449 61.1562
3450 61.1562
3451 61.1562
3452 61.1562
3453 61.1562
3454 61.1562
3455 61.1562
3456 61.1562
3457 61.1562
3458 61.1562
3459 61.1562
3460 61.1562
3461 61.1562
3462 61.1562
3463 61.1562
3464 61.1562
3465 61.1562
3466 61.1562
3467 61.1562
3468 61.1562
3469 61.1562
3470 61.1562
3471 61.1562
3472 61.1562
3473 61.1562
3474 61.1562
3475 61.1562
3476 61.1562
3477 61.1562
3478 61.1562
3479 61.1562
3480 61.1562
3481 61.1562
3482 61.1562
3483 61.1562
3484 61.1562
3485 61.1562
3486 61.1562
3487 61.1562
3488 61.1562
3489 61.1562
3490 61.1562
3491 61.1562
3492 61.1562
3493 61.1562
3494 61.1562
3495 61.1562
3496 61.1562
3497 61.1562
3498 61.1562
3499 61.1562
3500 61.1562
3501 61.1562
3502 61.1562
3503 61.1562
3504 61.1562
3505 61.1562
3506 61.1562
3507 61.1562
3508 61.1562
3509 61.1562
3510 61.1562
3511 61.1562
3512 61.1562
3513 61.1562
3514 61.1562
3515 61.1562
3516 61.1562
3517 61.1562
3518 61.1562
3519 61.1562
3520 61.1562
3521 61.1562
3522 61.1562
3523 61.1562
3524 61.1562
3525 61.1562
3526 61.1562
3527 61.1562
3528 61.1562
3529 61.1562
3530 61.1562
3531 61.1562
3532 61.1562
3533 61.1562
3534 61.1562
3535 61.1562
3536 61.1562
3537 61.1562
3538 61.1562
3539 61.1562
3540 61.1562
3541 61.1562
3542 61.1562
3543 61.1562
3544 61.1562
3545 61.1562
3546 61.1562
3547 61.1562
3548 61.1562
3549 61.1562
3550 61.1562
3551 61.1562
3552 61.1562
3553 61.1562
3554 61.1562
3555 61.1562
3556 61.1562
3557 61.1562
3558 61.1562
3559 61.1562
3560 61.1562
3561 61.1562
3562 61.1562
3563 61.1562
3564 61.1562
3565 61.1562
3566 61.1562
3567 61.1562
3568 61.1562
3569 61.1562
3570 61.1562
3571 61.1562
3572 61.1562
3573 61.1562
3574 61.1562
3575 61.1562
3576 61.1562
3577 61.1562
3578 61.1562
3579 61.1562
3580 61.1562
3581 61.1562
3582 61.1562
3583 61.1562
3584 61.1562
3585 61.1562
3586 61.1562
3587 61.1562
3588 61.1562
3589 61.1562
3590 61.1562
3591 61.1562
3592 61.1562
3593 61.1562
3594 61.1562
3595 61.1562
3596 61.1562
3597 61.1562
3598 61.1562
3599 61.1562
3600 61.1562
3601 61.1562
3602 61.1562
3603 61.1562
3604 61.1562
3605 61.1562
3606 61.1562
3607 61.1562
3608 61.1562
3609 61.1562
3610 61.1562
3611 61.1562
3612 61.1562
3613 61.1562
3614 61.1562
3615 61.1562
3616 61.1562
3617 61.1562
3618 61.1562
3619 61.1562
3620 61.1562
3621 61.1562
3622 61.1562
3623 61.1562
3624 61.1562
3625 61.1562
3626 61.1562
3627 61.1562
3628 61.1562
3629 61.1562
3630 61.1562
3631 61.1562
3632 61.1562
3633 61.1562
3634 61.1562
3635 61.1562
3636 61.1562
3637 61.1562
3638 61.1562
3639 61.1562
3640 61.1562
3641 61.1562
3642 61.1562
3643 61.1562
3644 61.1562
3645 61.1562
3646 61.1562
3647 61.1562
3648 61.1562
3649 61.1562
3650 61.1562
3651 61.1562
3652 61.1562
3653 61.1562
3654 61.1562
3655 61.1562
3656 61.1562
3657 61.1562
3658 61.1562
3659 61.1562
3660 61.1562
3661 61.1562
3662 61.1562
3663 61.1562
3664 61.1562
3665 61.1562
3666 61.1562
3667 61.1562
3668 61.1562
3669 61.1562
3670 61.1562
3671 61.1562
3672 61.1562
3673 61.1562
3674 61.1562
3675 61.1562
3676 61.1562
3677 61.1562
3678 61.1562
3679 61.1562
3680 61.1562
3681 61.1562
3682 61.1562
3683 61.1562
3684 61.1562
3685 61.1562
3686 61.1562
3687 61.1562
3688 61.1562
3689 61.1562
3690 61.1562
3691 61.1562
3692 61.1562
3693 61.1562
3694 61.1562
3695 61.1562
3696 61.1562
3697 61.1562
3698 61.1562
3699 61.1562
3700 61.1562
3701 61.1562
3702 61.1562
3703 61.1562
3704 61.1562
3705 61.1562
3706 61.1562
3707 61.1562
3708 61.1562
3709 61.1562
3710 61.1562
3711 61.1562
3712 61.1562
3713 61.1562
3714 61.1562
3715 61.1562
3716 61.1562
3717 61.1562
3718 61.1562
3719 61.1562
3720 61.1562
3721 61.1562
3722 61.1562
3723 61.1562
3724 61.1562
3725 61.1562
3726 61.1562
3727 61.1562
3728 61.1562
3729 61.1562
3730 61.1562
3731 61.1562
3732 61.1562
3733 61.1562
3734 61.1562
3735 61.1562
3736 61.1562
3737 61.1562
3738 61.1562
3739 61.1562
3740 61.1562
3741 61.1562
3742 61.1562
3743 61.1562
3744 61.1562
3745 61.1562
3746 61.1562
3747 61.1562
3748 61.1562
3749 61.1562
3750 61.1562
3751 61.1562
3752 61.1562
3753 61.1562
3754 61.1562
3755 61.1562
3756 61.1562
3757 61.1562
3758 61.1562
3759 61.1562
3760 61.1562
3761 61.1562
3762 61.1562
3763 61.1562
3764 61.1562
3765 61.1562
3766 61.1562
3767 61.1562
3768 61.1562
3769 61.1562
3770 61.1562
3771 61.1562
3772 61.1562
3773 61.1562
3774 61.1562
3775 61.1562
3776 61.1562
3777 61.1562
3778 61.1562
3779 61.1562
3780 61.1562
3781 61.1562
3782 61.1562
3783 61.1562
3784 61.1562
3785 61.1562
3786 61.1562
3787 61.1562
3788 61.1562
3789 61.1562
3790 61.1562
3791 61.1562
3792 61.1562
3793 61.1562
3794 61.1562
3795 61.1562
3796 61.1562
3797 61.1562
3798 61.1562
3799 61.1562
3800 61.1562
3801 61.1562
3802 61.1562
3803 61.1562
3804 61.1562
3805 61.1562
3806 61.1562
3807 61.1562
3808 61.1562
3809 61.1562
3810 61.1562
3811 61.1562
3812 61.1562
3813 61.1562
3814 61.1562
3815 61.1562
3816 61.1562
3817 61.1562
3818 61.1562
3819 61.1562
3820 61.1562
3821 61.1562
3822 61.1562
3823 61.1562
3824 61.1562
3825 61.1562
3826 61.1562
3827 61.1562
3828 61.1562
3829 61.1562
3830 61.1562
3831 61.1562
3832 61.1562
3833 61.1562
3834 61.1562
3835 61.1562
3836 61.1562
3837 61.1562
3838 61.1562
3839 61.1562
3840 61.1562
3841 61.1562
3842 61.1562
3843 61.1562
3844 61.1562
3845 61.1562
3846 61.1562
3847 61.1562
3848 61.1562
3849 61.1562
3850 61.1562
3851 61.1562
3852 61.1562
3853 61.1562
3854 61.1562
3855 61.1562
3856 61.1562
3857 61.1562
3858 61.1562
3859 61.1562
3860 61.1562
3861 61.1562
3862 61.1562
3863 61.1562
3864 61.1562
3865 61.1562
3866 61.1562
3867 61.1562
3868 61.1562
3869 61.1562
3870 61.1562
3871 61.1562
3872 61.1562
3873 61.1562
3874 61.1562
3875 61.1562
3876 61.1562
3877 61.1562
3878 61.1562
3879 61.1562
3880 61.1562
3881 61.1562
3882 61.1562
3883 61.1562
3884 61.1562
3885 61.1562
3886 61.1562
3887 61.1562
3888 61.1562
3889 61.1562
3890 61.1562
3891 61.1562
3892 61.1562
3893 61.1562
3894 61.1562
3895 61.1562
3896 61.1562
3897 61.1562
3898 61.1562
3899 61.1562
3900 61.1562
3901 61.1562
3902 61.1562
3903 61.1562
3904 61.1562
3905 61.1562
3906 61.1562
3907 61.1562
3908 61.1562
3909 61.1562
3910 61.1562
3911 61.1562
3912 61.1562
3913 61.1562
3914 61.1562
3915 61.1562
3916 61.1562
3917 61.1562
3918 61.1562
3919 61.1562
3920 61.1562
3921 61.1562
3922 61.1562
3923 61.1562
3924 61.1562
3925 61.1562
3926 61.1562
3927 61.1562
3928 61.1562
3929 61.1562
3930 61.1562
3931 61.1562
3932 61.1562
3933 61.1562
3934 61.1562
3935 61.1562
3936 61.1562
3937 61.1562
3938 61.1562
3939 61.1562
3940 61.1562
3941 61.1562
3942 61.1562
3943 61.1562
3944 61.1562
3945 61.1562
3946 61.1562
3947 61.1562
3948 61.1562
3949 61.1562
3950 61.1562
3951 61.1562
3952 61.1562
3953 61.1562
3954 61.1562
3955 61.1562
3956 61.1562
3957 61.1562
3958 61.1562
3959 61.1562
3960 61.1562
3961 61.1562
3962 61.1562
3963 61.1562
3964 61.1562
3965 61.1562
3966 61.1562
3967 61.1562
3968 61.1562
3969 61.1562
3970 61.1562
3971 61.1562
3972 61.1562
3973 61.1562
3974 61.1562
3975 61.1562
3976 61.1562
3977 61.1562
3978 61.1562
3979 61.1562
3980 61.1562
3981 61.1562
3982 61.1562
3983 61.1562
3984 61.1562
3985 61.1562
3986 61.1562
3987 61.1562
3988 61.1562
3989 61.1562
3990 61.1562
3991 61.1562
3992 61.1562
3993 61.1562
3994 61.1562
3995 61.1562
3996 61.1562
3997 61.1562
3998 61.1562
3999 61.1562
4000 61.1562
4001 61.1562
4002 61.1562
4003 61.1562
4004 61.1562
4005 61.1562
4006 61.1562
4007 61.1562
4008 61.1562
4009 61.1562
4010 61.1562
4011 61.1562
4012 61.1562
4013 61.1562
4014 61.1562
4015 61.1562
4016 61.1562
4017 61.1562
4018 61.1562
4019 61.1562
4020 61.1562
4021 61.1562
4022 61.1562
4023 61.1562
4024 61.1562
4025 61.1562
4026 61.1562
4027 61.1562
4028 61.1562
4029 61.1562
4030 61.1562
4031 61.1562
4032 61.1562
4033 61.1562
4034 61.1562
4035 61.1562
4036 61.1562
4037 61.1562
4038 61.1562
4039 61.1562
4040 61.1562
4041 61.1562
4042 61.1562
4043 61.1562
4044 61.1562
4045 61.1562
4046 61.1562
4047 61.1562
4048 61.1562
4049 61.1562
4050 61.1562
4051 61.1562
4052 61.1562
4053 61.1562
4054 61.1562
4055 61.1562
4056 61.1562
4057 61.1562
4058 61.1562
4059 61.1562
4060 61.1562
4061 61.1562
4062 61.1562
4063 61.1562
4064 61.1562
4065 61.1562
4066 61.1562
4067 61.1562
4068 61.1562
4069 61.1562
4070 61.1562
4071 61.1562
4072 61.1562
4073 61.1562
4074 61.1562
4075 61.1562
4076 61.1562
4077 61.1562
4078 61.1562
4079 61.1562
4080 61.1562
4081 61.1562
4082 61.1562
4083 61.1562
4084 61.1562
4085 61.1562
4086 61.1562
4087 61.1562
4088 61.1562
4089 61.1562
4090 61.1562
4091 61.1562
4092 61.1562
4093 61.1562
4094 61.1562
4095 61.1562
4096 61.1562
4097 61.1562
4098 61.1562
4099 61.1562
4100 61.1562
4101 61.1562
4102 61.1562
4103 61.1562
4104 61.1562
4105 61.1562
4106 61.1562
4107 61.1562
4108 61.1562
4109 61.1562
4110 61.1562
4111 61.1562
4112 61.1562
4113 61.1562
4114 61.1562
4115 61.1562
4116 61.1562
4117 61.1562
4118 61.1562
4119 61.1562
4120 61.1562
4121 61.1562
4122 61.1562
4123 61.1562
4124 61.1562
4125 61.1562
4126 61.1562
4127 61.1562
4128 61.1562
4129 61.1562
4130 61.1562
4131 61.1562
4132 61.1562
4133 61.1562
4134 61.1562
4135 61.1562
4136 61.1562
4137 61.1562
4138 61.1562
4139 61.1562
4140 61.1562
4141 61.1562
4142 61.1562
4143 61.1562
4144 61.1562
4145 61.1562
4146 61.1562
4147 61.1562
4148 61.1562
4149 61.1562
4150 61.1562
4151 61.1562
4152 61.1562
4153 61.1562
4154 61.1562
4155 61.1562
4156 61.1562
4157 61.1562
4158 61.1562
4159 61.1562
4160 61.1562
4161 61.1562
4162 61.1562
4163 61.1562
4164 61.1562
4165 61.1562
4166 61.1562
4167 61.1562
4168 61.1562
4169 61.1562
4170 61.1562
4171 61.1562
4172 61.1562
4173 61.1562
4174 61.1562
4175 61.1562
4176 61.1562
4177 61.1562
4178 61.1562
4179 61.1562
4180 61.1562
4181 61.1562
4182 61.1562
4183 61.1562
4184 61.1562
4185 61.1562
4186 61.1562
4187 61.1562
4188 61.1562
4189 61.1562
4190 61.1562
4191 61.1562
4192 61.1562
4193 61.1562
4194 61.1562
4195 61.1562
4196 61.1562
4197 61.1562
4198 61.1562
4199 61.1562
4200 61.1562
4201 61.1562
4202 61.1562
4203 61.1562
4204 61.1562
4205 61.1562
4206 61.1562
4207 61.1562
4208 61.1562
4209 61.1562
4210 61.1562
4211 61.1562
4212 61.1562
4213 61.1562
4214 61.1562
4215 61.1562
4216 61.1562
4217 61.1562
4218 61.1562
4219 61.1562
4220 61.1562
4221 61.1562
4222 61.1562
4223 61.1562
4224 61.1562
4225 61.1562
4226 61.1562
4227 61.1562
4228 61.1562
4229 61.1562
4230 61.1562
4231 61.1562
4232 61.1562
4233 61.1562
4234 61.1562
4235 61.1562
4236 61.1562
4237 61.1562
4238 61.1562
4239 61.1562
4240 61.1562
4241 61.1562
4242 61.1562
4243 61.1562
4244 61.1562
4245 61.1562
4246 61.1562
4247 61.1562
4248 61.1562
4249 61.1562
4250 61.1562
4251 61.1562
4252 61.1562
4253 61.1562
4254 61.1562
4255 61.1562
4256 61.1562
4257 61.1562
4258 61.1562
4259 61.1562
4260 61.1562
4261 61.1562
4262 61.1562
4263 61.1562
4264 61.1562
4265 61.1562
4266 61.1562
4267 61.1562
4268 61.1562
4269 61.1562
4270 61.1562
4271 61.1562
4272 61.1562
4273 61.1562
4274 61.1562
4275 61.1562
4276 61.1562
4277 61.1562
4278 61.1562
4279 61.1562
4280 61.1562
4281 61.1562
4282 61.1562
4283 61.1562
4284 61.1562
4285 61.1562
4286 61.1562
4287 61.1562
4288 61.1562
4289 61.1562
4290 61.1562
4291 61.1562
4292 61.1562
4293 61.1562
4294 61.1562
4295 61.1562
4296 61.1562
4297 61.1562
4298 61.1562
4299 61.1562
4300 61.1562
4301 61.1562
4302 61.1562
4303 61.1562
4304 61.1562
4305 61.1562
4306 61.1562
4307 61.1562
4308 61.1562
4309 61.1562
4310 61.1562
4311 61.1562
4312 61.1562
4313 61.1562
4314 61.1562
4315 61.1562
4316 61.1562
4317 61.1562
4318 61.1562
4319 61.1562
4320 61.1562
4321 61.1562
4322 61.1562
4323 61.1562
4324 61.1562
4325 61.1562
4326 61.1562
4327 61.1562
4328 61.1562
4329 61.1562
4330 61.1562
4331 61.1562
4332 61.1562
4333 61.1562
4334 61.1562
4335 61.1562
4336 61.1562
4337 61.1562
4338 61.1562
4339 61.1562
4340 61.1562
4341 61.1562
4342 61.1562
4343 61.1562
4344 61.1562
4345 61.1562
4346 61.1562
4347 61.1562
4348 61.1562
4349 61.1562
4350 61.1562
4351 61.1562
4352 61.1562
4353 61.1562
4354 61.1562
4355 61.1562
4356 61.1562
4357 61.1562
4358 61.1562
4359 61.1562
4360 61.1562
4361 61.1562
4362 61.1562
4363 61.1562
4364 61.1562
4365 61.1562
4366 61.1562
4367 61.1562
4368 61.1562
4369 61.1562
4370 61.1562
4371 61.1562
4372 61.1562
4373 61.1562
4374 61.1562
4375 61.1562
4376 61.1562
4377 61.1562
4378 61.1562
4379 61.1562
4380 61.1562
4381 61.1562
4382 61.1562
4383 61.1562
4384 61.1562
4385 61.1562
4386 61.1562
4387 61.1562
4388 61.1562
4389 61.1562
4390 61.1562
4391 61.1562
4392 61.1562
4393 61.1562
4394 61.1562
4395 61.1562
4396 61.1562
4397 61.1562
4398 61.1562
4399 61.1562
4400 61.1562
4401 61.1562
4402 61.1562
4403 61.1562
4404 61.1562
4405 61.1562
4406 61.1562
4407 61.1562
4408 61.1562
4409 61.1562
4410 61.1562
4411 61.1562
4412 61.1562
4413 61.1562
4414 61.1562
4415 61.1562
4416 61.1562
4417 61.1562
4418 61.1562
4419 61.1562
4420 61.1562
4421 61.1562
4422 61.1562
4423 61.1562
4424 61.1562
4425 61.1562
4426 61.1562
4427 61.1562
4428 61.1562
4429 61.1562
4430 61.1562
4431 61.1562
4432 61.1562
4433 61.1562
4434 61.1562
4435 61.1562
4436 61.1562
4437 61.1562
4438 61.1562
4439 61.1562
4440 61.1562
4441 61.1562
4442 61.1562
4443 61.1562
4444 61.1562
4445 61.1562
4446 61.1562
4447 61.1562
4448 61.1562
4449 61.1562
4450 61.1562
4451 61.1562
4452 61.1562
4453 61.1562
4454 61.1562
4455 61.1562
4456 61.1562
4457 61.1562
4458 61.1562
4459 61.1562
4460 61.1562
4461 61.1562
4462 61.1562
4463 61.1562
4464 61.1562
4465 61.1562
4466 61.1562
4467 61.1562
4468 61.1562
4469 61.1562
4470 61.1562
4471 61.1562
4472 61.1562
4473 61.1562
4474 61.1562
4475 61.1562
4476 61.1562
4477 61.1562
4478 61.1562
4479 61.1562
4480 61.1562
4481 61.1562
4482 61.1562
4483 61.1562
4484 61.1562
4485 61.1562
4486 61.1562
4487 61.1562
4488 61.1562
4489 61.1562
4490 61.1562
4491 61.1562
4492 61.1562
4493 61.1562
4494 61.1562
4495 61.1562
4496 61.1562
4497 61.1562
4498 61.1562
4499 61.1562
4500 61.1562
4501 61.1562
4502 61.1562
4503 61.1562
4504 61.1562
4505 61.1562
4506 61.1562
4507 61.1562
4508 61.1562
4509 61.1562
4510 61.1562
4511 61.1562
4512 61.1562
4513 61.1562
4514 61.1562
4515 61.1562
4516 61.1562
4517 61.1562
4518 61.1562
4519 61.1562
4520 61.1562
4521 61.1562
4522 61.1562
4523 61.1562
4524 61.1562
4525 61.1562
4526 61.1562
4527 61.1562
4528 61.1562
4529 61.1562
4530 61.1562
4531 61.1562
4532 61.1562
4533 61.1562
4534 61.1562
4535 61.1562
4536 61.1562
4537 61.1562
4538 61.1562
4539 61.1562
4540 61.1562
4541 61.1562
4542 61.1562
4543 61.1562
4544 61.1562
4545 61.1562
4546 61.1562
4547 61.1562
4548 61.1562
4549 61.1562
4550 61.1562
4551 61.1562
4552 61.1562
4553 61.1562
4554 61.1562
4555 61.1562
4556 61.1562
4557 61.1562
4558 61.1562
4559 61.1562
4560 61.1562
4561 61.1562
4562 61.1562
4563 61.1562
4564 61.1562
4565 61.1562
4566 61.1562
4567 61.1562
4568 61.1562
4569 61.1562
4570 61.1562
4571 61.1562
4572 61.1562
4573 61.1562
4574 61.1562
4575 61.1562
4576 61.1562
4577 61.1562
4578 61.1562
4579 61.1562
4580 61.1562
4581 61.1562
4582 61.1562
4583 61.1562
4584 61.1562
4585 61.1562
4586 61.1562
4587 61.1562
4588 61.1562
4589 61.1562
4590 61.1562
4591 61.1562
4592 61.1562
4593 61.1562
4594 61.1562
4595 61.1562
4596 61.1562
4597 61.1562
4598 61.1562
4599 61.1562
4600 61.1562
4601 61.1562
4602 61.1562
4603 61.1562
4604 61.1562
4605 61.1562
4606 61.1562
4607 61.1562
4608 61.1562
4609 61.1562
4610 61.1562
4611 61.1562
4612 61.1562
4613 61.1562
4614 61.1562
4615 61.1562
4616 61.1562
4617 61.1562
4618 61.1562
4619 61.1562
4620 61.1562
4621 61.1562
4622 61.1562
4623 61.1562
4624 61.1562
4625 61.1562
4626 61.1562
4627 61.1562
4628 61.1562
4629 61.1562
4630 61.1562
4631 61.1562
4632 61.1562
4633 61.1562
4634 61.1562
4635 61.1562
4636 61.1562
4637 61.1562
4638 61.1562
4639 61.1562
4640 61.1562
4641 61.1562
4642 61.1562
4643 61.1562
4644 61.1562
4645 61.1562
4646 61.1562
4647 61.1562
4648 61.1562
4649 61.1562
4650 61.1562
4651 61.1562
4652 61.1562
4653 61.1562
4654 61.1562
4655 61.1562
4656 61.1562
4657 61.1562
4658 61.1562
4659 61.1562
4660 61.1562
4661 61.1562
4662 61.1562
4663 61.1562
4664 61.1562
4665 61.1562
4666 61.1562
4667 61.1562
4668 61.1562
4669 61.1562
4670 61.1562
4671 61.1562
4672 61.1562
4673 61.1562
4674 61.1562
4675 61.1562
4676 61.1562
4677 61.1562
4678 61.1562
4679 61.1562
4680 61.1562
4681 61.1562
4682 61.1562
4683 61.1562
4684 61.1562
4685 61.1562
4686 61.1562
4687 61.1562
4688 61.1562
4689 61.1562
4690 61.1562
4691 61.1562
4692 61.1562
4693 61.1562
4694 61.1562
4695 61.1562
4696 61.1562
4697 61.1562
4698 61.1562
4699 61.1562
4700 61.1562
4701 61.1562
4702 61.1562
4703 61.1562
4704 61.1562
4705 61.1562
4706 61.1562
4707 61.1562
4708 61.1562
4709 61.1562
4710 61.1562
4711 61.1562
4712 61.1562
4713 61.1562
4714 61.1562
4715 61.1562
4716 61.1562
4717 61.1562
4718 61.1562
4719 61.1562
4720 61.1562
4721 61.1562
4722 61.1562
4723 61.1562
4724 61.1562
4725 61.1562
4726 61.1562
4727 61.1562
4728 61.1562
4729 61.1562
4730 61.1562
4731 61.1562
4732 61.1562
4733 61.1562
4734 61.1562
4735 61.1562
4736 61.1562
4737 61.1562
4738 61.1562
4739 61.1562
4740 61.1562
4741 61.1562
4742 61.1562
4743 61.1562
4744 61.1562
4745 61.1562
4746 61.1562
4747 61.1562
4748 61.1562
4749 61.1562
4750 61.1562
4751 61.1562
4752 61.1562
4753 61.1562
4754 61.1562
4755 61.1562
4756 61.1562
4757 61.1562
4758 61.1562
4759 61.1562
4760 61.1562
4761 61.1562
4762 61.1562
4763 61.1562
4764 61.1562
4765 61.1562
4766 61.1562
4767 61.1562
4768 61.1562
4769 61.1562
4770 61.1562
4771 61.1562
4772 61.1562
4773 61.1562
4774 61.1562
4775 61.1562
4776 61.1562
4777 61.1562
4778 61.1562
4779 61.1562
4780 61.1562
4781 61.1562
4782 61.1562
4783 61.1562
4784 61.1562
4785 61.1562
4786 61.1562
4787 61.1562
4788 61.1562
4789 61.1562
4790 61.1562
4791 61.1562
4792 61.1562
4793 61.1562
4794 61.1562
4795 61.1562
4796 61.1562
4797 61.1562
4798 61.1562
4799 61.1562
4800 61.1562
4801 61.1562
4802 61.1562
4803 61.1562
4804 61.1562
4805 61.1562
4806 61.1562
4807 61.1562
4808 61.1562
4809 61.1562
4810 61.1562
4811 61.1562
4812 61.1562
4813 61.1562
4814 61.1562
4815 61.1562
4816 61.1562
4817 61.1562
4818 61.1562
4819 61.1562
4820 61.1562
4821 61.1562
4822 61.1562
4823 61.1562
4824 61.1562
4825 61.1562
4826 61.1562
4827 61.1562
4828 61.1562
4829 61.1562
4830 61.1562
4831 61.1562
4832 61.1562
4833 61.1562
4834 61.1562
4835 61.1562
4836 61.1562
4837 61.1562
4838 61.1562
4839 61.1562
4840 61.1562
4841 61.1562
4842 61.1562
4843 61.1562
4844 61.1562
4845 61.1562
4846 61.1562
4847 61.1562
4848 61.1562
4849 61.1562
4850 61.1562
4851 61.1562
4852 61.1562
4853 61.1562
4854 61.1562
4855 61.1562
4856 61.1562
4857 61.1562
4858 61.1562
4859 61.1562
4860 61.1562
4861 61.1562
4862 61.1562
4863 61.1562
4864 61.1562
4865 61.1562
4866 61.1562
4867 61.1562
4868 61.1562
4869 61.1562
4870 61.1562
4871 61.1562
4872 61.1562
4873 61.1562
4874 61.1562
4875 61.1562
4876 61.1562
4877 61.1562
4878 61.1562
4879 61.1562
4880 61.1562
4881 61.1562
4882 61.1562
4883 61.1562
4884 61.1562
4885 61.1562
4886 61.1562
4887 61.1562
4888 61.1562
4889 61.1562
4890 61.1562
4891 61.1562
4892 61.1562
4893 61.1562
4894 61.1562
4895 61.1562
4896 61.1562
4897 61.1562
4898 61.1562
4899 61.1562
4900 61.1562
4901 61.1562
4902 61.1562
4903 61.1562
4904 61.1562
4905 61.1562
4906 61.1562
4907 61.1562
4908 61.1562
4909 61.1562
4910 61.1562
4911 61.1562
4912 61.1562
4913 61.1562
4914 61.1562
4915 61.1562
4916 61.1562
4917 61.1562
4918 61.1562
4919 61.1562
4920 61.1562
4921 61.1562
4922 61.1562
4923 61.1562
4924 61.1562
4925 61.1562
4926 61.1562
4927 61.1562
4928 61.1562
4929 61.1562
4930 61.1562
4931 61.1562
4932 61.1562
4933 61.1562
4934 61.1562
4935 61.1562
4936 61.1562
4937 61.1562
4938 61.1562
4939 61.1562
4940 61.1562
4941 61.1562
4942 61.1562
4943 61.1562
4944 61.1562
4945 61.1562
4946 61.1562
4947 61.1562
4948 61.1562
4949 61.1562
4950 61.1562
4951 61.1562
4952 61.1562
4953 61.1562
4954 61.1562
4955 61.1562
4956 61.1562
4957 61.1562
4958 61.1562
4959 61.1562
4960 61.1562
4961 61.1562
4962 61.1562
4963 61.1562
4964 61.1562
4965 61.1562
4966 61.1562
4967 61.1562
4968 61.1562
4969 61.1562
4970 61.1562
4971 61.1562
4972 61.1562
4973 61.1562
4974 61.1562
4975 61.1562
4976 61.1562
4977 61.1562
4978 61.1562
4979 61.1562
4980 61.1562
4981 61.1562
4982 61.1562
4983 61.1562
4984 61.1562
4985 61.1562
4986 61.1562
4987 61.1562
4988 61.1562
4989 61.1562
4990 61.1562
4991 61.1562
4992 61.1562
4993 61.1562
4994 61.1562
4995 61.1562
4996 61.1562
4997 61.1562
4998 61.1562
4999 61.1562
