0 2284.33
1 2165.16
2 2015.1
3 1867.92
4 1778.24
5 1696.07
6 1622.28
7 1544.68
8 1457.77
9 1446.22
10 1401.55
11 1337.92
12 1310.82
13 1264.92
14 1249.18
15 1185.7
16 1164.79
17 1109.13
18 1060.25
19 1011.87
20 973.684
21 955.361
22 946.677
23 925.781
24 882.904
25 861.374
26 836.551
27 824.247
28 814.507
29 803.78
30 771.889
31 748.918
32 722.85
33 715.018
34 709.46
35 687.116
36 672.768
37 648.721
38 611.625
39 592.716
40 590.629
41 576.451
42 570.179
43 565.306
44 553.214
45 535.966
46 514.865
47 501.304
48 492.537
49 480.701
50 465.92
51 465.92
52 460.53
53 442.232
54 437.548
55 433.027
56 433.027
57 421.765
58 409.955
59 407.567
60 391.755
61 391.755
62 391.755
63 391.755
64 390.861
65 383.431
66 367.476
67 364.61
68 364.61
69 359.764
70 356.72
71 335.517
72 334.797
73 323.578
74 320.691
75 305.857
76 305.397
77 292.89
78 289.491
79 286.744
80 286.543
81 286.543
82 285.535
83 285.334
84 276.497
85 275.865
86 269.003
87 264.45
88 258.409
89 252.331
90 247.676
91 247.676
92 247.676
93 246.054
94 243.102
95 243.102
96 236.255
97 236.255
98 232.645
99 232.645
100 232.587
101 227.005
102 221.867
103 221.867
104 220.131
105 218.697
106 216.905
107 208.194
108 206.76
109 206.76
110 206.76
111 205.6
112 205
113 199.398
114 197.638
115 197.638
116 196.937
117 196.937
118 195.406
119 191.066
120 187.873
121 186.061
122 185.491
123 184.132
124 183.412
125 183.277
126 181.583
127 179.294
128 179.294
129 178.055
130 175.403
131 175.403
132 175.403
133 175.403
134 175.403
135 173.409
136 173.21
137 173.21
138 172.703
139 172.504
140 172.504
141 167.793
142 166.987
143 166.987
144 165.501
145 165.501
146 163.391
147 163.216
148 162.43
149 161.326
150 161.326
151 147.257
152 144.26
153 143.51
154 143.51
155 143.51
156 141.359
157 139.926
158 139.926
159 139.433
160 138.439
161 138.439
162 138.439
163 135.608
164 135.608
165 135.526
166 135.526
167 130.968
168 129.984
169 129.634
170 129.634
171 128.565
172 128.343
173 128.343
174 128.343
175 128.343
176 125.086
177 125.086
178 125.086
179 123.264
180 122.218
181 122.218
182 122.218
183 121.686
184 121.686
185 121.686
186 121.686
187 121.686
188 121.686
189 121.226
190 121.226
191 121.226
192 121.226
193 121.226
194 121.226
195 121.166
196 121.166
197 119.939
198 119.629
199 118.852
200 118.852
201 117.626
202 117.626
203 116.142
204 114.884
205 113.292
206 107.808
207 107.3
208 107.3
209 107.3
210 107.3
211 105.699
212 105.699
213 105.566
214 104.955
215 104.822
216 104.69
217 104.69
218 104.69
219 104.69
220 104.69
221 104.69
222 104.69
223 101.538
224 99.5122
225 99.5122
226 99.5122
227 99.5122
228 99.5122
229 99.5122
230 98.0989
231 98.0989
232 98.0989
233 98.0989
234 98.0989
235 98.0989
236 98.0989
237 98.0989
238 98.0989
239 98.0989
240 98.0989
241 96.9687
242 96.9687
243 96.9687
244 96.7098
245 96.4464
246 95.3507
247 94.0356
248 94.0356
249 94.0356
250 94.0356
251 94.0356
252 94.0356
253 94.0356
254 94.0356
255 94.0356
256 94.0356
257 94.0356
258 94.0356
259 94.0356
260 94.0356
261 94.0356
262 94.0356
263 93.8153
264 93.8153
265 93.8153
266 93.8153
267 93.8153
268 93.8153
269 93.8153
270 93.8153
271 93.8153
272 93.8153
273 93.5454
274 93.5454
275 93.5454
276 93.5454
277 93.1945
278 92.9247
279 92.9247
280 92.9247
281 92.9247
282 92.9247
283 92.9247
284 92.9247
285 92.9247
286 92.9247
287 92.9247
288 92.9247
289 92.9247
290 92.9247
291 92.9247
292 92.9247
293 92.9247
294 92.9247
295 92.9247
296 92.9247
297 92.9247
298 92.9247
299 92.9247
300 92.9247
301 86.447
302 86.447
303 86.447
304 86.447
305 86.447
306 86.447
307 86.447
308 86.447
309 86.447
310 86.447
311 86.447
312 86.447
313 86.447
314 86.447
315 86.447
316 86.447
317 86.447
318 86.447
319 86.447
320 86.447
321 86.447
322 86.447
323 86.447
324 86.447
325 86.447
326 86.447
327 86.447
328 86.447
329 86.447
330 86.447
331 86.447
332 86.447
333 86.447
334 86.447
335 86.447
336 86.447
337 86.447
338 86.447
339 86.447
340 86.447
341 86.447
342 86.447
343 86.447
344 86.447
345 86.447
346 86.447
347 86.447
348 86.447
349 86.447
350 86.447
351 86.2529
352 85.3616
353 84.7989
354 84.7989
355 84.7989
356 84.7989
357 84.7989
358 84.7989
359 84.7989
360 84.7989
361 84.7989
362 84.7989
363 84.7989
364 84.7989
365 84.7989
366 84.7989
367 84.7989
368 84.7989
369 84.7989
370 84.6443
371 84.5352
372 82.5332
373 82.4272
374 82.4272
375 82.4272
376 82.4272
377 82.4272
378 82.4272
379 82.4272
380 82.4272
381 82.4272
382 82.4272
383 82.4272
384 82.4272
385 82.3021
386 81.4111
387 81.4111
388 80.7613
389 80.7613
390 80.7613
391 80.7613
392 80.7613
393 80.7613
394 80.7613
395 80.7613
396 80.4593
397 80.4593
398 80.0406
399 80.0406
400 80.0406
401 80.0406
402 80.0406
403 76.5064
404 76.5064
405 76.5064
406 76.5064
407 76.5064
408 76.4525
409 76.4525
410 76.4525
411 76.4525
412 76.4525
413 76.4525
414 76.4525
415 75.7013
416 75.7013
417 75.6614
418 75.6614
419 75.6614
420 74.7167
421 74.7167
422 74.7167
423 74.7167
424 74.7167
425 74.7167
426 74.7167
427 74.539
428 74.539
429 72.8294
430 72.8294
431 72.8294
432 72.8294
433 72.8294
434 72.8294
435 72.8294
436 72.8294
437 72.8294
438 72.8294
439 72.8294
440 72.4871
441 72.3313
442 72.3313
443 72.3313
444 72.3313
445 72.3313
446 72.3313
447 72.3313
448 72.3313
449 72.3313
450 72.2248
451 71.3595
452 71.3595
453 71.3595
454 71.3595
455 71.3595
456 71.3595
457 71.3595
458 71.3595
459 71.3595
460 71.3595
461 71.3595
462 71.3595
463 71.3595
464 71.3595
465 71.3595
466 71.3595
467 71.3595
468 71.3595
469 71.3595
470 71.3595
471 71.3595
472 71.3595
473 71.3595
474 71.3595
475 71.3595
476 71.3595
477 71.3595
478 71.3595
479 71.3595
480 71.3595
481 71.3595
482 71.3595
483 71.3595
484 71.3595
485 70.7691
486 70.7691
487 70.7691
488 70.7691
489 70.7691
490 70.7691
491 70.7691
492 70.7691
493 70.7691
494 70.7691
495 70.7691
496 70.7691
497 70.7691
498 70.7691
499 70.7691
500 69.7182
501 66.5467
502 66.5467
503 66.5467
504 66.5467
505 66.5467
506 66.5467
507 66.5467
508 66.5467
509 66.5467
510 66.5467
511 66.5467
512 66.5467
513 66.5467
514 66.5467
515 66.5467
516 66.5467
517 66.5467
518 66.5467
519 66.5467
520 66.5467
521 66.5467
522 66.5467
523 66.5467
524 66.5467
525 66.5467
526 66.5467
527 66.5467
528 66.5467
529 66.5467
530 66.5467
531 66.5467
532 66.5467
533 66.5467
534 66.5467
535 66.5467
536 66.5467
537 66.5467
538 66.5467
539 66.1832
540 66.1832
541 66.1832
542 66.1832
543 66.1832
544 66.1832
545 66.1832
546 66.1832
547 66.1832
548 66.1832
549 66.1832
550 66.1832
551 66.1832
552 66.1832
553 66.1832
554 66.1832
555 66.1832
556 66.1832
557 66.1832
558 66.1832
559 66.1832
560 66.1832
561 66.1832
562 66.1832
563 66.1832
564 66.1832
565 66.1832
566 66.1832
567 66.1832
568 66.1832
569 66.1832
570 66.1832
571 66.1832
572 66.1832
573 65.9427
574 65.9427
575 65.9427
576 65.9427
577 65.9427
578 65.9427
579 65.9427
580 65.9427
581 65.9427
582 65.9427
583 65.9427
584 65.9427
585 65.9427
586 65.9427
587 65.9427
588 65.9427
589 65.9427
590 65.9427
591 65.9427
592 65.9427
593 65.9427
594 65.9427
595 65.9427
596 65.9427
597 65.9427
598 65.9427
599 65.9427
600 65.9427
601 65.3827
602 65.3827
603 65.1745
604 65.1745
605 65.1745
606 65.1745
607 65.1745
608 65.1745
609 65.1745
610 65.1745
611 65.1745
612 65.1745
613 65.1745
614 65.1745
615 65.1745
616 65.1745
617 65.1745
618 65.1745
619 65.1745
620 65.1745
621 65.1745
622 65.1745
623 65.1745
624 65.1745
625 65.1745
626 65.1745
627 65.1745
628 65.1745
629 65.1745
630 65.1745
631 65.1745
632 65.1745
633 65.1745
634 65.1745
635 65.1745
636 65.1745
637 65.1745
638 65.1745
639 65.1745
640 65.1745
641 65.1745
642 65.1745
643 65.1745
644 65.1745
645 65.1745
646 65.1745
647 65.1745
648 65.1745
649 65.1745
650 65.1745
651 63.3605
652 63.3605
653 63.3605
654 63.3605
655 63.3605
656 63.3605
657 63.3605
658 63.3605
659 63.3605
660 63.3605
661 63.3605
662 63.3605
663 63.3605
664 63.0401
665 63.0401
666 62.7821
667 62.7821
668 62.7821
669 62.7821
670 62.7821
671 62.7821
672 62.7821
673 62.7821
674 62.7821
675 62.7821
676 62.7821
677 62.7821
678 62.7821
679 62.7821
680 62.7821
681 62.7821
682 62.7821
683 62.7821
684 62.7821
685 62.7821
686 62.7821
687 62.7821
688 62.7821
689 62.7821
690 62.7821
691 62.7821
692 62.7821
693 62.7821
694 62.7821
695 62.7821
696 62.7821
697 62.7821
698 62.7821
699 62.7821
700 62.7821
701 62.7821
702 62.7821
703 62.7821
704 62.7821
705 62.7821
706 62.7821
707 62.7821
708 62.7821
709 62.7821
710 62.7821
711 62.7821
712 62.7821
713 62.7821
714 62.7821
715 62.7821
716 62.7821
717 62.7821
718 62.7821
719 62.7821
720 62.7821
721 62.7821
722 62.7821
723 62.7821
724 62.7821
725 62.7821
726 62.7821
727 62.7821
728 62.7821
729 62.7821
730 62.7821
731 62.7821
732 62.7821
733 62.0924
734 62.0924
735 62.0924
736 62.0924
737 62.0924
738 62.0924
739 62.0924
740 62.0924
741 62.0924
742 62.0924
743 62.0924
744 62.0924
745 62.0924
746 62.0924
747 62.0924
748 62.0924
749 62.0924
750 62.0924
751 62.0924
752 62.0924
753 62.0924
754 62.0924
755 62.0924
756 62.0924
757 62.0924
758 62.0924
759 62.0924
760 62.0924
761 62.0924
762 62.0924
763 62.0924
764 62.0924
765 62.0924
766 62.0924
767 62.0924
768 62.0924
769 62.0924
770 62.0924
771 62.0924
772 62.0924
773 62.0924
774 62.0924
775 62.0924
776 62.0924
777 62.0924
778 62.0924
779 62.0924
780 62.0924
781 62.0924
782 62.0924
783 62.0924
784 62.0924
785 62.0924
786 62.0924
787 62.0924
788 62.0924
789 62.0924
790 62.0924
791 62.0924
792 62.0924
793 62.0924
794 62.0924
795 62.0924
796 62.0924
797 62.0924
798 62.0924
799 62.0924
800 62.0924
801 62.0924
802 62.0924
803 62.0924
804 62.0924
805 62.0924
806 62.0924
807 62.0924
808 62.0924
809 62.0924
810 62.0924
811 62.0924
812 62.0924
813 62.0924
814 62.0924
815 62.0924
816 62.0924
817 62.0924
818 62.0924
819 62.0924
820 62.0924
821 62.0924
822 62.0924
823 62.0924
824 62.0924
825 62.0924
826 62.0924
827 62.0924
828 62.0924
829 62.0924
830 62.0924
831 62.0924
832 62.0924
833 62.0924
834 62.0924
835 62.0924
836 62.0924
837 62.0924
838 62.0924
839 62.0924
840 62.0924
841 62.0924
842 62.0924
843 62.0924
844 62.0924
845 62.0924
846 62.0924
847 62.0924
848 62.0924
849 62.0924
850 62.0924
851 62.0924
852 62.0924
853 62.0924
854 62.0924
855 62.0924
856 62.0924
857 62.0924
858 62.0924
859 62.0924
860 62.0924
861 62.0924
862 62.0924
863 62.0924
864 62.0924
865 62.0924
866 62.0924
867 62.0924
868 62.0924
869 62.0924
870 62.0924
871 62.0924
872 62.0924
873 62.0924
874 62.0924
875 62.0924
876 62.0924
877 62.0924
878 62.0924
879 62.0924
880 62.0924
881 62.0924
882 62.0924
883 62.0924
884 62.0924
885 62.0924
886 62.0924
887 62.0924
888 62.0924
889 62.0924
890 62.0924
891 62.0924
892 62.0924
893 62.0924
894 62.0924
895 62.0924
896 62.0924
897 62.0924
898 61.8406
899 61.8406
900 61.8406
901 61.8406
902 61.8406
903 61.8406
904 61.8406
905 61.8406
906 61.8406
907 61.8406
908 61.8406
909 61.8406
910 61.8406
911 61.8406
912 61.8406
913 61.8406
914 61.8406
915 61.8406
916 61.8406
917 61.8406
918 61.8406
919 61.8406
920 61.8406
921 61.8406
922 61.8406
923 61.8406
924 61.8406
925 61.8406
926 61.8406
927 61.8406
928 61.8406
929 61.8406
930 61.8406
931 61.8406
932 61.8406
933 61.8406
934 61.8406
935 61.8406
936 61.8406
937 61.8406
938 61.8406
939 61.8406
940 61.8406
941 61.8406
942 61.8406
943 61.8406
944 61.8406
945 61.8406
946 61.8406
947 61.8406
948 61.8406
949 61.8406
950 61.8406
951 59.8757
952 59.6239
953 59.6239
954 59.6239
955 59.6239
956 59.6239
957 59.6239
958 59.6239
959 59.6239
960 59.6239
961 59.6239
962 59.6239
963 59.6239
964 59.6239
965 59.6239
966 59.6239
967 59.6239
968 59.6239
969 59.6239
970 59.6239
971 59.6239
972 59.6239
973 59.6239
974 59.6239
975 59.6239
976 59.6239
977 59.6239
978 59.6239
979 59.6239
980 59.6239
981 59.6239
982 59.6239
983 59.6239
984 59.6239
985 59.6239
986 59.6239
987 59.6239
988 59.6239
989 59.6239
990 59.6239
991 59.6239
992 59.6239
993 59.6239
994 59.6239
995 59.6239
996 59.6239
997 59.6239
998 59.6239
999 59.6239
1000 59.6239
1001 59.6239
1002 59.6239
1003 59.6239
1004 59.6239
1005 59.6239
1006 59.6239
1007 59.6239
1008 59.6239
1009 59.6239
1010 59.6239
1011 59.6239
1012 59.6239
1013 59.6239
1014 59.6239
1015 59.6239
1016 59.6239
1017 59.6239
1018 59.6239
1019 59.6239
1020 59.6239
1021 59.6239
1022 59.6239
1023 59.6239
1024 59.6239
1025 59.6239
1026 59.6239
1027 59.6239
1028 59.6239
1029 59.6239
1030 59.6239
1031 59.6239
1032 59.6239
1033 59.6239
1034 59.6239
1035 59.6239
1036 59.6239
1037 59.6239
1038 59.6239
1039 59.6239
1040 59.6239
1041 59.6239
1042 59.6239
1043 59.6239
1044 59.6239
1045 59.6239
1046 59.6239
1047 59.6239
1048 59.6239
1049 59.6239
1050 59.6239
1051 59.6239
1052 59.6239
1053 59.6239
1054 59.6239
1055 59.6239
1056 59.6239
1057 59.6239
1058 59.6239
1059 59.6239
1060 59.6239
1061 59.6239
1062 59.6239
1063 59.6239
1064 59.6239
1065 59.6239
1066 59.6239
1067 59.6239
1068 59.6239
1069 59.6239
1070 59.6239
1071 59.6239
1072 59.6239
1073 59.6239
1074 59.6239
1075 59.6239
1076 59.6239
1077 59.6239
1078 59.6239
1079 59.6239
1080 59.6239
1081 59.6239
1082 59.6239
1083 59.6239
1084 59.6239
1085 59.6239
1086 59.6239
1087 59.6239
1088 59.6239
1089 59.6239
1090 59.6239
1091 59.6239
1092 59.6239
1093 59.6239
1094 59.6239
1095 59.6239
1096 59.6239
1097 59.6239
1098 59.6239
1099 59.6239
1100 59.6239
1101 59.6239
1102 59.6239
1103 59.6239
1104 59.6239
1105 59.6239
1106 59.6239
1107 59.6239
1108 59.6239
1109 59.6239
1110 59.6239
1111 59.6239
1112 59.6239
1113 59.6239
1114 59.6239
1115 59.6239
1116 59.6239
1117 59.6239
1118 59.6239
1119 59.6239
1120 59.6239
1121 59.6239
1122 59.6239
1123 59.6239
1124 59.6239
1125 59.6239
1126 59.6239
1127 59.6239
1128 59.6239
1129 59.6239
1130 59.6239
1131 59.6239
1132 59.6239
1133 59.6239
1134 59.6239
1135 59.6239
1136 59.6239
1137 59.6239
1138 59.6239
1139 59.6239
1140 59.6239
1141 59.6239
1142 59.6239
1143 59.6239
1144 59.6239
1145 59.6239
1146 59.6239
1147 59.6239
1148 59.6239
1149 59.6239
1150 59.6239
1151 59.2863
1152 59.2863
1153 59.2863
1154 59.2863
1155 59.2863
1156 59.2863
1157 59.2863
1158 59.2863
1159 59.2863
1160 59.2863
1161 59.2863
1162 59.2863
1163 59.2863
1164 59.2863
1165 59.2863
1166 59.2863
1167 59.2863
1168 59.2863
1169 59.2863
1170 59.2863
1171 59.2863
1172 59.2863
1173 59.2863
1174 59.2828
1175 59.2828
1176 59.2828
1177 59.2828
1178 59.2828
1179 59.2828
1180 59.2828
1181 59.2828
1182 59.2828
1183 59.2828
1184 59.2828
1185 59.2828
1186 59.2828
1187 59.2828
1188 59.2828
1189 59.2828
1190 59.2828
1191 59.2828
1192 59.2828
1193 59.2828
1194 59.2828
1195 59.2828
1196 59.2828
1197 59.2828
1198 59.2828
1199 59.2828
1200 59.2828
1201 59.2828
1202 59.2828
1203 59.2828
1204 59.2828
1205 59.2828
1206 59.2828
1207 59.2828
1208 59.2828
1209 59.2828
1210 59.2828
1211 59.2828
1212 59.2828
1213 59.2828
1214 59.2828
1215 59.2828
1216 59.2828
1217 59.2828
1218 59.2828
1219 59.2828
1220 59.2828
1221 59.2828
1222 59.2828
1223 59.2828
1224 59.2828
1225 59.2828
1226 59.2828
1227 59.2828
1228 59.2828
1229 59.2828
1230 59.2828
1231 59.2828
1232 59.2828
1233 59.2828
1234 59.2828
1235 59.2828
1236 59.2828
1237 59.2828
1238 59.2828
1239 59.2828
1240 59.2828
1241 59.2828
1242 59.2828
1243 59.2828
1244 59.2828
1245 59.2828
1246 59.2828
1247 59.2828
1248 59.2828
1249 59.2828
1250 59.2828
1251 59.1764
1252 59.1764
1253 59.1764
1254 59.1764
1255 59.1764
1256 59.1764
1257 59.1764
1258 59.1764
1259 59.1764
1260 59.1764
1261 59.1764
1262 59.1764
1263 59.1764
1264 59.1764
1265 59.1764
1266 59.1764
1267 59.1764
1268 59.1764
1269 59.1764
1270 59.1764
1271 59.1764
1272 59.1764
1273 59.1764
1274 59.1764
1275 59.1764
1276 59.1764
1277 59.1764
1278 59.1764
1279 59.1764
1280 59.1764
1281 59.1764
1282 59.1764
1283 59.1764
1284 59.1764
1285 59.1764
1286 59.1764
1287 59.1764
1288 59.1764
1289 59.1764
1290 59.1764
1291 59.1764
1292 59.1764
1293 59.1764
1294 59.1764
1295 59.1764
1296 59.1764
1297 59.1764
1298 59.1764
1299 59.1764
1300 59.1764
1301 59.1764
1302 59.1764
1303 59.1764
1304 59.1764
1305 59.1764
1306 59.1764
1307 59.1764
1308 59.1764
1309 59.1764
1310 59.1764
1311 59.1764
1312 59.1764
1313 59.1764
1314 59.1764
1315 59.1764
1316 59.1764
1317 59.1764
1318 59.1764
1319 59.1764
1320 59.1764
1321 59.1764
1322 59.1764
1323 59.1764
1324 59.1764
1325 59.1764
1326 59.1764
1327 59.1764
1328 59.1764
1329 59.1764
1330 59.1764
1331 59.1764
1332 59.1764
1333 59.1764
1334 59.1764
1335 59.1764
1336 59.1764
1337 59.1764
1338 59.1764
1339 59.1764
1340 59.1764
1341 59.1764
1342 59.1764
1343 59.1764
1344 59.1764
1345 59.1764
1346 59.1764
1347 59.1764
1348 59.1764
1349 59.1764
1350 59.1764
1351 59.1764
1352 59.1764
1353 59.1764
1354 59.1764
1355 59.1764
1356 59.1764
1357 59.1764
1358 59.1764
1359 59.1764
1360 59.1764
1361 59.1764
1362 59.1764
1363 59.1764
1364 59.1764
1365 59.1764
1366 59.1764
1367 59.1764
1368 59.1764
1369 59.1764
1370 59.1764
1371 59.1764
1372 59.1764
1373 59.1764
1374 59.1764
1375 59.1764
1376 59.1764
1377 59.1764
1378 59.1764
1379 59.1764
1380 59.1764
1381 59.1764
1382 59.1764
1383 59.1764
1384 59.1764
1385 59.1764
1386 59.1764
1387 59.1764
1388 59.1764
1389 59.1764
1390 59.1764
1391 59.1764
1392 59.1764
1393 59.1764
1394 59.1764
1395 59.1764
1396 59.1764
1397 59.1764
1398 59.1764
1399 59.1764
1400 59.1764
1401 59.1764
1402 59.1764
1403 59.1764
1404 59.1764
1405 59.1764
1406 59.1764
1407 59.1764
1408 59.1764
1409 59.1764
1410 58.4788
1411 58.4788
1412 58.4788
1413 58.4788
1414 58.4788
1415 58.4788
1416 58.4788
1417 58.4788
1418 58.4788
1419 58.4788
1420 58.4788
1421 58.4788
1422 58.4788
1423 58.4788
1424 58.4788
1425 58.4788
1426 58.4788
1427 58.4788
1428 58.4788
1429 58.4788
1430 58.4788
1431 58.4788
1432 58.4788
1433 58.4788
1434 58.4788
1435 58.4788
1436 58.4788
1437 58.4788
1438 58.4788
1439 58.4788
1440 58.4788
1441 58.4788
1442 58.4788
1443 58.4788
1444 58.4788
1445 58.4788
1446 58.4788
1447 58.4788
1448 58.4788
1449 58.4788
1450 58.4788
1451 58.1915
1452 58.1915
1453 58.1915
1454 58.1915
1455 58.1915
1456 58.1915
1457 58.1915
1458 58.1915
1459 58.1915
1460 58.1915
1461 58.1915
1462 58.1915
1463 58.1915
1464 58.1915
1465 58.1915
1466 58.1915
1467 58.1915
1468 57.9167
1469 57.9167
1470 57.9167
1471 57.9167
1472 57.9167
1473 57.9167
1474 57.9167
1475 57.9167
1476 57.9167
1477 57.9167
1478 57.9167
1479 57.9167
1480 57.9167
1481 57.9167
1482 57.9167
1483 57.9167
1484 57.9167
1485 57.9167
1486 57.9167
1487 57.9167
1488 57.9167
1489 57.9167
1490 57.9167
1491 57.9167
1492 57.9167
1493 57.9167
1494 57.9167
1495 57.9167
1496 57.9167
1497 57.9167
1498 57.9167
1499 57.9167
1500 57.9167
1501 57.9167
1502 57.9167
1503 57.9167
1504 57.9167
1505 57.9167
1506 57.9167
1507 57.9167
1508 57.9167
1509 57.9167
1510 57.9167
1511 57.9167
1512 57.9167
1513 57.9167
1514 57.9167
1515 57.9167
1516 57.9167
1517 57.9167
1518 57.9167
1519 57.9167
1520 57.9167
1521 57.9167
1522 57.9167
1523 57.9167
1524 57.9167
1525 57.9167
1526 57.9167
1527 57.9167
1528 57.9167
1529 57.9167
1530 57.9167
1531 57.9167
1532 57.9167
1533 57.9167
1534 57.9167
1535 57.9167
1536 57.9167
1537 57.9167
1538 57.9167
1539 57.9167
1540 57.9167
1541 57.9167
1542 57.9167
1543 57.9167
1544 57.9167
1545 57.9167
1546 57.9167
1547 57.9167
1548 57.9167
1549 57.9167
1550 57.9167
1551 57.5987
1552 57.5987
1553 57.5987
1554 57.5987
1555 57.5987
1556 57.5987
1557 57.5987
1558 57.5987
1559 57.5987
1560 57.5987
1561 57.5987
1562 57.5987
1563 57.5987
1564 57.5987
1565 57.5987
1566 57.5987
1567 57.5987
1568 57.5987
1569 57.5987
1570 57.5987
1571 57.5987
1572 57.5987
1573 57.5987
1574 57.5987
1575 57.5987
1576 57.5987
1577 57.5987
1578 57.5987
1579 57.5987
1580 57.5987
1581 57.5987
1582 57.5987
1583 57.5987
1584 57.5987
1585 57.5987
1586 57.5987
1587 57.5987
1588 57.5987
1589 57.5987
1590 57.5987
1591 57.5987
1592 57.5987
1593 57.5987
1594 57.5987
1595 57.5987
1596 57.5987
1597 57.5987
1598 57.5987
1599 57.5987
1600 57.5987
1601 57.5987
1602 57.5987
1603 57.5987
1604 57.5987
1605 57.5987
1606 57.5987
1607 57.5987
1608 57.5987
1609 57.5987
1610 57.5987
1611 57.5987
1612 57.5987
1613 57.5987
1614 57.5987
1615 57.5987
1616 57.5987
1617 57.5987
1618 57.5987
1619 57.5987
1620 57.5987
1621 57.5987
1622 57.5987
1623 57.5987
1624 57.5987
1625 57.5987
1626 57.5987
1627 57.5987
1628 57.5987
1629 57.5987
1630 57.5987
1631 57.5987
1632 57.5987
1633 57.5987
1634 57.5987
1635 57.5987
1636 57.5987
1637 57.5987
1638 57.5987
1639 57.5987
1640 57.5987
1641 57.5987
1642 57.5987
1643 57.5987
1644 57.5987
1645 57.5987
1646 57.5987
1647 57.5987
1648 57.5987
1649 57.5987
1650 57.5987
1651 57.5987
1652 57.5987
1653 57.5987
1654 57.5987
1655 57.5987
1656 57.5987
1657 57.5987
1658 57.5987
1659 57.5987
1660 57.5987
1661 57.5987
1662 57.5987
1663 57.5987
1664 57.5987
1665 57.5987
1666 57.5987
1667 57.5987
1668 57.5987
1669 57.5987
1670 57.5987
1671 57.5987
1672 57.5987
1673 57.5987
1674 57.5987
1675 57.5987
1676 57.5987
1677 57.5987
1678 57.5987
1679 57.5987
1680 57.5987
1681 57.5987
1682 57.5987
1683 57.5987
1684 57.5987
1685 57.5987
1686 57.5987
1687 57.5987
1688 57.5987
1689 57.5987
1690 57.5987
1691 57.5987
1692 57.5987
1693 57.5987
1694 57.5987
1695 57.5987
1696 57.5987
1697 57.5987
1698 57.5987
1699 57.5987
1700 57.5987
1701 57.5987
1702 57.5987
1703 57.5987
1704 57.5987
1705 57.5987
1706 57.5987
1707 57.5987
1708 57.5987
1709 57.5987
1710 57.5987
1711 57.5987
1712 57.5987
1713 57.5987
1714 57.5987
1715 57.5987
1716 57.5987
1717 57.5987
1718 57.5987
1719 57.5987
1720 57.5987
1721 57.5987
1722 57.5987
1723 57.5987
1724 57.5987
1725 57.5987
1726 57.5987
1727 57.5987
1728 57.5987
1729 57.5987
1730 57.5987
1731 57.5987
1732 57.5987
1733 57.5987
1734 57.5987
1735 57.5987
1736 57.5987
1737 57.5987
1738 57.5987
1739 57.5987
1740 57.5987
1741 57.5987
1742 57.5987
1743 57.5987
1744 57.5987
1745 57.5987
1746 57.5987
1747 57.5987
1748 57.5987
1749 57.5987
1750 57.5987
1751 57.5987
1752 57.5987
1753 57.5987
1754 57.5987
1755 57.5987
1756 57.5987
1757 57.5987
1758 57.5987
1759 57.5987
1760 57.5987
1761 57.5987
1762 57.5987
1763 57.5987
1764 57.5987
1765 57.5987
1766 57.5987
1767 57.5987
1768 57.5987
1769 57.5987
1770 57.5987
1771 57.5987
1772 57.5987
1773 57.5987
1774 57.5987
1775 57.5987
1776 57.5987
1777 57.5987
1778 57.5987
1779 57.5987
1780 57.5987
1781 57.5987
1782 57.5987
1783 57.5987
1784 57.5987
1785 57.5987
1786 57.5987
1787 57.5987
1788 57.5987
1789 57.5987
1790 57.5987
1791 57.5987
1792 57.5987
1793 57.5987
1794 57.5987
1795 57.5987
1796 57.5987
1797 57.5987
1798 57.5987
1799 57.5987
1800 57.5987
1801 57.5987
1802 57.5987
1803 57.5987
1804 57.5987
1805 57.5987
1806 57.5987
1807 57.5987
1808 57.5987
1809 57.5987
1810 57.5987
1811 57.5987
1812 57.5987
1813 57.5987
1814 57.5987
1815 57.5987
1816 57.5987
1817 57.5987
1818 57.5987
1819 57.5987
1820 57.5987
1821 57.5987
1822 57.5987
1823 57.5987
1824 57.5987
1825 57.5987
1826 57.5987
1827 57.5987
1828 57.5987
1829 57.5987
1830 57.5987
1831 57.5987
1832 57.5987
1833 57.5987
1834 57.5987
1835 57.5987
1836 57.5987
1837 57.5987
1838 57.5987
1839 57.5987
1840 57.5987
1841 57.5987
1842 57.5987
1843 57.5987
1844 57.5987
1845 57.5987
1846 57.5987
1847 57.5987
1848 57.5987
1849 57.5987
1850 57.5987
1851 57.5987
1852 57.5987
1853 57.5987
1854 57.5987
1855 57.5987
1856 57.5987
1857 57.5987
1858 57.5987
1859 57.5987
1860 57.5987
1861 57.5987
1862 57.5987
1863 57.5987
1864 57.5987
1865 57.5987
1866 57.5987
1867 57.5987
1868 57.5987
1869 57.5987
1870 57.5987
1871 57.5987
1872 57.5987
1873 57.5987
1874 57.5987
1875 57.5987
1876 57.5987
1877 57.5987
1878 57.5987
1879 57.5987
1880 57.5987
1881 57.5987
1882 57.5987
1883 57.5987
1884 57.5987
1885 57.5987
1886 57.5987
1887 57.5987
1888 57.5987
1889 57.5987
1890 57.5987
1891 57.5987
1892 57.5987
1893 57.5987
1894 57.5987
1895 57.5987
1896 57.5987
1897 57.5987
1898 57.5987
1899 57.5987
1900 57.5987
1901 57.5987
1902 57.5987
1903 57.5987
1904 57.5987
1905 57.5987
1906 57.5987
1907 57.5987
1908 57.5987
1909 57.5987
1910 57.5987
1911 57.5987
1912 57.5987
1913 57.5987
1914 57.5987
1915 57.5987
1916 57.5987
1917 57.5987
1918 57.5987
1919 57.5987
1920 57.5987
1921 57.5987
1922 57.5987
1923 57.5987
1924 57.5987
1925 57.5987
1926 57.5987
1927 57.5987
1928 57.5987
1929 57.5987
1930 57.5987
1931 57.5987
1932 57.5987
1933 57.5987
1934 57.5987
1935 57.5987
1936 57.5987
1937 57.5987
1938 57.5987
1939 57.5987
1940 57.5987
1941 57.5987
1942 57.5987
1943 57.5987
1944 57.5987
1945 57.5987
1946 57.5987
1947 57.5987
1948 57.5987
1949 57.5987
1950 57.5987
1951 57.5987
1952 57.5987
1953 57.5987
1954 57.5987
1955 57.5987
1956 57.5987
1957 57.5987
1958 57.5987
1959 57.5987
1960 57.5987
1961 57.5987
1962 57.5987
1963 57.5987
1964 57.5987
1965 57.5987
1966 57.5987
1967 57.5987
1968 57.5987
1969 57.5987
1970 57.5987
1971 57.5987
1972 57.5987
1973 57.5987
1974 57.5987
1975 57.5987
1976 57.5987
1977 57.5987
1978 57.5987
1979 57.5987
1980 57.5987
1981 57.5987
1982 57.5987
1983 57.5987
1984 57.5987
1985 57.5987
1986 57.5987
1987 57.5987
1988 57.5987
1989 57.5987
1990 57.5987
1991 57.5987
1992 57.5987
1993 57.5987
1994 57.5987
1995 57.5987
1996 57.5987
1997 57.5987
1998 57.5987
1999 57.5987
2000 57.5987
2001 57.5987
2002 57.5987
2003 57.5987
2004 57.5987
2005 57.5987
2006 57.5987
2007 57.5987
2008 57.5987
2009 57.5987
2010 57.5987
2011 57.5987
2012 57.5987
2013 57.5987
2014 57.5987
2015 57.5987
2016 57.5987
2017 57.5987
2018 57.5987
2019 57.5987
2020 57.5987
2021 57.5987
2022 57.5987
2023 57.5987
2024 57.5987
2025 57.5987
2026 57.5987
2027 57.5987
2028 57.5987
2029 57.5987
2030 57.5987
2031 57.5987
2032 57.5987
2033 57.5987
2034 57.5987
2035 57.5987
2036 57.5987
2037 57.5987
2038 57.5987
2039 57.5987
2040 57.5987
2041 57.5987
2042 57.5987
2043 57.5987
2044 57.5987
2045 57.5987
2046 57.5987
2047 57.5987
2048 57.5987
2049 57.5987
2050 57.5987
2051 57.4963
2052 57.4963
2053 57.4963
2054 57.4963
2055 57.4963
2056 57.4963
2057 57.4963
2058 57.4963
2059 57.4963
2060 57.4963
2061 57.4963
2062 57.4963
2063 57.4963
2064 57.4963
2065 57.4963
2066 57.4963
2067 57.4963
2068 57.4963
2069 57.4963
2070 57.4963
2071 57.4963
2072 57.4963
2073 57.4963
2074 57.4963
2075 57.4963
2076 57.4963
2077 57.4963
2078 57.4963
2079 57.4963
2080 57.4963
2081 57.4963
2082 57.4963
2083 57.4963
2084 57.4963
2085 57.4963
2086 57.4963
2087 57.4963
2088 57.4963
2089 57.4963
2090 57.4963
2091 57.4963
2092 57.4963
2093 57.4963
2094 57.4963
2095 57.4963
2096 57.4963
2097 57.4963
2098 57.4963
2099 57.4963
2100 57.4963
2101 57.4963
2102 57.4963
2103 57.4963
2104 57.4963
2105 57.4963
2106 57.4963
2107 57.4963
2108 57.4963
2109 57.4963
2110 57.4963
2111 57.4963
2112 57.4963
2113 57.4963
2114 57.4963
2115 57.4963
2116 57.4963
2117 57.4963
2118 57.4963
2119 57.4963
2120 57.4963
2121 57.4963
2122 57.4963
2123 57.4963
2124 57.4963
2125 57.4963
2126 57.4963
2127 57.4963
2128 57.4963
2129 57.4963
2130 57.4963
2131 57.4963
2132 57.4963
2133 57.4963
2134 57.4963
2135 57.4963
2136 57.4963
2137 57.4963
2138 57.4963
2139 57.4963
2140 57.4963
2141 57.4963
2142 57.4963
2143 57.4963
2144 57.4963
2145 57.4963
2146 57.4963
2147 57.4963
2148 57.4963
2149 57.4963
2150 57.4963
2151 57.4963
2152 57.4963
2153 57.4963
2154 57.4963
2155 57.4963
2156 57.4963
2157 57.4963
2158 57.4963
2159 57.4963
2160 57.4963
2161 57.4963
2162 57.4963
2163 57.4963
2164 57.4963
2165 57.4963
2166 57.4963
2167 57.4963
2168 57.4963
2169 57.4963
2170 57.4963
2171 57.4963
2172 57.4963
2173 57.4963
2174 57.4963
2175 57.4963
2176 57.4963
2177 57.4963
2178 57.4963
2179 57.4963
2180 57.4963
2181 57.4963
2182 57.4963
2183 57.4963
2184 57.4963
2185 57.4963
2186 57.4963
2187 57.4963
2188 57.4963
2189 57.4963
2190 57.4963
2191 57.4963
2192 57.4963
2193 57.4963
2194 57.4963
2195 57.4963
2196 57.4963
2197 57.4963
2198 57.4963
2199 57.4963
2200 57.4963
2201 57.4963
2202 57.4963
2203 57.4963
2204 57.4963
2205 57.4963
2206 57.4963
2207 57.4963
2208 57.4963
2209 57.4963
2210 57.4963
2211 57.4963
2212 57.4963
2213 57.4963
2214 57.4963
2215 57.4963
2216 57.4963
2217 57.4963
2218 57.4963
2219 57.4963
2220 57.4963
2221 57.4963
2222 57.4963
2223 57.4963
2224 57.4963
2225 57.4963
2226 57.4963
2227 57.4963
2228 57.4963
2229 57.4963
2230 57.4963
2231 57.4963
2232 57.4963
2233 57.4963
2234 57.4963
2235 57.4963
2236 57.4963
2237 57.4963
2238 57.4963
2239 57.4963
2240 57.4963
2241 57.4963
2242 57.4963
2243 57.4963
2244 57.4963
2245 57.4963
2246 57.4963
2247 57.4963
2248 57.4963
2249 57.4963
2250 57.4963
2251 57.4963
2252 57.4963
2253 57.4963
2254 57.4963
2255 57.4963
2256 57.4963
2257 57.4963
2258 57.4963
2259 57.4963
2260 57.4963
2261 57.4963
2262 57.4963
2263 57.4963
2264 57.4963
2265 57.4963
2266 57.4963
2267 57.4963
2268 57.4963
2269 57.4963
2270 57.4963
2271 57.4963
2272 57.4963
2273 57.4963
2274 57.4963
2275 57.4963
2276 57.4963
2277 57.4963
2278 57.4963
2279 57.4963
2280 57.4963
2281 57.4963
2282 57.4963
2283 57.4963
2284 57.4963
2285 57.4963
2286 57.4963
2287 57.4963
2288 57.4963
2289 57.4963
2290 57.4963
2291 57.4963
2292 57.4963
2293 57.4963
2294 57.4963
2295 57.4963
2296 57.4963
2297 57.4963
2298 57.4963
2299 57.4963
2300 57.4963
2301 57.4963
2302 57.4963
2303 57.4963
2304 57.4963
2305 57.4963
2306 57.4963
2307 57.4963
2308 57.4963
2309 57.4963
2310 57.4963
2311 57.4963
2312 57.4963
2313 57.4963
2314 57.4963
2315 57.4963
2316 57.4963
2317 57.4963
2318 57.4963
2319 57.4963
2320 57.4963
2321 57.4963
2322 57.4963
2323 57.4963
2324 57.4963
2325 57.4963
2326 57.4963
2327 57.4963
2328 57.4963
2329 57.4963
2330 57.4963
2331 57.4963
2332 57.4963
2333 57.4963
2334 57.4963
2335 57.4963
2336 57.4963
2337 57.4963
2338 57.4963
2339 57.4963
2340 57.4963
2341 57.4963
2342 57.4963
2343 57.4963
2344 57.4963
2345 57.4963
2346 57.4963
2347 57.4963
2348 57.4963
2349 57.4963
2350 57.4963
2351 57.4963
2352 57.4963
2353 57.4963
2354 57.4963
2355 57.4963
2356 57.4963
2357 57.4963
2358 57.4963
2359 57.4963
2360 57.4963
2361 57.4963
2362 57.4963
2363 57.4963
2364 57.4963
2365 57.4963
2366 57.4963
2367 57.4963
2368 57.4963
2369 57.4963
2370 57.4963
2371 57.4963
2372 57.4963
2373 57.4963
2374 57.4963
2375 57.4963
2376 57.4963
2377 57.4963
2378 57.4963
2379 57.4963
2380 57.4963
2381 57.4963
2382 57.4963
2383 57.4963
2384 57.4963
2385 57.4963
2386 57.4963
2387 57.4963
2388 57.4963
2389 57.4963
2390 57.4963
2391 57.4963
2392 57.4963
2393 57.4963
2394 57.4963
2395 57.4963
2396 57.4963
2397 57.4963
2398 57.4963
2399 57.4963
2400 57.4963
2401 57.4963
2402 57.4963
2403 57.4963
2404 57.4963
2405 57.4963
2406 57.4963
2407 57.4963
2408 57.4963
2409 57.4963
2410 57.4963
2411 57.4963
2412 57.4963
2413 57.4963
2414 57.4963
2415 57.4963
2416 57.4963
2417 57.4963
2418 57.4963
2419 57.4963
2420 57.4963
2421 57.4963
2422 57.4963
2423 57.4963
2424 57.4963
2425 57.4963
2426 57.4963
2427 57.4963
2428 57.4963
2429 57.4963
2430 57.4963
2431 57.4963
2432 57.4963
2433 57.4963
2434 57.4963
2435 57.4963
2436 57.4963
2437 57.4963
2438 57.4963
2439 57.4963
2440 57.4963
2441 57.4963
2442 57.4963
2443 57.4963
2444 57.4963
2445 57.4963
2446 57.4963
2447 57.4963
2448 57.4963
2449 57.4963
2450 57.4963
2451 57.4963
2452 57.4963
2453 57.4963
2454 57.4963
2455 57.4963
2456 57.4963
2457 57.4963
2458 57.4963
2459 57.4963
2460 57.4963
2461 57.4963
2462 57.4963
2463 57.4963
2464 57.4963
2465 57.4963
2466 57.4963
2467 57.4963
2468 57.4963
2469 57.4963
2470 57.4963
2471 57.4963
2472 57.4963
2473 57.4963
2474 57.4963
2475 57.4963
2476 57.4963
2477 57.4963
2478 57.4963
2479 57.4963
2480 57.4963
2481 57.4963
2482 57.4963
2483 57.4963
2484 57.4963
2485 57.4963
2486 57.4963
2487 57.4963
2488 57.4963
2489 57.4963
2490 57.4963
2491 57.4963
2492 57.4963
2493 57.4963
2494 57.4963
2495 57.4963
2496 57.4963
2497 57.4963
2498 57.4963
2499 57.4963
2500 57.4963
2501 57.4963
2502 57.4963
2503 57.4963
2504 57.4963
2505 57.4963
2506 57.4963
2507 57.4963
2508 57.4963
2509 57.4963
2510 57.4963
2511 57.4963
2512 57.4963
2513 57.4963
2514 57.4963
2515 57.4963
2516 57.4963
2517 57.4963
2518 57.4963
2519 57.4963
2520 57.4963
2521 57.4963
2522 57.4963
2523 57.4963
2524 57.4963
2525 57.4963
2526 57.4963
2527 57.4963
2528 57.4963
2529 57.4963
2530 57.4963
2531 57.4963
2532 57.4963
2533 57.4963
2534 57.4963
2535 57.4963
2536 57.4963
2537 57.4963
2538 57.4963
2539 57.4963
2540 57.4963
2541 57.4963
2542 57.4963
2543 57.4963
2544 57.4963
2545 57.4963
2546 57.4963
2547 57.4963
2548 57.4963
2549 57.4963
2550 57.4963
2551 57.4963
2552 57.4963
2553 57.4963
2554 57.4963
2555 57.4963
2556 57.4963
2557 57.4963
2558 57.4963
2559 57.4963
2560 57.4963
2561 57.4963
2562 57.4963
2563 57.4963
2564 57.4963
2565 57.4963
2566 57.4963
2567 57.4963
2568 57.4963
2569 57.4963
2570 57.4963
2571 57.4963
2572 57.4963
2573 57.4963
2574 57.4963
2575 57.4963
2576 57.4963
2577 57.4963
2578 57.4963
2579 57.4963
2580 57.4963
2581 57.4963
2582 57.4963
2583 57.4963
2584 57.4963
2585 57.4963
2586 57.4963
2587 57.4963
2588 57.4963
2589 57.4963
2590 57.4963
2591 57.4963
2592 57.4963
2593 57.4963
2594 57.4963
2595 57.4963
2596 57.4963
2597 57.4963
2598 57.4963
2599 57.4963
2600 57.4963
2601 57.3125
2602 57.3125
2603 57.3125
2604 57.3125
2605 57.3125
2606 57.3125
2607 57.3125
2608 57.3125
2609 57.3125
2610 57.3125
2611 57.3125
2612 57.3125
2613 57.3125
2614 57.3125
2615 57.3125
2616 57.3125
2617 57.3125
2618 57.3125
2619 57.3125
2620 57.3125
2621 57.3125
2622 57.3125
2623 57.3125
2624 57.3125
2625 57.3125
2626 57.3125
2627 57.3125
2628 57.3125
2629 57.3125
2630 57.3125
2631 57.3125
2632 57.3125
2633 57.3125
2634 57.3125
2635 57.3125
2636 57.3125
2637 57.3125
2638 57.3125
2639 57.3125
2640 57.3125
2641 57.3125
2642 57.3125
2643 57.3125
2644 57.3125
2645 57.3125
2646 57.3125
2647 57.3125
2648 57.3125
2649 57.3125
2650 57.3125
2651 57.3125
2652 57.3125
2653 57.3125
2654 57.3125
2655 57.3125
2656 57.3125
2657 57.3125
2658 57.3125
2659 57.3125
2660 57.3125
2661 57.3125
2662 57.3125
2663 57.3125
2664 57.3125
2665 57.3125
2666 57.3125
2667 57.3125
2668 57.3125
2669 57.3125
2670 57.3125
2671 57.3125
2672 57.3125
2673 57.3125
2674 57.3125
2675 57.3125
2676 57.3125
2677 57.3125
2678 57.3125
2679 57.3125
2680 57.3125
2681 57.3125
2682 57.3125
2683 57.3125
2684 57.3125
2685 57.3125
2686 57.3125
2687 57.3125
2688 57.3125
2689 57.3125
2690 57.3125
2691 57.3125
2692 57.3125
2693 57.3125
2694 57.3125
2695 57.3125
2696 57.3125
2697 57.3125
2698 57.3125
2699 57.3125
2700 57.3125
2701 57.3125
2702 57.3125
2703 57.3125
2704 57.3125
2705 57.3125
2706 57.3125
2707 57.3125
2708 57.3125
2709 57.3125
2710 57.3125
2711 57.3125
2712 57.3125
2713 57.3125
2714 57.3125
2715 57.3125
2716 57.3125
2717 57.3125
2718 57.3125
2719 57.3125
2720 57.3125
2721 57.3125
2722 57.3125
2723 57.3125
2724 57.3125
2725 57.3125
2726 57.3125
2727 57.3125
2728 57.3125
2729 57.3125
2730 57.3125
2731 57.3125
2732 57.3125
2733 57.3125
2734 57.3125
2735 57.3125
2736 57.3125
2737 57.3125
2738 57.3125
2739 57.3125
2740 57.3125
2741 57.3125
2742 57.3125
2743 57.3125
2744 57.3125
2745 57.3125
2746 57.3125
2747 57.3125
2748 57.3125
2749 57.3125
2750 57.3125
2751 57.3125
2752 57.3125
2753 57.3125
2754 57.3125
2755 57.3125
2756 57.3125
2757 57.3125
2758 57.3125
2759 57.3125
2760 57.3125
2761 57.3125
2762 57.3125
2763 57.3125
2764 57.3125
2765 57.3125
2766 57.3125
2767 57.3125
2768 57.3125
2769 57.3125
2770 57.3125
2771 57.3125
2772 57.3125
2773 57.3125
2774 57.3125
2775 57.3125
2776 57.3125
2777 57.3125
2778 57.3125
2779 57.3125
2780 57.3125
2781 57.3125
2782 57.3125
2783 57.3125
2784 57.3125
2785 57.3125
2786 57.3125
2787 57.3125
2788 57.3125
2789 57.3125
2790 57.3125
2791 57.3125
2792 57.3125
2793 57.3125
2794 57.3125
2795 57.3125
2796 57.3125
2797 57.3125
2798 57.3125
2799 57.3125
2800 57.3125
2801 57.3125
2802 57.3125
2803 57.3125
2804 57.3125
2805 57.3125
2806 57.3125
2807 57.3125
2808 57.3125
2809 57.3125
2810 57.3125
2811 57.3125
2812 57.3125
2813 57.3125
2814 57.3125
2815 57.3125
2816 57.3125
2817 57.3125
2818 57.3125
2819 57.3125
2820 57.3125
2821 57.3125
2822 57.3125
2823 57.3125
2824 57.3125
2825 57.3125
2826 57.3125
2827 57.3125
2828 57.3125
2829 57.3125
2830 57.3125
2831 57.3125
2832 57.3125
2833 57.3125
2834 57.3125
2835 57.3125
2836 57.3125
2837 57.3125
2838 57.3125
2839 57.3125
2840 57.3125
2841 57.3125
2842 57.3125
2843 57.3125
2844 57.3125
2845 57.3125
2846 57.3125
2847 57.3125
2848 57.3125
2849 57.3125
2850 57.3125
2851 57.3125
2852 57.3125
2853 57.3125
2854 57.3125
2855 57.3125
2856 57.3125
2857 57.3125
2858 57.3125
2859 57.3125
2860 57.3125
2861 57.3125
2862 57.3125
2863 57.3125
2864 57.3125
2865 57.3125
2866 57.3125
2867 57.3125
2868 57.3125
2869 57.3125
2870 57.3125
2871 57.3125
2872 57.3125
2873 57.3125
2874 57.3125
2875 57.3125
2876 57.3125
2877 57.3125
2878 57.3125
2879 57.3125
2880 57.3125
2881 57.3125
2882 57.3125
2883 57.3125
2884 57.3125
2885 57.3125
2886 57.3125
2887 57.3125
2888 57.3125
2889 57.3125
2890 57.3125
2891 57.3125
2892 57.3125
2893 57.3125
2894 57.3125
2895 57.3125
2896 57.3125
2897 57.3125
2898 57.3125
2899 57.3125
2900 57.3125
2901 57.3125
2902 57.3125
2903 57.3125
2904 57.3125
2905 57.3125
2906 57.3125
2907 57.3125
2908 57.3125
2909 57.3125
2910 57.3125
2911 57.3125
2912 57.3125
2913 57.3125
2914 57.3125
2915 57.3125
2916 57.3125
2917 57.3125
2918 57.3125
2919 57.3125
2920 57.3125
2921 57.3125
2922 57.3125
2923 57.3125
2924 57.3125
2925 57.3125
2926 57.3125
2927 57.3125
2928 57.3125
2929 57.3125
2930 57.3125
2931 57.3125
2932 57.3125
2933 57.3125
2934 57.3125
2935 57.3125
2936 57.3125
2937 57.3125
2938 57.3125
2939 57.3125
2940 57.3125
2941 57.3125
2942 57.3125
2943 57.3125
2944 57.3125
2945 57.3125
2946 57.3125
2947 57.3125
2948 57.3125
2949 57.3125
2950 57.3125
2951 57.3125
2952 57.3125
2953 57.3125
2954 57.3125
2955 57.3125
2956 57.3125
2957 57.3125
2958 57.3125
2959 57.3125
2960 57.3125
2961 57.3125
2962 57.3125
2963 57.3125
2964 57.3125
2965 57.3125
2966 57.3125
2967 57.3125
2968 57.3125
2969 57.3125
2970 57.3125
2971 57.3125
2972 57.3125
2973 57.3125
2974 57.3125
2975 57.3125
2976 57.3125
2977 57.3125
2978 57.3125
2979 57.3125
2980 57.3125
2981 57.3125
2982 57.3125
2983 57.3125
2984 57.3125
2985 57.3125
2986 57.3125
2987 57.3125
2988 57.3125
2989 57.3125
2990 57.3125
2991 57.3125
2992 57.3125
2993 57.3125
2994 57.3125
2995 57.3125
2996 57.3125
2997 57.3125
2998 57.3125
2999 57.3125
3000 57.3125
3001 57.3125
3002 57.3125
3003 57.3125
3004 57.3125
3005 57.3125
3006 57.3125
3007 57.3125
3008 57.3125
3009 57.3125
3010 57.3125
3011 57.3125
3012 57.3125
3013 57.3125
3014 57.3125
3015 57.3125
3016 57.3125
3017 57.3125
3018 57.3125
3019 57.3125
3020 57.3125
3021 57.3125
3022 57.3125
3023 57.3125
3024 57.3125
3025 57.3125
3026 57.3125
3027 57.3125
3028 57.3125
3029 57.3125
3030 57.3125
3031 57.3125
3032 57.3125
3033 57.3125
3034 57.3125
3035 57.3125
3036 57.3125
3037 57.3125
3038 57.3125
3039 57.3125
3040 57.3125
3041 57.3125
3042 57.3125
3043 57.3125
3044 57.3125
3045 57.3125
3046 57.3125
3047 57.3125
3048 57.3125
3049 57.3125
3050 57.3125
3051 57.3125
3052 57.3125
3053 57.3125
3054 57.3125
3055 57.3125
3056 57.3125
3057 57.3125
3058 57.3125
3059 57.3125
3060 57.3125
3061 57.3125
3062 57.3125
3063 57.3125
3064 57.3125
3065 57.3125
3066 57.3125
3067 57.3125
3068 57.3125
3069 57.3125
3070 57.3125
3071 57.3125
3072 57.3125
3073 57.3125
3074 57.3125
3075 57.3125
3076 57.3125
3077 57.3125
3078 57.3125
3079 57.3125
3080 57.3125
3081 57.3125
3082 57.3125
3083 57.3125
3084 57.3125
3085 57.3125
3086 57.3125
3087 57.3125
3088 57.3125
3089 57.3125
3090 57.3125
3091 57.3125
3092 57.3125
3093 57.3125
3094 57.3125
3095 57.3125
3096 57.3125
3097 57.3125
3098 57.3125
3099 57.3125
3100 57.3125
3101 57.3125
3102 57.3125
3103 57.3125
3104 57.3125
3105 57.3125
3106 57.3125
3107 57.3125
3108 57.3125
3109 57.3125
3110 57.3125
3111 57.3125
3112 57.3125
3113 57.3125
3114 57.3125
3115 57.3125
3116 57.3125
3117 57.3125
3118 57.3125
3119 57.3125
3120 57.3125
3121 57.3125
3122 57.3125
3123 57.3125
3124 57.3125
3125 57.3125
3126 57.3125
3127 57.3125
3128 57.3125
3129 57.3125
3130 57.3125
3131 57.3125
3132 57.3125
3133 57.3125
3134 57.3125
3135 57.3125
3136 57.3125
3137 57.3125
3138 57.3125
3139 57.3125
3140 57.3125
3141 57.3125
3142 57.3125
3143 57.3125
3144 57.3125
3145 57.3125
3146 57.3125
3147 57.3125
3148 57.3125
3149 57.3125
3150 57.3125
3151 57.3125
3152 57.3125
3153 57.3125
3154 57.3125
3155 57.3125
3156 57.3125
3157 57.3125
3158 57.3125
3159 57.3125
3160 57.3125
3161 57.3125
3162 57.3125
3163 57.3125
3164 57.3125
3165 57.3125
3166 57.3125
3167 57.3125
3168 57.3125
3169 57.3125
3170 57.3125
3171 57.3125
3172 57.3125
3173 57.3125
3174 57.3125
3175 57.3125
3176 57.3125
3177 57.3125
3178 57.3125
3179 57.3125
3180 57.3125
3181 57.3125
3182 57.3125
3183 57.3125
3184 57.3125
3185 57.3125
3186 57.3125
3187 57.3125
3188 57.3125
3189 57.3125
3190 57.3125
3191 57.3125
3192 57.3125
3193 57.3125
3194 57.3125
3195 57.3125
3196 57.3125
3197 57.3125
3198 57.3125
3199 57.3125
3200 57.3125
3201 57.3125
3202 57.3125
3203 57.3125
3204 57.3125
3205 57.3125
3206 57.3125
3207 57.3125
3208 57.3125
3209 57.3125
3210 57.3125
3211 57.3125
3212 57.3125
3213 57.3125
3214 57.3125
3215 57.3125
3216 57.3125
3217 57.3125
3218 57.3125
3219 57.3125
3220 57.3125
3221 57.3125
3222 57.3125
3223 57.3125
3224 57.3125
3225 57.3125
3226 57.3125
3227 57.3125
3228 57.3125
3229 57.3125
3230 57.3125
3231 57.3125
3232 57.3125
3233 57.3125
3234 57.3125
3235 57.3125
3236 57.3125
3237 57.3125
3238 57.3125
3239 57.3125
3240 57.3125
3241 57.3125
3242 57.3125
3243 57.3125
3244 57.3125
3245 57.3125
3246 57.3125
3247 57.3125
3248 57.3125
3249 57.3125
3250 57.3125
3251 57.3125
3252 57.3125
3253 57.3125
3254 57.3125
3255 57.3125
3256 57.3125
3257 57.3125
3258 57.3125
3259 57.3125
3260 57.3125
3261 57.3125
3262 57.3125
3263 57.3125
3264 57.3125
3265 57.3125
3266 57.3125
3267 57.3125
3268 57.3125
3269 57.3125
3270 57.3125
3271 57.3125
3272 57.3125
3273 57.3125
3274 57.3125
3275 57.3125
3276 57.3125
3277 57.3125
3278 57.3125
3279 57.3125
3280 57.3125
3281 57.3125
3282 57.3125
3283 57.3125
3284 57.3125
3285 57.3125
3286 57.3125
3287 57.3125
3288 57.3125
3289 57.3125
3290 57.3125
3291 57.3125
3292 57.3125
3293 57.3125
3294 57.3125
3295 57.3125
3296 57.3125
3297 57.3125
3298 57.3125
3299 57.3125
3300 57.3125
3301 57.3125
3302 57.3125
3303 57.3125
3304 57.3125
3305 57.3125
3306 57.3125
3307 57.3125
3308 57.3125
3309 57.3125
3310 57.3125
3311 57.3125
3312 57.3125
3313 57.3125
3314 57.3125
3315 57.3125
3316 57.3125
3317 57.3125
3318 57.3125
3319 57.3125
3320 57.3125
3321 57.3125
3322 57.3125
3323 57.3125
3324 57.3125
3325 57.3125
3326 57.3125
3327 57.3125
3328 57.3125
3329 57.3125
3330 57.3125
3331 57.3125
3332 57.3125
3333 57.3125
3334 57.3125
3335 57.3125
3336 57.3125
3337 57.3125
3338 57.3125
3339 57.3125
3340 57.3125
3341 57.3125
3342 57.3125
3343 57.3125
3344 57.3125
3345 57.3125
3346 57.3125
3347 57.3125
3348 57.3125
3349 57.3125
3350 57.3125
3351 57.3125
3352 57.3125
3353 57.3125
3354 57.3125
3355 57.3125
3356 57.3125
3357 57.3125
3358 57.3125
3359 57.3125
3360 57.3125
3361 57.3125
3362 57.3125
3363 57.3125
3364 57.3125
3365 57.3125
3366 57.3125
3367 57.3125
3368 57.3125
3369 57.3125
3370 57.3125
3371 57.3125
3372 57.3125
3373 57.3125
3374 57.3125
3375 57.3125
3376 57.3125
3377 57.3125
3378 57.3125
3379 57.3125
3380 57.3125
3381 57.3125
3382 57.3125
3383 57.3125
3384 57.3125
3385 57.3125
3386 57.3125
3387 57.3125
3388 57.3125
3389 57.3125
3390 57.3125
3391 57.3125
3392 57.3125
3393 57.3125
3394 57.3125
3395 57.3125
3396 57.3125
3397 57.3125
3398 57.3125
3399 57.3125
3400 57.3125
3401 57.3125
3402 57.3125
3403 57.3125
3404 57.3125
3405 57.3125
3406 57.3125
3407 57.3125
3408 57.3125
3409 57.3125
3410 57.3125
3411 57.3125
3412 57.3125
3413 57.3125
3414 57.3125
3415 57.3125
3416 57.3125
3417 57.3125
3418 57.3125
3419 57.3125
3420 57.3125
3421 57.3125
3422 57.3125
3423 57.3125
3424 57.3125
3425 57.3125
3426 57.3125
3427 57.3125
3428 57.3125
3429 57.3125
3430 57.3125
3431 57.3125
3432 57.3125
3433 57.3125
3434 57.3125
3435 57.3125
3436 57.3125
3437 57.3125
3438 57.3125
3439 57.3125
3440 57.3125
3441 57.3125
3442 57.3125
3443 57.3125
3444 57.3125
3445 57.3125
3446 57.3125
3447 57.3125
3448 57.3125
3449 57.3125
3450 57.3125
3451 57.3125
3452 57.3125
3453 57.3125
3454 57.3125
3455 57.3125
3456 57.3125
3457 57.3125
3458 57.3125
3459 57.3125
3460 57.3125
3461 57.3125
3462 57.3125
3463 57.3125
3464 57.3125
3465 57.3125
3466 57.3125
3467 57.3125
3468 57.3125
3469 57.3125
3470 57.3125
3471 57.3125
3472 57.3125
3473 57.3125
3474 57.3125
3475 57.3125
3476 57.3125
3477 57.3125
3478 57.3125
3479 57.3125
3480 57.3125
3481 57.3125
3482 57.3125
3483 57.3125
3484 57.3125
3485 57.3125
3486 57.3125
3487 57.3125
3488 57.3125
3489 57.3125
3490 57.3125
3491 57.3125
3492 57.3125
3493 57.3125
3494 57.3125
3495 57.3125
3496 57.3125
3497 57.3125
3498 57.3125
3499 57.3125
3500 57.3125
3501 57.3125
3502 57.3125
3503 57.3125
3504 57.3125
3505 57.3125
3506 57.3125
3507 57.3125
3508 57.3125
3509 57.3125
3510 57.3125
3511 57.3125
3512 57.3125
3513 57.3125
3514 57.3125
3515 57.3125
3516 57.3125
3517 57.3125
3518 57.3125
3519 57.3125
3520 57.3125
3521 57.3125
3522 57.3125
3523 57.3125
3524 57.3125
3525 57.3125
3526 57.3125
3527 57.3125
3528 57.3125
3529 57.3125
3530 57.3125
3531 57.3125
3532 57.3125
3533 57.3125
3534 57.3125
3535 57.3125
3536 57.3125
3537 57.3125
3538 57.3125
3539 57.3125
3540 57.3125
3541 57.3125
3542 57.3125
3543 57.3125
3544 57.3125
3545 57.3125
3546 57.3125
3547 57.3125
3548 57.3125
3549 57.3125
3550 57.3125
3551 57.3125
3552 57.3125
3553 57.3125
3554 57.3125
3555 57.3125
3556 57.3125
3557 57.3125
3558 57.3125
3559 57.3125
3560 57.3125
3561 57.3125
3562 57.3125
3563 57.3125
3564 57.3125
3565 57.3125
3566 57.3125
3567 57.3125
3568 57.3125
3569 57.3125
3570 57.3125
3571 57.3125
3572 57.3125
3573 57.3125
3574 57.3125
3575 57.3125
3576 57.3125
3577 57.3125
3578 57.3125
3579 57.3125
3580 57.3125
3581 57.3125
3582 57.3125
3583 57.3125
3584 57.3125
3585 57.3125
3586 57.3125
3587 57.3125
3588 57.3125
3589 57.3125
3590 57.3125
3591 57.3125
3592 57.3125
3593 57.3125
3594 57.3125
3595 57.3125
3596 57.3125
3597 57.3125
3598 57.3125
3599 57.3125
3600 57.3125
3601 57.3125
3602 57.3125
3603 57.3125
3604 57.3125
3605 57.3125
3606 57.3125
3607 57.3125
3608 57.3125
3609 57.3125
3610 57.3125
3611 57.3125
3612 57.3125
3613 57.3125
3614 57.3125
3615 57.3125
3616 57.3125
3617 57.3125
3618 57.3125
3619 57.3125
3620 57.3125
3621 57.3125
3622 57.3125
3623 57.3125
3624 57.3125
3625 57.3125
3626 57.3125
3627 57.3125
3628 57.3125
3629 57.3125
3630 57.3125
3631 57.3125
3632 57.3125
3633 57.3125
3634 57.3125
3635 57.3125
3636 57.3125
3637 57.3125
3638 57.3125
3639 57.3125
3640 57.3125
3641 57.3125
3642 57.3125
3643 57.3125
3644 57.3125
3645 57.3125
3646 57.3125
3647 57.3125
3648 57.3125
3649 57.3125
3650 57.3125
3651 57.3125
3652 57.3125
3653 57.3125
3654 57.3125
3655 57.3125
3656 57.3125
3657 57.3125
3658 57.3125
3659 57.3125
3660 57.3125
3661 57.3125
3662 57.3125
3663 57.3125
3664 57.3125
3665 57.3125
3666 57.3125
3667 57.3125
3668 57.3125
3669 57.3125
3670 57.3125
3671 57.3125
3672 57.3125
3673 57.3125
3674 57.3125
3675 57.3125
3676 57.3125
3677 57.3125
3678 57.3125
3679 57.3125
3680 57.3125
3681 57.3125
3682 57.3125
3683 57.3125
3684 57.3125
3685 57.3125
3686 57.3125
3687 57.3125
3688 57.3125
3689 57.3125
3690 57.3125
3691 57.3125
3692 57.3125
3693 57.3125
3694 57.3125
3695 57.3125
3696 57.3125
3697 57.3125
3698 57.3125
3699 57.3125
3700 57.3125
3701 57.2215
3702 57.2215
3703 57.2215
3704 57.2215
3705 57.2215
3706 57.2215
3707 57.2215
3708 57.2215
3709 57.2215
3710 57.2215
3711 57.2215
3712 57.2215
3713 57.2215
3714 57.2215
3715 57.2215
3716 57.2215
3717 57.2215
3718 57.2215
3719 57.2215
3720 57.2215
3721 57.2215
3722 57.2215
3723 57.2215
3724 57.2215
3725 57.2215
3726 57.2215
3727 57.2215
3728 57.2215
3729 57.2215
3730 57.2215
3731 57.2215
3732 57.2215
3733 57.2215
3734 57.2215
3735 57.2215
3736 57.2215
3737 57.2215
3738 57.2215
3739 57.2215
3740 57.2215
3741 57.2215
3742 57.2215
3743 57.2215
3744 57.2215
3745 57.2215
3746 57.2215
3747 57.2215
3748 57.2215
3749 57.2215
3750 57.2215
3751 57.0617
3752 57.0617
3753 57.0617
3754 57.0617
3755 56.003
3756 56.003
3757 56.003
3758 56.003
3759 56.003
3760 56.003
3761 56.003
3762 56.003
3763 56.003
3764 56.003
3765 56.003
3766 56.003
3767 56.003
3768 56.003
3769 56.003
3770 56.003
3771 56.003
3772 56.003
3773 56.003
3774 56.003
3775 56.003
3776 56.003
3777 56.003
3778 56.003
3779 56.003
3780 56.003
3781 56.003
3782 56.003
3783 56.003
3784 56.003
3785 56.003
3786 56.003
3787 56.003
3788 56.003
3789 56.003
3790 56.003
3791 56.003
3792 56.003
3793 56.003
3794 56.003
3795 56.003
3796 56.003
3797 56.003
3798 56.003
3799 56.003
3800 56.003
3801 56.003
3802 56.003
3803 56.003
3804 56.003
3805 56.003
3806 56.003
3807 56.003
3808 56.003
3809 56.003
3810 56.003
3811 56.003
3812 56.003
3813 56.003
3814 56.003
3815 56.003
3816 56.003
3817 56.003
3818 56.003
3819 56.003
3820 56.003
3821 56.003
3822 56.003
3823 56.003
3824 56.003
3825 56.003
3826 56.003
3827 56.003
3828 56.003
3829 56.003
3830 56.003
3831 56.003
3832 56.003
3833 56.003
3834 56.003
3835 56.003
3836 56.003
3837 56.003
3838 56.003
3839 56.003
3840 56.003
3841 56.003
3842 56.003
3843 56.003
3844 56.003
3845 56.003
3846 56.003
3847 56.003
3848 56.003
3849 56.003
3850 56.003
3851 56.003
3852 56.003
3853 56.003
3854 56.003
3855 56.003
3856 56.003
3857 56.003
3858 56.003
3859 56.003
3860 56.003
3861 56.003
3862 56.003
3863 56.003
3864 56.003
3865 56.003
3866 56.003
3867 56.003
3868 56.003
3869 56.003
3870 56.003
3871 56.003
3872 56.003
3873 56.003
3874 56.003
3875 56.003
3876 56.003
3877 56.003
3878 56.003
3879 56.003
3880 56.003
3881 56.003
3882 56.003
3883 56.003
3884 56.003
3885 56.003
3886 56.003
3887 56.003
3888 56.003
3889 56.003
3890 56.003
3891 56.003
3892 56.003
3893 56.003
3894 56.003
3895 56.003
3896 56.003
3897 56.003
3898 56.003
3899 56.003
3900 56.003
3901 56.003
3902 56.003
3903 56.003
3904 56.003
3905 56.003
3906 56.003
3907 56.003
3908 56.003
3909 56.003
3910 56.003
3911 56.003
3912 56.003
3913 56.003
3914 56.003
3915 56.003
3916 56.003
3917 56.003
3918 56.003
3919 56.003
3920 56.003
3921 56.003
3922 56.003
3923 56.003
3924 56.003
3925 56.003
3926 56.003
3927 56.003
3928 56.003
3929 56.003
3930 56.003
3931 56.003
3932 56.003
3933 56.003
3934 56.003
3935 56.003
3936 56.003
3937 56.003
3938 56.003
3939 56.003
3940 56.003
3941 56.003
3942 56.003
3943 56.003
3944 56.003
3945 56.003
3946 56.003
3947 56.003
3948 56.003
3949 56.003
3950 56.003
3951 56.003
3952 56.003
3953 56.003
3954 56.003
3955 56.003
3956 56.003
3957 56.003
3958 56.003
3959 56.003
3960 56.003
3961 56.003
3962 56.003
3963 56.003
3964 56.003
3965 56.003
3966 56.003
3967 56.003
3968 56.003
3969 56.003
3970 56.003
3971 56.003
3972 56.003
3973 56.003
3974 56.003
3975 56.003
3976 56.003
3977 56.003
3978 56.003
3979 56.003
3980 56.003
3981 56.003
3982 56.003
3983 56.003
3984 56.003
3985 56.003
3986 56.003
3987 56.003
3988 56.003
3989 56.003
3990 56.003
3991 56.003
3992 56.003
3993 56.003
3994 56.003
3995 56.003
3996 56.003
3997 56.003
3998 56.003
3999 56.003
4000 56.003
4001 56.003
4002 56.003
4003 56.003
4004 56.003
4005 56.003
4006 56.003
4007 56.003
4008 56.003
4009 56.003
4010 56.003
4011 56.003
4012 56.003
4013 56.003
4014 56.003
4015 56.003
4016 56.003
4017 56.003
4018 56.003
4019 56.003
4020 56.003
4021 56.003
4022 56.003
4023 56.003
4024 56.003
4025 56.003
4026 56.003
4027 56.003
4028 56.003
4029 56.003
4030 56.003
4031 56.003
4032 56.003
4033 56.003
4034 56.003
4035 56.003
4036 56.003
4037 56.003
4038 56.003
4039 56.003
4040 56.003
4041 56.003
4042 56.003
4043 56.003
4044 56.003
4045 56.003
4046 56.003
4047 56.003
4048 56.003
4049 56.003
4050 56.003
4051 56.003
4052 56.003
4053 56.003
4054 56.003
4055 56.003
4056 56.003
4057 56.003
4058 56.003
4059 56.003
4060 56.003
4061 56.003
4062 56.003
4063 56.003
4064 56.003
4065 56.003
4066 56.003
4067 56.003
4068 56.003
4069 56.003
4070 56.003
4071 56.003
4072 56.003
4073 56.003
4074 56.003
4075 56.003
4076 56.003
4077 56.003
4078 56.003
4079 56.003
4080 56.003
4081 56.003
4082 56.003
4083 56.003
4084 56.003
4085 56.003
4086 56.003
4087 56.003
4088 56.003
4089 56.003
4090 56.003
4091 56.003
4092 56.003
4093 56.003
4094 56.003
4095 56.003
4096 56.003
4097 56.003
4098 56.003
4099 56.003
4100 56.003
4101 56.003
4102 56.003
4103 56.003
4104 56.003
4105 56.003
4106 56.003
4107 56.003
4108 56.003
4109 56.003
4110 56.003
4111 56.003
4112 56.003
4113 56.003
4114 56.003
4115 56.003
4116 56.003
4117 56.003
4118 56.003
4119 56.003
4120 56.003
4121 56.003
4122 56.003
4123 56.003
4124 56.003
4125 56.003
4126 56.003
4127 56.003
4128 56.003
4129 56.003
4130 56.003
4131 56.003
4132 56.003
4133 56.003
4134 56.003
4135 56.003
4136 56.003
4137 56.003
4138 56.003
4139 56.003
4140 56.003
4141 56.003
4142 56.003
4143 56.003
4144 56.003
4145 56.003
4146 56.003
4147 56.003
4148 56.003
4149 56.003
4150 56.003
4151 56.003
4152 56.003
4153 56.003
4154 56.003
4155 56.003
4156 56.003
4157 56.003
4158 56.003
4159 56.003
4160 56.003
4161 56.003
4162 56.003
4163 56.003
4164 56.003
4165 56.003
4166 56.003
4167 56.003
4168 56.003
4169 56.003
4170 56.003
4171 56.003
4172 56.003
4173 56.003
4174 56.003
4175 56.003
4176 56.003
4177 56.003
4178 56.003
4179 56.003
4180 56.003
4181 56.003
4182 56.003
4183 56.003
4184 56.003
4185 56.003
4186 56.003
4187 56.003
4188 56.003
4189 56.003
4190 56.003
4191 56.003
4192 56.003
4193 56.003
4194 56.003
4195 56.003
4196 56.003
4197 56.003
4198 56.003
4199 56.003
4200 56.003
4201 56.003
4202 56.003
4203 56.003
4204 56.003
4205 56.003
4206 56.003
4207 56.003
4208 56.003
4209 56.003
4210 56.003
4211 56.003
4212 56.003
4213 56.003
4214 56.003
4215 56.003
4216 56.003
4217 56.003
4218 56.003
4219 56.003
4220 56.003
4221 56.003
4222 56.003
4223 56.003
4224 56.003
4225 56.003
4226 56.003
4227 56.003
4228 56.003
4229 56.003
4230 56.003
4231 56.003
4232 56.003
4233 56.003
4234 56.003
4235 56.003
4236 56.003
4237 56.003
4238 56.003
4239 56.003
4240 55.8333
4241 55.8333
4242 55.8333
4243 55.8333
4244 55.8333
4245 55.8333
4246 55.8333
4247 55.8333
4248 55.8333
4249 55.8333
4250 55.8333
4251 55.8333
4252 55.8333
4253 55.8333
4254 55.8333
4255 55.8333
4256 55.8333
4257 55.8333
4258 55.8333
4259 55.8333
4260 55.8333
4261 55.8333
4262 55.8333
4263 55.8333
4264 55.8333
4265 55.8333
4266 55.8333
4267 55.8333
4268 55.8333
4269 55.8333
4270 55.8333
4271 55.8333
4272 55.8333
4273 55.8333
4274 55.8333
4275 55.8333
4276 55.8333
4277 55.8333
4278 55.8333
4279 55.8333
4280 55.8333
4281 55.8333
4282 55.8333
4283 55.8333
4284 55.8333
4285 55.8333
4286 55.8333
4287 55.8333
4288 55.8333
4289 55.8333
4290 55.8333
4291 55.8333
4292 55.8333
4293 55.8333
4294 55.8333
4295 55.8333
4296 55.8333
4297 55.8333
4298 55.8333
4299 55.8333
4300 55.8333
4301 55.3481
4302 55.3481
4303 55.3481
4304 55.3481
4305 55.3481
4306 55.3481
4307 55.3481
4308 55.3481
4309 55.3481
4310 55.3481
4311 55.3481
4312 54.6288
4313 54.6288
4314 54.6288
4315 54.6288
4316 54.6288
4317 54.6288
4318 54.6288
4319 54.6288
4320 54.6288
4321 54.6288
4322 54.6288
4323 54.6288
4324 54.6288
4325 54.6288
4326 54.6288
4327 54.6288
4328 54.6288
4329 54.6288
4330 54.6288
4331 54.6288
4332 54.6288
4333 54.6288
4334 54.6288
4335 54.6288
4336 54.6288
4337 54.6288
4338 54.6288
4339 54.6288
4340 54.6288
4341 54.6288
4342 54.5751
4343 54.5751
4344 54.5751
4345 54.5751
4346 54.5751
4347 54.5751
4348 54.5751
4349 54.5751
4350 54.5751
4351 54.5751
4352 54.5751
4353 54.5751
4354 54.5751
4355 54.5751
4356 54.5751
4357 54.5751
4358 54.5751
4359 54.5751
4360 54.5751
4361 54.5751
4362 54.5751
4363 54.5751
4364 54.5751
4365 54.5751
4366 54.5751
4367 54.5751
4368 54.5751
4369 54.5751
4370 54.5751
4371 54.5751
4372 54.5751
4373 54.5751
4374 54.5751
4375 54.5751
4376 54.5751
4377 54.5751
4378 54.5751
4379 54.5751
4380 54.5751
4381 54.5751
4382 54.5751
4383 54.5751
4384 54.5751
4385 54.5751
4386 54.5751
4387 54.5751
4388 54.5751
4389 54.5751
4390 54.5751
4391 54.5751
4392 54.5751
4393 54.5751
4394 54.5751
4395 54.5751
4396 54.5751
4397 54.5751
4398 54.5751
4399 54.5751
4400 54.5751
4401 54.5751
4402 54.5751
4403 54.5751
4404 54.5751
4405 54.5751
4406 54.5751
4407 54.5751
4408 54.5751
4409 54.5751
4410 54.5751
4411 54.5751
4412 54.5751
4413 54.5751
4414 54.5751
4415 54.5751
4416 54.5751
4417 54.5751
4418 54.5751
4419 54.5751
4420 54.5751
4421 54.5751
4422 54.5751
4423 54.5751
4424 54.5751
4425 54.5751
4426 54.5751
4427 54.5751
4428 54.5751
4429 54.5751
4430 54.5751
4431 54.5751
4432 54.5751
4433 54.5751
4434 54.5751
4435 54.5751
4436 54.5751
4437 54.5751
4438 54.5751
4439 54.5751
4440 54.5751
4441 54.5751
4442 54.5751
4443 54.5751
4444 54.5751
4445 54.5751
4446 54.5751
4447 54.5751
4448 54.5751
4449 54.5751
4450 54.5751
4451 54.5751
4452 54.5751
4453 54.5751
4454 54.5751
4455 54.5751
4456 54.5751
4457 54.5751
4458 54.5751
4459 54.5751
4460 54.5751
4461 54.5751
4462 54.5751
4463 54.5751
4464 54.5751
4465 54.5751
4466 54.5751
4467 54.5751
4468 54.5751
4469 54.5751
4470 54.5751
4471 54.5751
4472 54.5751
4473 54.5751
4474 54.5751
4475 54.5751
4476 54.5751
4477 54.5751
4478 54.5751
4479 54.5751
4480 54.5751
4481 54.5751
4482 54.5751
4483 54.5751
4484 54.5751
4485 54.5751
4486 54.5751
4487 54.5751
4488 54.5751
4489 54.5751
4490 54.5751
4491 54.5751
4492 54.5751
4493 54.5751
4494 54.5751
4495 54.5751
4496 54.5751
4497 54.5751
4498 54.5751
4499 54.5751
4500 54.5751
4501 54.5751
4502 54.5751
4503 54.5751
4504 54.5751
4505 54.5751
4506 54.5751
4507 54.5751
4508 54.5751
4509 54.5751
4510 54.5751
4511 54.5751
4512 54.5751
4513 54.5751
4514 54.5751
4515 54.5751
4516 54.5751
4517 54.5751
4518 54.5751
4519 54.5751
4520 54.5751
4521 54.5751
4522 54.5751
4523 54.5751
4524 54.5751
4525 54.5751
4526 54.5751
4527 54.5751
4528 54.5751
4529 54.5751
4530 54.5751
4531 54.5751
4532 54.5751
4533 54.5751
4534 54.5751
4535 54.5751
4536 54.5751
4537 54.5751
4538 54.5751
4539 54.5751
4540 54.5751
4541 54.5751
4542 54.5751
4543 54.5751
4544 54.5751
4545 54.5751
4546 54.5751
4547 54.5751
4548 54.5751
4549 54.5751
4550 54.5751
4551 54.5751
4552 54.5751
4553 54.5751
4554 54.5751
4555 54.5751
4556 54.5751
4557 54.5751
4558 54.5751
4559 54.5751
4560 54.5751
4561 54.5751
4562 54.5751
4563 54.5751
4564 54.5751
4565 54.5751
4566 54.5751
4567 54.5751
4568 54.5751
4569 54.5751
4570 54.5751
4571 54.5751
4572 54.5751
4573 54.5751
4574 54.5751
4575 54.5751
4576 54.5751
4577 54.5751
4578 54.5751
4579 54.5751
4580 54.5751
4581 54.5751
4582 54.5751
4583 54.5751
4584 54.5751
4585 54.5751
4586 54.5751
4587 54.5751
4588 54.5751
4589 54.5751
4590 54.5751
4591 54.5751
4592 54.5751
4593 54.5751
4594 54.5751
4595 54.5751
4596 54.5751
4597 54.5751
4598 54.5751
4599 54.5751
4600 54.5751
4601 54.5751
4602 54.5751
4603 54.5751
4604 54.5751
4605 54.5751
4606 54.5751
4607 54.5751
4608 54.5751
4609 54.5751
4610 54.5751
4611 54.5751
4612 54.5751
4613 54.5751
4614 54.5751
4615 54.5751
4616 54.5751
4617 54.5751
4618 54.5751
4619 54.5751
4620 54.5751
4621 54.5751
4622 54.5751
4623 54.5751
4624 54.5751
4625 54.5751
4626 54.5751
4627 54.5751
4628 54.5751
4629 54.5751
4630 54.5751
4631 54.5751
4632 54.5751
4633 54.5751
4634 54.5751
4635 54.5751
4636 54.5751
4637 54.5751
4638 54.5751
4639 54.5751
4640 54.5751
4641 54.5751
4642 54.5751
4643 54.5751
4644 54.5751
4645 54.5751
4646 54.5751
4647 54.5751
4648 54.5751
4649 54.5751
4650 54.5751
4651 54.2864
4652 54.2864
4653 54.2864
4654 54.2864
4655 54.2864
4656 54.2864
4657 54.2864
4658 54.2864
4659 54.2864
4660 54.2864
4661 54.2864
4662 54.2864
4663 54.2864
4664 54.2864
4665 54.2864
4666 54.2864
4667 54.2864
4668 54.2864
4669 54.2864
4670 54.2864
4671 54.2864
4672 54.2864
4673 54.2864
4674 54.2864
4675 54.2864
4676 54.2864
4677 54.2864
4678 54.2864
4679 54.2864
4680 54.2864
4681 54.2864
4682 54.2864
4683 54.2864
4684 54.2864
4685 54.2864
4686 54.2864
4687 54.1167
4688 54.1167
4689 54.1167
4690 54.1167
4691 54.1167
4692 54.1167
4693 54.1167
4694 54.1167
4695 54.1167
4696 54.1167
4697 54.1167
4698 54.1167
4699 54.1167
4700 54.1167
4701 54.1167
4702 54.1167
4703 54.1167
4704 54.1167
4705 54.1167
4706 54.1167
4707 54.1167
4708 54.1167
4709 54.1167
4710 54.1167
4711 54.1167
4712 54.1167
4713 54.1167
4714 54.1167
4715 54.1167
4716 54.1167
4717 54.1167
4718 54.1167
4719 54.1167
4720 54.1167
4721 54.1167
4722 54.1167
4723 54.1167
4724 54.1167
4725 54.1167
4726 54.1167
4727 54.1167
4728 54.1167
4729 54.1167
4730 54.1167
4731 54.1167
4732 54.1167
4733 54.1167
4734 54.1167
4735 54.1167
4736 54.1167
4737 54.1167
4738 54.1167
4739 54.1167
4740 54.1167
4741 54.1167
4742 54.1167
4743 54.1167
4744 54.1167
4745 54.1167
4746 54.1167
4747 54.1167
4748 54.1167
4749 54.1167
4750 54.1167
4751 54.1167
4752 54.1167
4753 54.1167
4754 54.1167
4755 54.1167
4756 54.1167
4757 54.1167
4758 54.1167
4759 54.1167
4760 54.1167
4761 54.1167
4762 54.1167
4763 54.1167
4764 54.1167
4765 54.1167
4766 54.1167
4767 54.1167
4768 54.1167
4769 54.1167
4770 54.1167
4771 54.1167
4772 54.1167
4773 54.1167
4774 54.1167
4775 54.1167
4776 54.1167
4777 54.1167
4778 54.1167
4779 54.1167
4780 54.1167
4781 54.1167
4782 54.1167
4783 54.1167
4784 54.1167
4785 54.1167
4786 54.1167
4787 54.1167
4788 54.1167
4789 54.1167
4790 54.1167
4791 54.1167
4792 54.1167
4793 54.1167
4794 54.1167
4795 54.1167
4796 54.1167
4797 54.1167
4798 54.1167
4799 54.1167
4800 54.1167
4801 54.1167
4802 54.1167
4803 54.1167
4804 54.1167
4805 54.1167
4806 54.1167
4807 54.1167
4808 54.1167
4809 54.1167
4810 54.1167
4811 54.1167
4812 54.1167
4813 54.1167
4814 54.1167
4815 54.1167
4816 54.1167
4817 54.1167
4818 54.1167
4819 54.1167
4820 54.1167
4821 54.1167
4822 54.1167
4823 54.1167
4824 54.1167
4825 54.1167
4826 54.1167
4827 54.1167
4828 54.1167
4829 54.1167
4830 54.1167
4831 54.1167
4832 54.1167
4833 54.1167
4834 54.1167
4835 54.1167
4836 54.1167
4837 54.1167
4838 54.1167
4839 54.1167
4840 54.1167
4841 54.1167
4842 54.1167
4843 54.1167
4844 54.1167
4845 54.1167
4846 54.1167
4847 54.1167
4848 54.1167
4849 54.1167
4850 54.1167
4851 54.1167
4852 54.1167
4853 54.1167
4854 54.1167
4855 54.1167
4856 54.1167
4857 54.1167
4858 54.1167
4859 54.1167
4860 54.1167
4861 54.1167
4862 54.1167
4863 54.1167
4864 54.1167
4865 54.1167
4866 54.1167
4867 54.1167
4868 54.1167
4869 54.1167
4870 54.1167
4871 54.1167
4872 54.1167
4873 54.1167
4874 54.1167
4875 54.1167
4876 54.1167
4877 54.1167
4878 54.1167
4879 54.1167
4880 54.1167
4881 54.1167
4882 54.1167
4883 54.1167
4884 54.1167
4885 54.1167
4886 54.1167
4887 54.1167
4888 54.1167
4889 54.1167
4890 54.1167
4891 54.1167
4892 54.1167
4893 54.1167
4894 54.1167
4895 54.1167
4896 54.1167
4897 54.1167
4898 54.1167
4899 54.1167
4900 54.1167
4901 54.1167
4902 54.1167
4903 54.1167
4904 54.1167
4905 54.1167
4906 54.1167
4907 54.1167
4908 54.1167
4909 54.1167
4910 54.1167
4911 54.1167
4912 54.1167
4913 54.1167
4914 54.1167
4915 54.1167
4916 54.1167
4917 54.1167
4918 54.1167
4919 54.1167
4920 54.1167
4921 54.1167
4922 54.1167
4923 54.1167
4924 54.1167
4925 54.1167
4926 54.1167
4927 54.1167
4928 54.1167
4929 54.1167
4930 54.1167
4931 54.1167
4932 54.1167
4933 54.1167
4934 54.1167
4935 54.1167
4936 54.1167
4937 54.1167
4938 54.1167
4939 54.1167
4940 54.1167
4941 54.1167
4942 54.1167
4943 54.1167
4944 54.1167
4945 54.1167
4946 54.1167
4947 54.1167
4948 54.1167
4949 54.1167
4950 54.1167
4951 54.1167
4952 54.1167
4953 54.1167
4954 54.1167
4955 54.1167
4956 54.1167
4957 54.1167
4958 54.1167
4959 54.1167
4960 54.1167
4961 54.1167
4962 54.1167
4963 54.1167
4964 54.1167
4965 54.1167
4966 54.1167
4967 54.1167
4968 54.1167
4969 54.1167
4970 54.1167
4971 54.1167
4972 54.1167
4973 54.1167
4974 54.1167
4975 54.1167
4976 54.1167
4977 54.1167
4978 54.1167
4979 54.1167
4980 54.1167
4981 54.1167
4982 54.1167
4983 54.1167
4984 54.1167
4985 54.1167
4986 54.1167
4987 54.1167
4988 54.1167
4989 54.1167
4990 54.1167
4991 54.1167
4992 54.1167
4993 54.1167
4994 54.1167
4995 54.1167
4996 54.1167
4997 54.1167
4998 54.1167
4999 54.1167
