0 2516.68
1 2344.4
2 2208.12
3 2073.86
4 1885.43
5 1811.85
6 1731.19
7 1646.98
8 1564.84
9 1491.51
10 1449.23
11 1407.98
12 1365.11
13 1323.51
14 1276.11
15 1254.22
16 1204.31
17 1169.06
18 1127.07
19 1066.31
20 1021.29
21 981.697
22 961.13
23 949.339
24 932.262
25 899.022
26 872.211
27 848.257
28 830.785
29 819.649
30 807.293
31 775.652
32 754.593
33 733.52
34 718.974
35 711.074
36 696.267
37 679.237
38 652.093
39 625.5
40 600.554
41 591.065
42 577.916
43 573.278
44 566.775
45 555.089
46 541.155
47 519.578
48 508.484
49 495.521
50 482.786
51 471.971
52 465.525
53 459.217
54 453.576
55 444.359
56 433.25
57 432.101
58 431.903
59 426.96
60 419.613
61 410.624
62 403.423
63 399.554
64 395.046
65 394.7
66 394.43
67 391.892
68 383.323
69 376.846
70 374.834
71 370.078
72 363.694
73 359.442
74 358.451
75 357.944
76 356.264
77 341.558
78 326.287
79 321.52
80 317.828
81 314.159
82 304.521
83 294.454
84 290.077
85 287.588
86 284.699
87 284.259
88 281.048
89 278.829
90 274.632
91 269.111
92 264.195
93 261.586
94 259.706
95 257.715
96 256.724
97 256.458
98 256.437
99 256.202
100 252.871
101 249.29
102 246.268
103 241.446
104 231.148
105 225.439
106 221.904
107 220.77
108 219.14
109 216.871
110 211.427
111 205.392
112 201.412
113 200.492
114 198.429
115 197.238
116 196.149
117 194.236
118 192.085
119 190.759
120 189.18
121 187.601
122 186.861
123 186.503
124 185.168
125 181.725
126 178.949
127 178.232
128 177.332
129 176.657
130 173.435
131 171.091
132 170.443
133 170.428
134 167.835
135 161.957
136 158.251
137 156.941
138 156.661
139 156.111
140 155.142
141 153.391
142 151.802
143 151.474
144 151.474
145 151.464
146 150.357
147 149.218
148 148.36
149 147.583
150 147.41
151 147.274
152 146.994
153 145.641
154 145.288
155 145.079
156 144.827
157 144.729
158 144.727
159 144.328
160 143.881
161 143.52
162 141.72
163 140.163
164 140.163
165 140.163
166 140.113
167 140.059
168 140.059
169 140.059
170 140.052
171 138.494
172 136.776
173 136.072
174 135.822
175 135.822
176 135.822
177 135.769
178 135.756
179 135.35
180 134.523
181 133.786
182 133.542
183 132.66
184 131.254
185 129.88
186 129.153
187 129.017
188 128.955
189 128.955
190 128.952
191 128.584
192 128.25
193 128.093
194 127.899
195 127.899
196 127.899
197 127.896
198 127.292
199 125.878
200 125.215
201 123.511
202 122.2
203 122.106
204 121.743
205 120.753
206 120.071
207 119.948
208 119.847
209 119.847
210 119.847
211 119.847
212 119.847
213 119.847
214 119.847
215 119.846
216 119.587
217 118.788
218 118.518
219 118.518
220 118.518
221 118.518
222 118.518
223 118.517
224 118.21
225 117.78
226 117.78
227 117.78
228 117.78
229 117.78
230 117.721
231 117.655
232 117.655
233 117.655
234 117.655
235 117.655
236 117.655
237 117.655
238 117.655
239 117.655
240 117.644
241 116.45
242 114.833
243 114.763
244 114.763
245 114.763
246 114.763
247 114.763
248 114.763
249 114.762
250 114.506
251 110.844
252 106.993
253 105.465
254 105.465
255 105.465
256 105.46
257 104.514
258 103.047
259 103.047
260 103.047
261 103.047
262 103.015
263 102.969
264 102.969
265 102.969
266 102.969
267 102.969
268 102.968
269 102.656
270 102.383
271 102.383
272 102.382
273 102.257
274 102.213
275 102.213
276 102.212
277 102.051
278 101.59
279 101.254
280 101.248
281 101.242
282 101.242
283 101.242
284 101.242
285 101.242
286 101.242
287 101.242
288 101.242
289 101.242
290 101.242
291 101.218
292 101.212
293 101.212
294 101.203
295 100.779
296 100.256
297 100.124
298 100.058
299 100.05
300 100.05
301 100.049
302 99.9971
303 99.8875
304 99.8538
305 99.8538
306 99.8538
307 99.8538
308 99.8505
309 99.458
310 99.0222
311 99.0222
312 99.0222
313 99.0222
314 99.0213
315 98.7068
316 98.5557
317 98.5553
318 98.4476
319 97.7537
320 97.5103
321 97.5103
322 97.5103
323 97.5103
324 97.5099
325 97.4271
326 97.3308
327 97.3308
328 97.3308
329 97.3308
330 97.3306
331 97.2606
332 97.1889
333 96.8601
334 96.7601
335 96.7601
336 96.7601
337 96.7601
338 96.7601
339 96.7597
340 96.6834
341 96.5833
342 96.5833
343 96.5833
344 96.5833
345 96.5833
346 96.5833
347 96.5833
348 96.5833
349 96.5833
350 96.5833
351 96.5833
352 96.5812
353 96.1033
354 95.512
355 95.512
356 95.5081
357 94.5073
358 93.5876
359 93.5861
360 93.305
361 92.9711
362 92.874
363 92.874
364 92.874
365 92.8738
366 92.8103
367 91.221
368 90.5781
369 90.5781
370 90.5781
371 90.5781
372 90.5638
373 87.2524
374 80.502
375 77.8645
376 77.8635
377 77.5513
378 77.339
379 77.339
380 77.339
381 77.339
382 77.339
383 77.339
384 77.339
385 77.339
386 77.339
387 77.339
388 77.339
389 77.339
390 77.339
391 77.339
392 77.339
393 77.339
394 77.339
395 77.3382
396 77.1133
397 76.5129
398 75.9617
399 75.8619
400 75.8574
401 74.5894
402 73.6315
403 73.6315
404 73.6307
405 73.3799
406 73.0326
407 72.965
408 72.6591
409 72.3804
410 72.3302
411 72.289
412 72.2067
413 72.1872
414 72.1872
415 72.1872
416 72.1872
417 72.1872
418 72.1872
419 72.1872
420 72.1872
421 72.1872
422 72.1872
423 72.1872
424 72.1872
425 72.1872
426 72.1872
427 72.1872
428 72.1872
429 72.1872
430 72.1872
431 72.1872
432 72.1872
433 72.1872
434 72.1872
435 72.1872
436 72.1872
437 72.1872
438 72.1872
439 72.187
440 72.1297
441 71.3778
442 70.969
443 70.9668
444 70.2299
445 69.8407
446 69.8407
447 69.8407
448 69.8407
449 69.8367
450 69.2767
451 68.8615
452 68.8615
453 68.8615
454 68.8615
455 68.8615
456 68.8615
457 68.8615
458 68.8615
459 68.8615
460 68.8615
461 68.8615
462 68.8615
463 68.8615
464 68.8615
465 68.8615
466 68.8615
467 68.8615
468 68.8615
469 68.8615
470 68.8615
471 68.8615
472 68.8615
473 68.8615
474 68.8615
475 68.8615
476 68.8607
477 68.7417
478 68.6452
479 68.6452
480 68.6452
481 68.6452
482 68.6452
483 68.6452
484 68.6452
485 68.6452
486 68.6452
487 68.6452
488 68.6452
489 68.6452
490 68.6452
491 68.6452
492 68.6452
493 68.6452
494 68.6452
495 68.6452
496 68.6452
497 68.6452
498 68.6452
499 68.6452
500 68.6452
501 68.6452
502 68.6452
503 68.6452
504 68.6452
505 68.6452
506 68.6452
507 68.6452
508 68.6452
509 68.6452
510 68.6452
511 68.6452
512 68.6452
513 68.6452
514 68.6452
515 68.6452
516 68.6452
517 68.6452
518 68.6452
519 68.6452
520 68.6452
521 68.6452
522 68.6452
523 68.6452
524 68.6448
525 68.5558
526 68.3961
527 68.3472
528 68.1426
529 67.7823
530 67.7543
531 67.7543
532 67.7543
533 67.7543
534 67.7543
535 67.7543
536 67.7538
537 67.6431
538 67.116
539 66.6498
540 66.6364
541 66.6364
542 66.6364
543 66.6364
544 66.6364
545 66.6364
546 66.6364
547 66.6364
548 66.6364
549 66.6364
550 66.6364
551 66.6364
552 66.6364
553 66.6364
554 66.6364
555 66.6364
556 66.6364
557 66.6364
558 66.6364
559 66.6364
560 66.6364
561 66.6364
562 66.6364
563 66.6364
564 66.6364
565 66.6364
566 66.6364
567 66.6364
568 66.6364
569 66.6364
570 66.6364
571 66.6364
572 66.6364
573 66.6364
574 66.6364
575 66.6364
576 66.6364
577 66.6364
578 66.6364
579 66.6364
580 66.6364
581 66.6364
582 66.6364
583 66.6364
584 66.6364
585 66.6364
586 66.6364
587 66.6364
588 66.6364
589 66.6364
590 66.6364
591 66.6364
592 66.6364
593 66.6359
594 66.4783
595 66.399
596 66.399
597 66.399
598 66.399
599 66.399
600 66.399
601 66.399
602 66.399
603 66.399
604 66.399
605 66.399
606 66.399
607 66.399
608 66.399
609 66.399
610 66.399
611 66.399
612 66.399
613 66.399
614 66.399
615 66.399
616 66.399
617 66.399
618 66.399
619 66.399
620 66.399
621 66.399
622 66.399
623 66.399
624 66.399
625 66.399
626 66.399
627 66.399
628 66.399
629 66.399
630 66.3988
631 66.378
632 66.3581
633 66.3581
634 66.3581
635 66.3581
636 66.3581
637 66.356
638 65.8959
639 65.2979
640 65.2979
641 65.2979
642 65.2979
643 65.2979
644 65.2979
645 65.2979
646 65.2979
647 65.2979
648 65.2979
649 65.2979
650 65.2979
651 65.2979
652 65.2979
653 65.2979
654 65.2979
655 65.2979
656 65.2979
657 65.2979
658 65.2979
659 65.2979
660 65.2979
661 65.2979
662 65.2969
663 65.0921
664 64.8148
665 64.8148
666 64.8148
667 64.8148
668 64.8148
669 64.8148
670 64.8148
671 64.8148
672 64.8141
673 64.6532
674 64.1637
675 63.7863
676 63.7863
677 63.7863
678 63.7863
679 63.7863
680 63.7863
681 63.7863
682 63.7863
683 63.7863
684 63.7863
685 63.7863
686 63.7863
687 63.7863
688 63.7863
689 63.7863
690 63.7863
691 63.7863
692 63.7863
693 63.7863
694 63.7863
695 63.7863
696 63.7863
697 63.7863
698 63.7863
699 63.7863
700 63.7863
701 63.7863
702 63.7863
703 63.7863
704 63.7863
705 63.7863
706 63.7863
707 63.7863
708 63.7863
709 63.7863
710 63.7863
711 63.7863
712 63.7863
713 63.7863
714 63.7863
715 63.7863
716 63.7863
717 63.7863
718 63.7863
719 63.7863
720 63.7863
721 63.7863
722 63.7863
723 63.7863
724 63.7863
725 63.7863
726 63.7863
727 63.7863
728 63.7863
729 63.7863
730 63.7863
731 63.7858
732 63.6564
733 63.5063
734 63.5063
735 63.5063
736 63.5063
737 63.5063
738 63.5063
739 63.5063
740 63.5063
741 63.5063
742 63.5063
743 63.5063
744 63.5054
745 63.2122
746 62.8512
747 62.5939
748 62.0857
749 61.6821
750 61.6821
751 61.6821
752 61.6821
753 61.6821
754 61.6821
755 61.6821
756 61.6821
757 61.6821
758 61.6821
759 61.6821
760 61.6821
761 61.6821
762 61.6821
763 61.6821
764 61.6821
765 61.6821
766 61.6821
767 61.6821
768 61.6821
769 61.6815
770 61.5756
771 61.5338
772 61.5338
773 61.5338
774 61.5338
775 61.5338
776 61.5338
777 61.5338
778 61.5338
779 61.5338
780 61.5338
781 61.5338
782 61.5338
783 61.5338
784 61.5338
785 61.5338
786 61.5338
787 61.5331
788 61.3519
789 61.1699
790 61.1699
791 61.1699
792 61.1699
793 61.1699
794 61.1699
795 61.1699
796 61.1699
797 61.1699
798 61.1699
799 61.1699
800 61.1699
801 61.1699
802 61.1699
803 61.1699
804 61.1699
805 61.1699
806 61.1699
807 61.1699
808 61.1699
809 61.1699
810 61.1699
811 61.1699
812 61.1699
813 61.1699
814 61.1699
815 61.1699
816 61.1636
817 61.1562
818 61.1562
819 61.1562
820 61.1562
821 61.1562
822 63.7785
823 70.1996
824 66.3072
825 67.564
826 79.1877
827 95.7943
828 105.046
829 125.562
830 133.24
831 133.441
832 144.994
833 148.934
834 148.912
835 138.277
836 159.189
837 147.701
838 160.725
839 142.633
840 143.63
841 167.465
842 139.036
843 154.359
844 179.705
845 163.524
846 176.818
847 144.33
848 138.731
849 165.949
850 183.912
851 168.529
852 157.42
853 179.671
854 191.987
855 211.54
856 162.438
857 168.889
858 184.666
859 226.943
860 205.838
861 222.193
862 211.228
863 226.912
864 226.925
865 206.735
866 193.301
867 195.784
868 199.505
869 216.998
870 247.781
871 216.627
872 213.226
873 208.136
874 217.369
875 199.088
876 203.441
877 189.558
878 224.662
879 208.049
880 213.716
881 242.521
882 226.264
883 246.982
884 216.175
885 253.466
886 210.109
887 197.425
888 233.507
889 213.844
890 210.065
891 267.755
892 229.84
893 265.887
894 235.316
895 218.22
896 217.434
897 225.676
898 235.773
899 224.444
900 261.599
901 230.932
902 229.104
903 254.957
904 246.504
905 251.892
906 265.483
907 244.672
908 284.407
909 260.939
910 311.274
911 309.714
912 279.287
913 320.709
914 284.773
915 316.345
916 299.03
917 324.293
918 300.911
919 259.754
920 283.14
921 253.997
922 339.95
923 321.201
924 314.25
925 365.316
926 281.494
927 308.079
928 339.176
929 322.646
930 331.848
931 286.412
932 390.658
933 317.023
934 282.384
935 272.059
936 300.487
937 308.047
938 271.943
939 313.021
940 311.007
941 273.694
942 323.932
943 313.202
944 281.112
945 334.873
946 319.811
947 349.21
948 310.206
949 329.569
950 282.029
951 305.588
952 299.307
953 288.4
954 313.7
955 349.642
956 319.464
957 311.947
958 361.327
959 340.2
960 301.513
961 239.857
962 334.241
963 321.967
964 298.827
965 284.091
966 283.074
967 248.514
968 252.096
969 266.058
970 267.797
971 259.978
972 263.884
973 277.672
974 266.287
975 280.148
976 312.645
977 321.707
978 270.823
979 229.038
980 307.289
981 245.911
982 278.98
983 334.895
984 307.146
985 296.176
986 323.211
987 302.054
988 321.133
989 279.153
990 285.23
991 328.242
992 329.066
993 308.018
994 360.685
995 300.808
996 387.899
997 311.738
998 338.327
999 287.238
1000 314.531
1001 320.978
1002 308.743
1003 300.497
1004 348.074
1005 316.093
1006 249.945
1007 316.721
1008 351.01
1009 373.633
1010 394.028
1011 317.644
1012 314.851
1013 271.87
1014 272.394
1015 363.742
1016 342.029
1017 383.07
1018 306.254
1019 328.782
1020 276.483
1021 331.816
1022 364.046
1023 328.712
1024 347.842
1025 313.888
1026 328.716
1027 323.087
1028 303.723
1029 343.575
1030 370.622
1031 357.116
1032 357.222
1033 351.335
1034 342.925
1035 355.433
1036 333.613
1037 357.666
1038 368.815
1039 314.71
1040 288.337
1041 358.263
1042 333.633
1043 368.358
1044 423.225
1045 332.623
1046 266.545
1047 286.165
1048 261.778
1049 316.932
1050 321.645
1051 365.853
1052 301.88
1053 307.698
1054 311.853
1055 319.071
1056 274.685
1057 303.939
1058 314.698
1059 320.114
1060 329.214
1061 295.453
1062 315.447
1063 314.254
1064 304.247
1065 323.005
1066 315.337
1067 391.287
1068 394.336
1069 370.912
1070 351.693
1071 355.256
1072 277.268
1073 289.562
1074 373.562
1075 391.448
1076 349.247
1077 338.194
1078 337.77
1079 340.149
1080 300.629
1081 318.504
1082 349.11
1083 287.706
1084 337.845
1085 353.61
1086 328.498
1087 389.23
1088 360.524
1089 293.849
1090 382.384
1091 324.89
1092 296.416
1093 321.72
1094 355.583
1095 293.14
1096 298.455
1097 326.518
1098 339.759
1099 319.723
1100 300.54
1101 345.217
1102 400.517
1103 344.262
1104 318.804
1105 457.761
1106 377.785
1107 284.368
1108 347.189
1109 343.186
1110 323.093
1111 341.251
1112 335.328
1113 304.245
1114 281.805
1115 282.793
1116 376.248
1117 372.521
1118 367.069
1119 346.563
1120 296.98
1121 305.171
1122 373.192
1123 362.141
1124 329.958
1125 341.146
1126 334.696
1127 379.511
1128 318.062
1129 355.075
1130 328.101
1131 343.796
1132 376.736
1133 306.993
1134 370.742
1135 352.383
1136 365.514
1137 345.184
1138 272.501
1139 307.331
1140 331.449
1141 357.266
1142 374.029
1143 342.657
1144 342.456
1145 343.009
1146 364.201
1147 355.354
1148 363.2
1149 326.875
1150 349.324
1151 374.984
1152 404.022
1153 395.089
1154 436.711
1155 410.166
1156 379.488
1157 389.54
1158 326.973
1159 346.937
1160 336.742
1161 352.149
1162 289.104
1163 385.791
1164 358.668
1165 456.761
1166 402.503
1167 417.547
1168 392.116
1169 381.571
1170 330.295
1171 421.188
1172 414.913
1173 418.193
1174 383.181
1175 369.458
1176 357.336
1177 405.441
1178 323.791
1179 333.846
1180 392.75
1181 350.919
1182 389.136
1183 394.201
1184 364.779
1185 385.575
1186 423.947
1187 397.8
1188 390.173
1189 324.547
1190 346.389
1191 380.376
1192 422.856
1193 444.613
1194 433.944
1195 443.303
1196 351.226
1197 380.977
1198 368.595
1199 390.902
1200 435.086
1201 427.108
1202 433.566
1203 479.196
1204 480.758
1205 397.481
1206 450.641
1207 332.949
1208 455.313
1209 401.657
1210 428.788
1211 410.291
1212 456.015
1213 404.507
1214 422.202
1215 423.717
1216 367.9
1217 374.995
1218 446.837
1219 452.024
1220 387.316
1221 447.452
1222 388.115
1223 406.31
1224 381.29
1225 435.018
1226 392.855
1227 434.929
1228 364.709
1229 399.036
1230 379.181
1231 318.02
1232 314.676
1233 358.623
1234 439.665
1235 372.427
1236 306.814
1237 460.887
1238 379.032
1239 396.388
1240 388.805
1241 455.95
1242 427.441
1243 313.727
1244 386.776
1245 394.066
1246 413.006
1247 336.637
1248 403.636
1249 327.617
1250 373.766
1251 386.086
1252 377.926
1253 404.334
1254 334.902
1255 357.553
1256 438.39
1257 382.821
1258 443.229
1259 389.67
1260 394.754
1261 438.569
1262 465.724
1263 374.459
1264 391.229
1265 319.955
1266 464.439
1267 399.414
1268 439.87
1269 325.547
1270 354.706
1271 337.136
1272 361.396
1273 443.732
1274 419.938
1275 444.745
1276 384.769
1277 373.164
1278 350.307
1279 357.277
1280 394.919
1281 425.37
1282 355.531
1283 363.747
1284 363.696
1285 393.992
1286 371.208
1287 369.556
1288 451.966
1289 357.18
1290 378.823
1291 367.323
1292 313.24
1293 335.568
1294 355.512
1295 393.378
1296 383.195
1297 338.257
1298 436.995
1299 382.272
1300 404.576
1301 408.439
1302 359.006
1303 392.774
1304 379.551
1305 431.853
1306 394.371
1307 368.222
1308 354.259
1309 378.401
1310 382.678
1311 381.707
1312 363.202
1313 354.875
1314 411.287
1315 364.476
1316 351.752
1317 359.335
1318 339.111
1319 399.88
1320 331.547
1321 314.449
1322 336.594
1323 335.887
1324 354.845
1325 324.12
1326 434.43
1327 411.695
1328 364.639
1329 322.415
1330 322.922
1331 341.876
1332 388.478
1333 350.167
1334 352.924
1335 338.862
1336 388.568
1337 329.379
1338 292.719
1339 300.269
1340 479.978
1341 367.299
1342 371.466
1343 397.262
1344 407.404
1345 295.844
1346 403.398
1347 388.977
1348 326.919
1349 364.882
1350 383.078
1351 342.119
1352 340.309
1353 305.613
1354 256.537
1355 343.568
1356 324.501
1357 361.656
1358 390.336
1359 478.786
1360 397.439
1361 355.572
1362 354.359
1363 323.783
1364 439.564
1365 342.773
1366 361.805
1367 393.155
1368 308.827
1369 373.879
1370 286.297
1371 323.046
1372 328.606
1373 369.345
1374 396.868
1375 329.236
1376 352.579
1377 330.078
1378 338.957
1379 355.758
1380 362.495
1381 283.706
1382 274.573
1383 402.166
1384 389.292
1385 398.323
1386 329.018
1387 320.342
1388 387.354
1389 383.703
1390 430.136
1391 362.61
1392 353.047
1393 328.756
1394 384.66
1395 343.661
1396 390.537
1397 364.388
1398 359.306
1399 302.736
1400 353.499
1401 362.032
1402 410.755
1403 410.711
1404 370.11
1405 324.991
1406 305.906
1407 367.265
1408 372.644
1409 313.751
1410 355.848
1411 369.564
1412 337.958
1413 463.004
1414 379.142
1415 353.54
1416 342.507
1417 395.364
1418 391.998
1419 327.364
1420 312.704
1421 404.941
1422 411.707
1423 374.867
1424 367.597
1425 317.646
1426 377.549
1427 310.719
1428 359.424
1429 439.996
1430 307.812
1431 393.595
1432 379.164
1433 395.009
1434 332.713
1435 388.683
1436 310
1437 301.938
1438 408.693
1439 438.418
1440 380.495
1441 423.417
1442 376.711
1443 411.279
1444 364.184
1445 352.453
1446 395.662
1447 436.369
1448 445.609
1449 448.934
1450 465.104
1451 387.931
1452 392.743
1453 318.539
1454 422.674
1455 459.988
1456 421.781
1457 351.618
1458 368.581
1459 322.911
1460 307.879
1461 377.9
1462 367.322
1463 345.572
1464 431.06
1465 439.294
1466 431.841
1467 392.35
1468 413.927
1469 384.481
1470 419.911
1471 411.263
1472 429.38
1473 380.27
1474 390.708
1475 354.316
1476 377.842
1477 361.166
1478 370.833
1479 366.066
1480 393.148
1481 406.249
1482 408.049
1483 312.438
1484 309.019
1485 392.729
1486 386.193
1487 384.12
1488 364.523
1489 381.309
1490 425.343
1491 415.799
1492 425.128
1493 493.629
1494 369.907
1495 409.283
1496 356.715
1497 414.64
1498 445.078
1499 407.654
1500 434.249
1501 394.281
1502 430.558
1503 413.292
1504 374.475
1505 398.629
1506 423.915
1507 428.684
1508 464.883
1509 467.845
1510 499.782
1511 481.552
1512 389.458
1513 403.893
1514 431.239
1515 319.731
1516 357.599
1517 420.817
1518 459.31
1519 340.969
1520 424.742
1521 443.745
1522 389.198
1523 420.439
1524 413.55
1525 393.243
1526 447.852
1527 420.133
1528 507.377
1529 369.144
1530 433.056
1531 364.684
1532 386.977
1533 408.682
1534 386.864
1535 382.945
1536 406.709
1537 383.8
1538 385.752
1539 444.641
1540 352.408
1541 346.797
1542 411.165
1543 467.722
1544 387.679
1545 383.332
1546 369.919
1547 350.097
1548 479.377
1549 397.771
1550 447.637
1551 342.48
1552 410.884
1553 481.35
1554 468.86
1555 413.112
1556 436.416
1557 399.979
1558 385.296
1559 418.772
1560 424.634
1561 332.149
1562 374.557
1563 453.47
1564 423.625
1565 367.463
1566 400.063
1567 341.682
1568 372.46
1569 322.024
1570 327.89
1571 371.387
1572 426.562
1573 471.876
1574 423.769
1575 369.13
1576 383.542
1577 395.81
1578 406.345
1579 402.64
1580 456.113
1581 343.099
1582 385.745
1583 414.012
1584 430.818
1585 439.672
1586 379.755
1587 434.414
1588 366.915
1589 426.768
1590 429.463
1591 446.256
1592 556.119
1593 472.224
1594 359.773
1595 344.076
1596 352.585
1597 369.074
1598 432.026
1599 347.142
1600 378.854
1601 368.216
1602 406.35
1603 385.378
1604 400.46
1605 376.712
1606 395.704
1607 378.912
1608 447.81
1609 395.654
1610 399.635
1611 465.204
1612 393.842
1613 352.815
1614 468.414
1615 430.704
1616 463.616
1617 373.965
1618 390.947
1619 463.867
1620 407.196
1621 403.314
1622 376.236
1623 379.569
1624 469.102
1625 443.202
1626 373.312
1627 419.981
1628 467.483
1629 377.843
1630 372.228
1631 414.893
1632 409.984
1633 457.796
1634 372.533
1635 453.047
1636 394.617
1637 373.755
1638 408.017
1639 345.762
1640 413.301
1641 435.963
1642 462.862
1643 426.479
1644 416.58
1645 468.56
1646 407.749
1647 392.687
1648 433.653
1649 435.459
1650 421.053
1651 397.623
1652 410.291
1653 418.626
1654 378.125
1655 391.17
1656 433.954
1657 453.592
1658 428.493
1659 441.355
1660 454.533
1661 398.156
1662 426.371
1663 432.879
1664 376.595
1665 421.586
1666 368
1667 406.809
1668 439.211
1669 390.556
1670 396.243
1671 414.891
1672 371.352
1673 492.326
1674 395.223
1675 364.589
1676 332.325
1677 400.709
1678 454.017
1679 390.318
1680 431.752
1681 462.647
1682 406.622
1683 442.148
1684 471.294
1685 411.595
1686 422.26
1687 463.233
1688 424.286
1689 438.065
1690 399.536
1691 409.859
1692 450.706
1693 505.919
1694 407.611
1695 510.64
1696 554.573
1697 527.137
1698 411.617
1699 468.132
1700 495.305
1701 570.049
1702 483.806
1703 462.565
1704 462.85
1705 408.928
1706 475.435
1707 353.344
1708 423.005
1709 460.708
1710 473.421
1711 411.096
1712 430.827
1713 413.033
1714 338.699
1715 430.346
1716 412.027
1717 470.773
1718 456.75
1719 439.479
1720 432.633
1721 414.077
1722 455.693
1723 363.579
1724 442.524
1725 458.746
1726 455.157
1727 399.767
1728 435.347
1729 384.117
1730 512.404
1731 521.276
1732 441.117
1733 445.32
1734 461.574
1735 426.127
1736 443.714
1737 461.358
1738 433.02
1739 375.424
1740 431.401
1741 353.323
1742 427.706
1743 435.842
1744 531.383
1745 425.021
1746 425.952
1747 560.456
1748 388.168
1749 468.097
1750 454.661
1751 495.041
1752 455.688
1753 516.28
1754 473.166
1755 537.306
1756 484.564
1757 458.187
1758 463.746
1759 435.195
1760 434.955
1761 433.601
1762 459.972
1763 361.287
1764 457.744
1765 428.801
1766 438.16
1767 437.897
1768 371.94
1769 440.148
1770 556.333
1771 509.701
1772 576.598
1773 502.253
1774 500.412
1775 509.024
1776 544.069
1777 521.193
1778 435.206
1779 389.332
1780 500.997
1781 502.321
1782 463.935
1783 461.551
1784 494.878
1785 439.552
1786 529.948
1787 494.089
1788 496.439
1789 418.647
1790 482.569
1791 371.598
1792 415.171
1793 507.107
1794 539.899
1795 431.844
1796 449.438
1797 446.708
1798 474.628
1799 455.726
1800 420.131
1801 472.614
1802 488.775
1803 537.007
1804 469.772
1805 480.473
1806 465.113
1807 511.38
1808 497.723
1809 468.542
1810 537.478
1811 464.045
1812 450.269
1813 422.502
1814 449.481
1815 465.684
1816 466.732
1817 483.537
1818 482.586
1819 507.564
1820 473.702
1821 473.236
1822 477.187
1823 442.618
1824 504.189
1825 474.585
1826 503.854
1827 431.209
1828 550.139
1829 473.77
1830 462.307
1831 412.575
1832 474.978
1833 456.217
1834 451.51
1835 457.241
1836 503.658
1837 390.436
1838 444.048
1839 520.354
1840 475.704
1841 548.66
1842 351.635
1843 487.057
1844 440.621
1845 445.816
1846 447.802
1847 412.718
1848 425.801
1849 357.695
1850 442.836
1851 362.679
1852 493.911
1853 425.698
1854 504.573
1855 503.622
1856 450.796
1857 516.612
1858 454.789
1859 528.892
1860 460.196
1861 380.588
1862 469.165
1863 378.191
1864 610.944
1865 571.41
1866 465.558
1867 563.965
1868 535.059
1869 463.996
1870 509.957
1871 509.984
1872 489.439
1873 487.003
1874 394.814
1875 441.698
1876 481.634
1877 572.725
1878 478.778
1879 503.299
1880 501.933
1881 390.258
1882 492.884
1883 435.184
1884 446.765
1885 468.486
1886 414.08
1887 472.844
1888 449.215
1889 454.499
1890 414.553
1891 454.694
1892 476.611
1893 445.615
1894 469.052
1895 408.16
1896 408.024
1897 480.475
1898 468.582
1899 404.474
1900 422.103
1901 438.297
1902 435.138
1903 404.606
1904 419.675
1905 419.788
1906 407.281
1907 413.025
1908 425.011
1909 435.737
1910 385.514
1911 359.954
1912 396.176
1913 448.489
1914 399.323
1915 458.11
1916 419.52
1917 439.802
1918 366.004
1919 377.647
1920 400.154
1921 449.875
1922 443.821
1923 457.435
1924 448.938
1925 470.676
1926 478.809
1927 484.106
1928 498.1
1929 462.509
1930 390.56
1931 344.904
1932 436.943
1933 383.218
1934 436.777
1935 427.594
1936 460.64
1937 408.132
1938 457.018
1939 418.423
1940 460.979
1941 447.54
1942 448.847
1943 409.524
1944 439.541
1945 455.586
1946 461.271
1947 480.06
1948 424.315
1949 493.827
1950 422.102
1951 473.037
1952 427.759
1953 410.792
1954 428.588
1955 451.13
1956 473.38
1957 528.716
1958 431.444
1959 414.755
1960 391.708
1961 438.953
1962 481.098
1963 392.597
1964 461.482
1965 460.298
1966 447.562
1967 466.961
1968 406.317
1969 437.743
1970 401.957
1971 451.183
1972 403.098
1973 392.05
1974 482.347
1975 495.945
1976 372.378
1977 424.851
1978 390.002
1979 514.392
1980 540.602
1981 484.872
1982 439.171
1983 456.984
1984 445.327
1985 428.218
1986 409.066
1987 388.829
1988 460.883
1989 529.804
1990 388.109
1991 446.398
1992 433.782
1993 478.06
1994 442.225
1995 498.851
1996 427.67
1997 439.342
1998 437.425
1999 449.513
2000 341.194
2001 416.284
2002 457.156
2003 438.767
2004 434.488
2005 459.529
2006 455.757
2007 426.687
2008 389.909
2009 431.733
2010 419.199
2011 486.964
2012 515.772
2013 478.911
2014 465.89
2015 405.622
2016 423.662
2017 496.522
2018 471.528
2019 441.469
2020 428.43
2021 433.589
2022 430.062
2023 435.405
2024 441.533
2025 471.215
2026 401.618
2027 398.486
2028 442.87
2029 338.94
2030 326.691
2031 402.829
2032 393.721
2033 371.447
2034 350.439
2035 405.045
2036 370.978
2037 406.658
2038 385.287
2039 383.597
2040 359.255
2041 458.548
2042 469.668
2043 444.586
2044 432.284
2045 376.606
2046 477.495
2047 380.469
2048 437.022
2049 443.594
2050 469.374
2051 399.537
2052 462.506
2053 467.56
2054 452.654
2055 366.035
2056 391.441
2057 416.502
2058 421.035
2059 498.628
2060 408.946
2061 435.421
2062 468.243
2063 440.838
2064 488.736
2065 473.692
2066 346.284
2067 369.484
2068 398.038
2069 356.259
2070 427.557
2071 440.885
2072 415.731
2073 473
2074 375.482
2075 441.991
2076 499.688
2077 395.113
2078 333.352
2079 432.88
2080 357.816
2081 385.746
2082 390.126
2083 384.327
2084 361.961
2085 365.407
2086 360.406
2087 404.059
2088 417.386
2089 369.35
2090 437.102
2091 381.468
2092 322.404
2093 464.049
2094 449.727
2095 406.916
2096 360.887
2097 463.964
2098 428.166
2099 370.494
2100 370.69
2101 427.498
2102 389.002
2103 337.544
2104 418.377
2105 365.65
2106 384.919
2107 412.649
2108 372.464
2109 342.11
2110 449.082
2111 468.997
2112 473.34
2113 415.15
2114 438.378
2115 436.365
2116 402.108
2117 413.406
2118 402.107
2119 433.892
2120 416.08
2121 363.899
2122 384.889
2123 463.384
2124 412.056
2125 396.675
2126 380.986
2127 439.869
2128 429.905
2129 392.652
2130 423.544
2131 458.92
2132 497.808
2133 459.031
2134 456.067
2135 456.277
2136 355.905
2137 480.695
2138 444.391
2139 449.996
2140 373.941
2141 543.298
2142 445.508
2143 386.567
2144 422.292
2145 374.065
2146 460.126
2147 441.761
2148 442.094
2149 384.81
2150 425.277
2151 464.201
2152 428.712
2153 416.799
2154 429.315
2155 452.244
2156 475.734
2157 473.892
2158 328.735
2159 411.188
2160 347.507
2161 415.628
2162 500.057
2163 490.208
2164 461.187
2165 433.976
2166 496.406
2167 432.733
2168 424.889
2169 437.872
2170 413.569
2171 442.975
2172 486.863
2173 416.692
2174 469.409
2175 396.131
2176 399.586
2177 477.867
2178 404.552
2179 439.747
2180 458.433
2181 421.445
2182 487.718
2183 447.113
2184 404.336
2185 454.43
2186 473.228
2187 371.953
2188 377.946
2189 441.467
2190 523.399
2191 463.363
2192 410.737
2193 474.303
2194 383.738
2195 455.073
2196 410.28
2197 370.414
2198 389.225
2199 541.905
2200 390.23
2201 399.204
2202 437.907
2203 443.266
2204 395.035
2205 403.57
2206 467.22
2207 376.955
2208 423.572
2209 514.894
2210 433.418
2211 399.581
2212 400.963
2213 417.183
2214 438.401
2215 444.863
2216 460.367
2217 421.204
2218 468.545
2219 426.989
2220 451.524
2221 428.614
2222 331.879
2223 408.257
2224 421.019
2225 461.792
2226 388.278
2227 406.472
2228 432.993
2229 453.06
2230 440.754
2231 485.154
2232 528.426
2233 494.276
2234 416.875
2235 420.376
2236 472.265
2237 487.621
2238 472.967
2239 420.464
2240 451
2241 436.731
2242 418.842
2243 446.296
2244 401.192
2245 485.919
2246 457.017
2247 438.862
2248 397.34
2249 433.577
2250 379.965
2251 392.389
2252 435.597
2253 343.457
2254 432.774
2255 361.316
2256 450.993
2257 474.231
2258 365.263
2259 435.296
2260 453.852
2261 455.977
2262 391.447
2263 483.493
2264 447.284
2265 491.317
2266 383.237
2267 444.233
2268 508.743
2269 468.891
2270 441.476
2271 419.336
2272 383.173
2273 451.535
2274 394.537
2275 489.632
2276 396.709
2277 400.291
2278 390.366
2279 467.441
2280 434.374
2281 394.73
2282 396.532
2283 482.85
2284 427.524
2285 398.109
2286 447.115
2287 416.533
2288 405.195
2289 424.863
2290 485.671
2291 386.69
2292 371.089
2293 427.317
2294 391.071
2295 417.365
2296 414.795
2297 431.798
2298 452.79
2299 416.16
2300 436.723
2301 466.742
2302 510.653
2303 441.07
2304 445.11
2305 420.198
2306 395.773
2307 419.387
2308 409.776
2309 414.162
2310 451.12
2311 376.042
2312 449.835
2313 370.816
2314 435.2
2315 380.361
2316 418.82
2317 407.665
2318 482.325
2319 402.437
2320 451.393
2321 409.695
2322 387.847
2323 375.716
2324 397.382
2325 387.225
2326 471.63
2327 486.993
2328 443.104
2329 439.918
2330 434.75
2331 505.306
2332 414.886
2333 497.287
2334 470.256
2335 440.743
2336 372.758
2337 418.324
2338 398.17
2339 477.045
2340 392.668
2341 432.869
2342 418.007
2343 403.768
2344 316.116
2345 396.478
2346 409.958
2347 425.722
2348 355.732
2349 397.323
2350 413.733
2351 414.585
2352 460.274
2353 480.027
2354 383.449
2355 396.477
2356 369.138
2357 474.61
2358 370.443
2359 393.876
2360 436.081
2361 438.503
2362 372.8
2363 404.114
2364 429.339
2365 498.633
2366 351.584
2367 450.635
2368 370.847
2369 387.796
2370 451.351
2371 430.168
2372 359.84
2373 349.748
2374 381.917
2375 411.196
2376 388.159
2377 376.483
2378 322.631
2379 338.619
2380 441.005
2381 382.262
2382 391.825
2383 420.479
2384 448.585
2385 411.047
2386 400.16
2387 398.347
2388 359.769
2389 396.019
2390 397.511
2391 433.868
2392 384.349
2393 395.89
2394 438.729
2395 457.179
2396 389.399
2397 396.927
2398 398.073
2399 517.194
2400 489.329
2401 446.74
2402 468.598
2403 442.239
2404 411.098
2405 455.465
2406 419.115
2407 438.043
2408 427.058
2409 378.368
2410 328.26
2411 426.591
2412 372.588
2413 429.509
2414 353.388
2415 373.183
2416 368.26
2417 398.487
2418 381.367
2419 393.663
2420 461.053
2421 424.829
2422 405.181
2423 425.299
2424 502.32
2425 389.566
2426 513.774
2427 512.582
2428 440.535
2429 535.65
2430 437.345
2431 449.273
2432 408.352
2433 437.786
2434 421.843
2435 483.194
2436 473.299
2437 444.838
2438 488.436
2439 412.2
2440 427.622
2441 429.107
2442 464.859
2443 508.372
2444 417.029
2445 423.666
2446 477.888
2447 514.262
2448 481.707
2449 502.256
2450 324.515
2451 506.236
2452 492.344
2453 486.285
2454 371.226
2455 503.786
2456 480.382
2457 480.395
2458 470.861
2459 472.452
2460 472.457
2461 417.904
2462 526.952
2463 525.959
2464 452.123
2465 484.544
2466 577.134
2467 323.344
2468 412.954
2469 496.333
2470 490.171
2471 561.222
2472 508.58
2473 477.816
2474 506.419
2475 438.493
2476 496.009
2477 458.756
2478 532.993
2479 511.695
2480 474.882
2481 435.099
2482 523.501
2483 467.872
2484 486.986
2485 482.523
2486 606.273
2487 379.059
2488 518.198
2489 552.78
2490 569.419
2491 587.938
2492 488.836
2493 510.979
2494 473.508
2495 453.554
2496 547.807
2497 489.196
2498 414.752
2499 434.122
2500 452.475
2501 475.455
2502 484.116
2503 562.027
2504 499.533
2505 385.581
2506 493.047
2507 514.056
2508 461.287
2509 420.395
2510 466.485
2511 531.597
2512 462.626
2513 473.427
2514 470.632
2515 470.784
2516 537.013
2517 514.961
2518 484.21
2519 424.699
2520 486.619
2521 568.716
2522 511.474
2523 528.127
2524 475.88
2525 434.744
2526 461.75
2527 383.245
2528 452.856
2529 428.292
2530 460.312
2531 498.943
2532 517.943
2533 521.892
2534 474.673
2535 446.564
2536 461.191
2537 543.284
2538 511.242
2539 438.171
2540 457.909
2541 485.937
2542 520.833
2543 474.506
2544 461.124
2545 432.432
2546 448.466
2547 477.358
2548 442.217
2549 424.987
2550 414.436
2551 445.19
2552 549.74
2553 402.606
2554 503.797
2555 426.905
2556 399.559
2557 428.114
2558 444.498
2559 556.483
2560 480.639
2561 457.211
2562 462.469
2563 500.222
2564 550.329
2565 559.912
2566 429.925
2567 590.803
2568 407.04
2569 465.634
2570 489.099
2571 540.481
2572 453.623
2573 406.97
2574 440.655
2575 474.525
2576 477.335
2577 362.667
2578 381.102
2579 541.552
2580 456.219
2581 510.718
2582 452.336
2583 515.519
2584 463.876
2585 391.485
2586 531.149
2587 450.766
2588 473.047
2589 468.83
2590 464.865
2591 485.288
2592 403.938
2593 453.152
2594 545.865
2595 450.684
2596 412.069
2597 374.236
2598 501.819
2599 623.036
2600 487.341
2601 427.849
2602 559.194
2603 546.096
2604 461.948
2605 560.532
2606 474.355
2607 457.808
2608 482.428
2609 479.667
2610 474.953
2611 415.102
2612 562.663
2613 468.868
2614 460.421
2615 612.483
2616 468.981
2617 464.714
2618 481.881
2619 484.62
2620 550.178
2621 489.217
2622 459.682
2623 428.799
2624 530.301
2625 508.975
2626 510.307
2627 460.357
2628 460.587
2629 504.639
2630 430.567
2631 400.459
2632 407.232
2633 355.926
2634 395.799
2635 366.596
2636 438.445
2637 487.7
2638 434.995
2639 467.321
2640 379.748
2641 516.083
2642 489.102
2643 493.221
2644 419.826
2645 468.379
2646 514.409
2647 550.861
2648 497.64
2649 453.443
2650 526.863
2651 475.24
2652 493.52
2653 522.787
2654 458.587
2655 357.26
2656 384.087
2657 463.055
2658 455.199
2659 413.273
2660 484.864
2661 523.724
2662 449.473
2663 428.094
2664 497.875
2665 447.861
2666 461.013
2667 387.756
2668 498.511
2669 537.188
2670 447.589
2671 389.153
2672 468.786
2673 443.289
2674 437.496
2675 418.063
2676 409.069
2677 427.733
2678 463.198
2679 509.232
2680 463.783
2681 343.757
2682 458.17
2683 390.811
2684 402.239
2685 427.635
2686 436.957
2687 463.235
2688 472.359
2689 505.601
2690 461.327
2691 387.084
2692 402.959
2693 496.895
2694 509.664
2695 494.481
2696 480.85
2697 403.913
2698 518.319
2699 386.984
2700 497.286
2701 527.995
2702 416.24
2703 441.772
2704 452.177
2705 386.14
2706 438.365
2707 502.131
2708 450.395
2709 447.55
2710 534.05
2711 465.602
2712 406.142
2713 393.557
2714 394.03
2715 492.554
2716 521.975
2717 366.164
2718 397.84
2719 404.992
2720 466.59
2721 442.829
2722 456.231
2723 473.463
2724 480.226
2725 438.394
2726 415.696
2727 409.53
2728 490.298
2729 482.264
2730 445.301
2731 457.959
2732 408.882
2733 389.063
2734 438.604
2735 512.513
2736 437.598
2737 403.297
2738 498.523
2739 586.966
2740 536.711
2741 488.144
2742 486.385
2743 539.283
2744 510.728
2745 538.21
2746 522.049
2747 475.696
2748 463.208
2749 473.539
2750 511.9
2751 518.407
2752 473.917
2753 459.235
2754 447.996
2755 478.363
2756 469.282
2757 427.435
2758 363.781
2759 475.28
2760 599.171
2761 575.838
2762 363.323
2763 388.053
2764 452.389
2765 450.144
2766 414.888
2767 490.328
2768 456.971
2769 407.07
2770 491.563
2771 427.045
2772 472.817
2773 513.033
2774 486.68
2775 381.768
2776 388.971
2777 476.18
2778 413.057
2779 399.064
2780 449.789
2781 398.369
2782 397.61
2783 437.128
2784 490.267
2785 464.528
2786 431.035
2787 454.702
2788 456.716
2789 465.591
2790 449.744
2791 362.094
2792 501.408
2793 471.295
2794 467.415
2795 569.328
2796 528.051
2797 510.451
2798 453.336
2799 396.985
2800 433.344
2801 422.047
2802 404.27
2803 490.462
2804 398.657
2805 373.405
2806 413.781
2807 428.034
2808 449.882
2809 477.195
2810 475.171
2811 464.224
2812 475.752
2813 428.41
2814 549.168
2815 479.226
2816 497.86
2817 463.621
2818 421.132
2819 422.489
2820 478.825
2821 481.116
2822 426.872
2823 383.465
2824 448.449
2825 439.84
2826 422.23
2827 375.136
2828 471.29
2829 438.112
2830 408.923
2831 422.389
2832 358.062
2833 480.779
2834 440.673
2835 435.611
2836 385.064
2837 470.895
2838 529.222
2839 497.232
2840 429.501
2841 441.076
2842 448.398
2843 500.435
2844 431.674
2845 420.935
2846 425.975
2847 460.003
2848 531.165
2849 453.992
2850 431.237
2851 439.339
2852 391.558
2853 439.654
2854 413.164
2855 427.691
2856 456.645
2857 478.749
2858 444.762
2859 443.053
2860 408.863
2861 411.752
2862 452.488
2863 405.903
2864 410.25
2865 432.037
2866 498.842
2867 399.076
2868 354.366
2869 474.127
2870 508.491
2871 411.891
2872 421.742
2873 428.454
2874 403.914
2875 388.084
2876 523.363
2877 466.417
2878 416.602
2879 432.186
2880 390.749
2881 414.802
2882 440.671
2883 531.946
2884 478.982
2885 433.904
2886 455.964
2887 427.893
2888 409.411
2889 391.849
2890 406.92
2891 383.325
2892 441.483
2893 460.279
2894 516.217
2895 498.973
2896 419.271
2897 480.86
2898 471.722
2899 350.392
2900 378.007
2901 413.572
2902 484.687
2903 394.163
2904 398.522
2905 413.742
2906 374.913
2907 447.007
2908 417.216
2909 378.268
2910 487.833
2911 493.023
2912 426.717
2913 398.213
2914 442.706
2915 359.096
2916 411.735
2917 414.041
2918 459.857
2919 475.968
2920 453.137
2921 462.762
2922 415.628
2923 437.814
2924 406.626
2925 489.019
2926 432.02
2927 358.71
2928 482.348
2929 435.078
2930 430.973
2931 466.978
2932 440.445
2933 439.234
2934 462.689
2935 490.867
2936 464.161
2937 407.874
2938 419.233
2939 425.317
2940 435.14
2941 511.253
2942 427.917
2943 410.915
2944 489.85
2945 434.192
2946 466.684
2947 425.029
2948 435.817
2949 426.248
2950 447.416
2951 419.536
2952 417.213
2953 437.172
2954 365.476
2955 436.836
2956 342.806
2957 368.648
2958 464.446
2959 415.867
2960 442.985
2961 422.709
2962 424.616
2963 496.557
2964 463.76
2965 437.794
2966 411.107
2967 407.499
2968 406.105
2969 429.859
2970 366.268
2971 341.934
2972 396.746
2973 417.027
2974 395.595
2975 423.25
2976 455.981
2977 315.694
2978 428.244
2979 328.804
2980 348.533
2981 395.225
2982 430.119
2983 395.598
2984 478.483
2985 487.408
2986 451.795
2987 447.115
2988 419.292
2989 403.306
2990 422.242
2991 399.064
2992 457.104
2993 457.402
2994 381.727
2995 382.786
2996 414.298
2997 369.313
2998 404.758
2999 417.316
3000 375.302
3001 413.29
3002 387.776
3003 416.307
3004 388.881
3005 351.268
3006 422.356
3007 457.819
3008 418.592
3009 454.937
3010 459.6
3011 369.14
3012 378.367
3013 464.121
3014 425.618
3015 450.037
3016 476.786
3017 451.481
3018 423.621
3019 380.811
3020 399.876
3021 408.416
3022 420.635
3023 308.768
3024 382.021
3025 436.988
3026 430.464
3027 385.018
3028 464.191
3029 452.782
3030 434.651
3031 417.29
3032 445.938
3033 426.1
3034 403.596
3035 369.304
3036 471.608
3037 436.113
3038 404.918
3039 392.792
3040 381.28
3041 473.182
3042 481.223
3043 371.443
3044 443.684
3045 461.905
3046 404.077
3047 377.885
3048 440.697
3049 446.458
3050 502.017
3051 503.857
3052 462.583
3053 405.998
3054 415.482
3055 379.971
3056 391.085
3057 448.92
3058 446.882
3059 440.625
3060 405.803
3061 446.45
3062 495.843
3063 445.703
3064 485.231
3065 458.116
3066 325.674
3067 436.157
3068 448.558
3069 415.049
3070 391.517
3071 453.146
3072 410.781
3073 411.02
3074 422.769
3075 344.443
3076 403.073
3077 511.385
3078 474.042
3079 411.113
3080 407.756
3081 457.885
3082 449.126
3083 456.096
3084 418.428
3085 399.9
3086 457.684
3087 467.328
3088 514.843
3089 452.151
3090 470.783
3091 355.055
3092 473.453
3093 521.192
3094 499.652
3095 387.471
3096 431.217
3097 344.41
3098 432.705
3099 456.742
3100 479.662
3101 421.368
3102 371.369
3103 487.216
3104 338.923
3105 413.763
3106 406.104
3107 478.122
3108 434.69
3109 385.05
3110 408.467
3111 437.071
3112 448.408
3113 379.449
3114 427.338
3115 443.079
3116 429.627
3117 406.415
3118 430.425
3119 422.934
3120 313.384
3121 379.167
3122 486.894
3123 402.082
3124 436.474
3125 460.311
3126 464.128
3127 392.749
3128 410.497
3129 467.313
3130 408.595
3131 418.421
3132 465.143
3133 380.277
3134 408.651
3135 471.183
3136 437.31
3137 448.775
3138 439.112
3139 463.348
3140 431.44
3141 398.056
3142 352.341
3143 474.477
3144 398.918
3145 447.351
3146 393.381
3147 452.986
3148 344.258
3149 419.441
3150 447.345
3151 432.971
3152 363.889
3153 499.466
3154 385.169
3155 497.466
3156 402.625
3157 475.702
3158 414.496
3159 480.305
3160 457.4
3161 476.884
3162 412.241
3163 427.335
3164 474.887
3165 438.746
3166 436.706
3167 456.716
3168 450.352
3169 486.952
3170 492.985
3171 429.718
3172 462.8
3173 479.1
3174 494.789
3175 449.148
3176 505.35
3177 396.86
3178 442.406
3179 504.112
3180 437.86
3181 395.554
3182 463.307
3183 443.563
3184 477.386
3185 497.413
3186 456.257
3187 452.689
3188 505.061
3189 448.215
3190 432.384
3191 543.799
3192 488.128
3193 448.368
3194 500.988
3195 486.084
3196 447.713
3197 471.147
3198 477.005
3199 421.179
3200 407.53
3201 407.978
3202 456.286
3203 385.884
3204 448.567
3205 437.127
3206 450.517
3207 433.577
3208 409.748
3209 450.308
3210 494.125
3211 462.585
3212 444.518
3213 408.511
3214 479.23
3215 429.141
3216 486.358
3217 436.571
3218 409.009
3219 498.351
3220 444.89
3221 463.433
3222 435.636
3223 489.466
3224 467.81
3225 514.654
3226 424.285
3227 513.437
3228 407.711
3229 440.963
3230 449.766
3231 462.776
3232 511.332
3233 415.979
3234 409.32
3235 451.318
3236 380.415
3237 472.914
3238 420.113
3239 493.574
3240 405.028
3241 523.248
3242 448.505
3243 428.038
3244 528.672
3245 451.633
3246 427.833
3247 464.636
3248 392.203
3249 475.703
3250 379.321
3251 522.557
3252 447.241
3253 436.371
3254 395.421
3255 395.598
3256 472.938
3257 464.893
3258 439.452
3259 382.729
3260 448.392
3261 426.508
3262 467.448
3263 398.211
3264 441.044
3265 396.077
3266 431.351
3267 516.65
3268 578.879
3269 460.798
3270 445.184
3271 436.084
3272 512.496
3273 509.526
3274 507.165
3275 551.028
3276 493.279
3277 484.172
3278 464.257
3279 454.644
3280 402.338
3281 506.766
3282 420.819
3283 408.959
3284 420.233
3285 482.267
3286 470.167
3287 474.949
3288 547.375
3289 433.488
3290 340.57
3291 408.9
3292 406.97
3293 465.025
3294 525.216
3295 447.662
3296 484.492
3297 443.251
3298 433.518
3299 463.418
3300 476.724
3301 507.062
3302 515.162
3303 477.914
3304 381.863
3305 484.692
3306 413.919
3307 454.248
3308 331.106
3309 462.194
3310 456.83
3311 433.9
3312 490.78
3313 423.509
3314 492.48
3315 348.398
3316 378.387
3317 465.66
3318 379.475
3319 440.994
3320 472.415
3321 458.41
3322 440.765
3323 404.313
3324 435.762
3325 415.633
3326 415.537
3327 413.495
3328 420.618
3329 428.979
3330 439.269
3331 472.086
3332 450.501
3333 438.541
3334 426.986
3335 444.011
3336 490.155
3337 439.011
3338 504.298
3339 434.723
3340 493.056
3341 521.375
3342 469.516
3343 469.944
3344 497.175
3345 464.069
3346 410.406
3347 451.579
3348 462.396
3349 423.942
3350 538.148
3351 520.802
3352 499.864
3353 560.545
3354 512.72
3355 455.524
3356 454.819
3357 448.514
3358 424.004
3359 541.954
3360 565.212
3361 571.031
3362 556.032
3363 522.353
3364 524.86
3365 519.737
3366 460.996
3367 519.38
3368 493.83
3369 457.325
3370 501.622
3371 478.716
3372 516.372
3373 501.366
3374 475.432
3375 482.004
3376 425.319
3377 393.775
3378 422.044
3379 415.888
3380 476.942
3381 452.478
3382 450.986
3383 370.497
3384 379.435
3385 522.92
3386 361.308
3387 413.12
3388 461.67
3389 560.207
3390 403.538
3391 432.81
3392 441.723
3393 392.668
3394 395.906
3395 429.857
3396 505.654
3397 547.173
3398 438.943
3399 529.734
3400 468.883
3401 462.665
3402 611.043
3403 464.398
3404 553.385
3405 516.167
3406 496.353
3407 460.869
3408 495.884
3409 455.507
3410 444.963
3411 454.392
3412 502.646
3413 487.135
3414 486.981
3415 441.256
3416 523.063
3417 442.68
3418 472.305
3419 420.532
3420 470.445
3421 425.506
3422 501.701
3423 445.868
3424 500.583
3425 430.382
3426 557.24
3427 563.521
3428 443.489
3429 403.037
3430 484.611
3431 493.86
3432 418.83
3433 478.037
3434 472.496
3435 484.352
3436 495.761
3437 375.707
3438 471.752
3439 559.128
3440 446.476
3441 431.078
3442 455.945
3443 407.856
3444 463.709
3445 402.392
3446 303.363
3447 417.876
3448 440.177
3449 362.003
3450 408.444
3451 524.592
3452 495.714
3453 477.882
3454 538.07
3455 460.308
3456 417.981
3457 427.534
3458 469.477
3459 482.558
3460 527.346
3461 513.943
3462 459.291
3463 491.162
3464 413.36
3465 469.925
3466 436.486
3467 463.295
3468 464.366
3469 458.832
3470 500.473
3471 528.759
3472 451.677
3473 453.522
3474 506.482
3475 486.177
3476 467.741
3477 417.633
3478 433.006
3479 429.817
3480 477.341
3481 495.829
3482 475.645
3483 485.529
3484 431.788
3485 448.81
3486 527.87
3487 398.957
3488 385.586
3489 429.749
3490 413.492
3491 432.43
3492 417.381
3493 448.314
3494 443.071
3495 452.692
3496 474.114
3497 507.764
3498 421.497
3499 373.729
3500 503.292
3501 446.627
3502 502.031
3503 509.794
3504 479.509
3505 515.251
3506 473.743
3507 498.142
3508 494.409
3509 481.843
3510 496.246
3511 502.025
3512 429.706
3513 526.937
3514 435.31
3515 411.511
3516 471.33
3517 462.796
3518 396.836
3519 506.96
3520 558.283
3521 536.724
3522 421.024
3523 467.549
3524 431.422
3525 392.782
3526 470.701
3527 422.599
3528 472.005
3529 413.663
3530 419.436
3531 478.022
3532 465.907
3533 424.856
3534 489.616
3535 561.378
3536 455.561
3537 475.928
3538 406.946
3539 440.794
3540 428.525
3541 489.177
3542 425.124
3543 500.446
3544 410.929
3545 471.899
3546 432.178
3547 433.243
3548 460.781
3549 374.431
3550 512.035
3551 423.87
3552 460.612
3553 549.34
3554 493.354
3555 532.488
3556 519.936
3557 385.147
3558 437.619
3559 505.698
3560 495.566
3561 437.958
3562 382.682
3563 537.988
3564 400.786
3565 511.54
3566 528.374
3567 452.813
3568 415.37
3569 393.837
3570 418.05
3571 463.025
3572 531.046
3573 457.405
3574 428.753
3575 455.921
3576 437.906
3577 466.101
3578 433.699
3579 548.121
3580 367.258
3581 391.866
3582 576.378
3583 500.852
3584 419.334
3585 430.564
3586 429.206
3587 469.865
3588 464.973
3589 463.785
3590 420.999
3591 388.425
3592 492.326
3593 350.808
3594 390.969
3595 474.523
3596 393.729
3597 438.942
3598 450.927
3599 465.611
3600 378.751
3601 411.435
3602 425.845
3603 449.656
3604 384.51
3605 409.414
3606 456.614
3607 458.899
3608 434.08
3609 402.96
3610 466.771
3611 451.281
3612 369.395
3613 404.112
3614 453.823
3615 396.933
3616 428.969
3617 407.847
3618 394.223
3619 515.486
3620 478.923
3621 548.713
3622 443.23
3623 396.184
3624 468.377
3625 413.087
3626 428.265
3627 484.644
3628 414.296
3629 406.355
3630 440.513
3631 420.795
3632 496.53
3633 540.972
3634 406.189
3635 404.49
3636 441.239
3637 405.932
3638 373.31
3639 488.039
3640 517.585
3641 477.216
3642 388.202
3643 418.804
3644 423.623
3645 433.94
3646 385.848
3647 450.628
3648 443.707
3649 416.334
3650 447.116
3651 441.153
3652 443.564
3653 443.154
3654 541.806
3655 515.524
3656 490.627
3657 496.213
3658 431.129
3659 324.471
3660 379.315
3661 418.985
3662 479.205
3663 440.92
3664 430.003
3665 411.556
3666 439.063
3667 425.22
3668 414.132
3669 348.954
3670 388.29
3671 447.404
3672 466.871
3673 365.379
3674 283.785
3675 382.957
3676 378.323
3677 401.981
3678 405.877
3679 455.784
3680 448.927
3681 467.793
3682 482.516
3683 426.255
3684 454.937
3685 431.474
3686 399.918
3687 339.456
3688 450.4
3689 411.21
3690 428.796
3691 426.926
3692 439.283
3693 400.204
3694 409.076
3695 468.043
3696 488.749
3697 521.719
3698 371.533
3699 351.493
3700 333.622
3701 397.097
3702 406.478
3703 367.583
3704 428.691
3705 428.685
3706 431.322
3707 387.914
3708 472.013
3709 384.28
3710 320.213
3711 388.982
3712 343.284
3713 395.055
3714 385.675
3715 324.501
3716 395.964
3717 385.55
3718 416.188
3719 396.203
3720 360.075
3721 402.437
3722 380.526
3723 407.746
3724 407.141
3725 383.3
3726 328.263
3727 452.666
3728 440.219
3729 457.98
3730 367.147
3731 430.877
3732 404.519
3733 424.748
3734 354.993
3735 427.995
3736 409.977
3737 380.3
3738 375.461
3739 445.242
3740 444.441
3741 374.575
3742 370.717
3743 487.305
3744 381.279
3745 359.447
3746 388.862
3747 374.931
3748 385.815
3749 347.635
3750 434.641
3751 413.797
3752 362.326
3753 374.857
3754 400.122
3755 425.348
3756 387.252
3757 337.686
3758 373.141
3759 380.867
3760 421.445
3761 404.098
3762 386.502
3763 416.806
3764 443.864
3765 457.353
3766 364.211
3767 500.456
3768 415.628
3769 387.632
3770 400.364
3771 503.632
3772 522.258
3773 406.662
3774 406.075
3775 442.183
3776 388.338
3777 355.778
3778 327.542
3779 427.588
3780 432.934
3781 428.634
3782 382.457
3783 407.405
3784 424.078
3785 447.352
3786 421.967
3787 430.027
3788 415.463
3789 399.852
3790 438.423
3791 407.777
3792 423.762
3793 443.72
3794 477.347
3795 465.011
3796 380.847
3797 440.456
3798 363.916
3799 443.249
3800 420.44
3801 407.335
3802 385.232
3803 368.085
3804 482.194
3805 464.509
3806 409.67
3807 386.969
3808 432.141
3809 363.49
3810 449.246
3811 473.942
3812 421.774
3813 464.75
3814 486.775
3815 494.35
3816 450.541
3817 415.882
3818 423.035
3819 410.922
3820 441.758
3821 435.989
3822 401.426
3823 514.943
3824 452.356
3825 506.315
3826 512.667
3827 482.493
3828 461.626
3829 434.719
3830 476.029
3831 444.549
3832 485.058
3833 495.15
3834 386.657
3835 482.364
3836 410.31
3837 406.971
3838 505.966
3839 401.115
3840 459.003
3841 493.293
3842 463.593
3843 495.116
3844 459.023
3845 532.411
3846 473.659
3847 477.765
3848 389.798
3849 485.666
3850 485.141
3851 489.798
3852 413.438
3853 445.442
3854 399.872
3855 341.598
3856 387.834
3857 416.353
3858 428.031
3859 449.228
3860 467.985
3861 464.277
3862 461.249
3863 464.618
3864 432
3865 470.779
3866 435.44
3867 482.161
3868 449.201
3869 422.735
3870 462.413
3871 433.897
3872 406.665
3873 412.358
3874 427.889
3875 495.346
3876 451.935
3877 443.93
3878 513.288
3879 475.011
3880 490.777
3881 464.656
3882 375.304
3883 455.819
3884 476.318
3885 388.96
3886 392.028
3887 448.679
3888 404.592
3889 479.77
3890 413.024
3891 311.869
3892 358.348
3893 461.17
3894 479.427
3895 384.454
3896 457.357
3897 424.593
3898 457.846
3899 447.075
3900 474.475
3901 388.457
3902 411.59
3903 454.492
3904 487.33
3905 431.943
3906 428.11
3907 386.032
3908 467.921
3909 432.276
3910 386.79
3911 421.121
3912 443.806
3913 403.993
3914 376.836
3915 451.43
3916 425.677
3917 360.339
3918 383.102
3919 428.39
3920 399.39
3921 470.409
3922 451.102
3923 425.558
3924 379.84
3925 359.872
3926 387.898
3927 339.658
3928 391.3
3929 388.533
3930 411.074
3931 363.661
3932 448.692
3933 364.781
3934 368.041
3935 378.904
3936 415.226
3937 464.416
3938 405.297
3939 338.097
3940 420.64
3941 437.437
3942 469.063
3943 412.319
3944 453.965
3945 408.023
3946 463.061
3947 433.072
3948 438.703
3949 386.413
3950 378.263
3951 436.175
3952 465.359
3953 443.956
3954 459.229
3955 480.736
3956 453.023
3957 467.46
3958 378.446
3959 463.703
3960 409.605
3961 410.184
3962 486.807
3963 450.529
3964 417.42
3965 470.691
3966 408.201
3967 383.647
3968 463.498
3969 435.581
3970 418.096
3971 364.806
3972 490.188
3973 471.817
3974 462.439
3975 560.958
3976 476.977
3977 379.574
3978 448.336
3979 395.708
3980 444.954
3981 474.612
3982 403.8
3983 480.536
3984 525.095
3985 443.348
3986 456.822
3987 509.421
3988 483.367
3989 463.389
3990 509.262
3991 484.825
3992 411.449
3993 475.758
3994 477.924
3995 575.709
3996 539.142
3997 550.933
3998 401.145
3999 428.791
4000 485.003
4001 479.312
4002 467.42
4003 423.299
4004 480.204
4005 513.919
4006 493.686
4007 529.417
4008 513.098
4009 494.745
4010 423.886
4011 316.179
4012 467.285
4013 463.732
4014 418.373
4015 436.421
4016 443.777
4017 394.305
4018 561.996
4019 453.826
4020 492.929
4021 451.136
4022 452.761
4023 520.347
4024 433.134
4025 438.204
4026 465.259
4027 436.953
4028 479.427
4029 554.725
4030 559.462
4031 539.245
4032 499.93
4033 507.951
4034 496.009
4035 504.852
4036 460.344
4037 448.066
4038 552.343
4039 505.188
4040 349.477
4041 506.956
4042 465.759
4043 401.887
4044 430.629
4045 526.586
4046 477.836
4047 500.997
4048 523.891
4049 508.483
4050 546.137
4051 550.269
4052 535.85
4053 497.941
4054 549.363
4055 557.282
4056 521.711
4057 485.095
4058 549.93
4059 474.219
4060 491.081
4061 509.912
4062 530.052
4063 415.259
4064 491.249
4065 516.154
4066 509.11
4067 484.744
4068 445.13
4069 503.538
4070 534.768
4071 383.251
4072 452.621
4073 421.765
4074 476.126
4075 496.908
4076 477.079
4077 406.877
4078 478.639
4079 412.215
4080 398.214
4081 448.292
4082 486.101
4083 520.556
4084 496.012
4085 398.945
4086 433.524
4087 487.187
4088 469.809
4089 384.632
4090 464.564
4091 431.95
4092 504.042
4093 383.392
4094 448.642
4095 469.189
4096 397.426
4097 492.978
4098 480.209
4099 435.039
4100 451.396
4101 449.298
4102 404.759
4103 402.05
4104 347.141
4105 527.295
4106 419.113
4107 364.502
4108 433.627
4109 417.691
4110 399.494
4111 518.358
4112 451.877
4113 445.888
4114 446.919
4115 469.436
4116 464.961
4117 482.692
4118 425.463
4119 481.566
4120 554.591
4121 459.676
4122 488.57
4123 567.413
4124 538.418
4125 552.427
4126 489.885
4127 443.502
4128 433.86
4129 515.598
4130 491.712
4131 476.249
4132 431.033
4133 365.975
4134 412.441
4135 376.977
4136 528.679
4137 493.856
4138 459.095
4139 455.787
4140 482.934
4141 520.204
4142 529.815
4143 422.191
4144 455.691
4145 411.25
4146 434.921
4147 458.236
4148 377.779
4149 513.198
4150 456.008
4151 390.825
4152 542.854
4153 481.499
4154 489.002
4155 414.887
4156 529.268
4157 477.689
4158 464.238
4159 474.339
4160 526.417
4161 388.102
4162 438.223
4163 515.484
4164 500.942
4165 430.142
4166 510.701
4167 534.031
4168 527.961
4169 458.612
4170 422.563
4171 469.519
4172 363.44
4173 421.831
4174 430.402
4175 445.579
4176 428.729
4177 360.505
4178 416.326
4179 429.779
4180 451.014
4181 477.92
4182 395.224
4183 357.672
4184 438.12
4185 394.693
4186 457.38
4187 424.199
4188 474.365
4189 422.126
4190 467.492
4191 502.573
4192 529.26
4193 437.42
4194 491.132
4195 421.88
4196 491.491
4197 492.896
4198 508.809
4199 495.157
4200 505.529
4201 381.299
4202 400.907
4203 440.707
4204 465.285
4205 412.535
4206 497.763
4207 404.495
4208 410.289
4209 566.418
4210 523.028
4211 344.098
4212 407.81
4213 422.447
4214 442.657
4215 426.324
4216 490.28
4217 406.348
4218 390.103
4219 468.426
4220 383.57
4221 406.708
4222 386.944
4223 446.598
4224 524.042
4225 402.379
4226 457.998
4227 432.366
4228 485.898
4229 498.865
4230 502.985
4231 483.086
4232 463.249
4233 432.321
4234 454.397
4235 414.177
4236 391.95
4237 435.526
4238 414.236
4239 368.62
4240 434.595
4241 574.186
4242 503.175
4243 406.864
4244 410.72
4245 442.942
4246 485.893
4247 353.579
4248 400.098
4249 421.457
4250 409.709
4251 390.524
4252 448.977
4253 508.477
4254 502.464
4255 492.074
4256 526.76
4257 396.545
4258 412.319
4259 359.506
4260 433.693
4261 482.141
4262 447.422
4263 499.028
4264 485.964
4265 441.092
4266 410.398
4267 463.934
4268 423.633
4269 367.737
4270 410.585
4271 444.515
4272 464.651
4273 458.157
4274 432.423
4275 426.624
4276 494.046
4277 497.184
4278 427.705
4279 385.164
4280 414.022
4281 389.965
4282 389.643
4283 432.136
4284 463.74
4285 389.506
4286 354.791
4287 436.751
4288 489.956
4289 397.848
4290 460.208
4291 449.075
4292 428.886
4293 398.908
4294 436.455
4295 398.92
4296 431.802
4297 448.848
4298 416.452
4299 407.304
4300 364.727
4301 450.547
4302 458.273
4303 407.664
4304 434.331
4305 407.232
4306 375.612
4307 393.275
4308 425.683
4309 425.112
4310 426.229
4311 445.955
4312 401.12
4313 360.718
4314 461.506
4315 385.018
4316 410.309
4317 485.027
4318 473.952
4319 478.546
4320 446.067
4321 475.197
4322 512.704
4323 452.216
4324 385.005
4325 412.084
4326 360.302
4327 467.103
4328 480.343
4329 517.932
4330 498.605
4331 521.013
4332 467.426
4333 437.593
4334 468.437
4335 357.829
4336 489.207
4337 384.111
4338 435.52
4339 381.618
4340 403.874
4341 516.58
4342 543.347
4343 483.806
4344 490.079
4345 357.711
4346 350.149
4347 420.927
4348 451.421
4349 478.462
4350 434.865
4351 362.128
4352 418.912
4353 349.517
4354 433.927
4355 459.473
4356 410.788
4357 531.222
4358 445.378
4359 385.949
4360 523.821
4361 474.638
4362 476.419
4363 457.872
4364 414.461
4365 396.458
4366 640.097
4367 420.878
4368 419.207
4369 513.745
4370 455.386
4371 457.503
4372 542.077
4373 492.621
4374 539.91
4375 361.818
4376 494.125
4377 510.098
4378 499.296
4379 389.622
4380 411.015
4381 488.803
4382 457.744
4383 510.212
4384 466.293
4385 536.639
4386 544.347
4387 489.714
4388 484.983
4389 496.326
4390 444.521
4391 448.578
4392 467.872
4393 502.817
4394 391.56
4395 468.789
4396 487.754
4397 421.263
4398 429.044
4399 436.66
4400 416.475
4401 596.85
4402 543.133
4403 532.085
4404 465.31
4405 441.116
4406 531.341
4407 449.738
4408 426.422
4409 459.255
4410 497.916
4411 408.784
4412 432.408
4413 481.325
4414 454.052
4415 378.37
4416 493.099
4417 439.273
4418 510.584
4419 469.233
4420 463.005
4421 541.505
4422 529.743
4423 570.552
4424 467.691
4425 468.509
4426 485.147
4427 425.448
4428 518.174
4429 607.405
4430 435.237
4431 451.491
4432 530.563
4433 484.861
4434 410.67
4435 435.012
4436 404.496
4437 458.441
4438 472.738
4439 491.766
4440 516.109
4441 550.263
4442 386.098
4443 485.549
4444 563.767
4445 586.451
4446 584.043
4447 518.878
4448 528.285
4449 612.736
4450 619.89
4451 488.67
4452 521.862
4453 466.78
4454 509.76
4455 466.22
4456 495.824
4457 427.5
4458 582.596
4459 471.791
4460 434.791
4461 489.219
4462 456.618
4463 531.051
4464 597.264
4465 454.917
4466 460.641
4467 490.114
4468 500.433
4469 536.882
4470 407.549
4471 441.755
4472 411.99
4473 516.24
4474 459.72
4475 478.877
4476 553.669
4477 457.469
4478 487.355
4479 494.712
4480 480.71
4481 504.622
4482 544.396
4483 527.616
4484 470.364
4485 462.332
4486 534.417
4487 472.251
4488 470.321
4489 401.128
4490 465.518
4491 458.39
4492 387.88
4493 501.371
4494 461.892
4495 461.389
4496 437.405
4497 508.547
4498 578.911
4499 559.366
4500 465.619
4501 457.002
4502 437.331
4503 489.912
4504 382.173
4505 414.735
4506 420.867
4507 413.446
4508 436.559
4509 486.751
4510 446.068
4511 482.513
4512 446.724
4513 503.198
4514 477.355
4515 507.876
4516 450.53
4517 465.135
4518 383.767
4519 374.099
4520 373.049
4521 484.681
4522 579.363
4523 443.74
4524 477.394
4525 339.556
4526 482.855
4527 474.117
4528 398.569
4529 420.643
4530 372.401
4531 427.253
4532 489.849
4533 430.454
4534 362.261
4535 417.993
4536 387.304
4537 404.267
4538 394.026
4539 456.245
4540 540.925
4541 458.951
4542 460.579
4543 517.196
4544 590.571
4545 583.165
4546 486.305
4547 444.499
4548 491.076
4549 430.162
4550 417.662
4551 392.773
4552 463.285
4553 498.309
4554 397.734
4555 449.502
4556 535.131
4557 420.793
4558 554.29
4559 519.128
4560 485.722
4561 481.686
4562 439.342
4563 337.118
4564 398.989
4565 451.791
4566 447.075
4567 403.44
4568 422.295
4569 390.653
4570 433.245
4571 512.228
4572 399.071
4573 443.204
4574 482.518
4575 493.854
4576 512.703
4577 429.703
4578 464.075
4579 465.435
4580 434.098
4581 440.792
4582 459.081
4583 463.628
4584 462.027
4585 539.106
4586 422.246
4587 431.392
4588 446.821
4589 434.042
4590 473.002
4591 521.745
4592 473.845
4593 352.968
4594 493.362
4595 534.978
4596 514.678
4597 451.001
4598 505.593
4599 518.442
4600 559.051
4601 412.55
4602 479.884
4603 662.071
4604 554.062
4605 632.326
4606 607.863
4607 510.788
4608 429.346
4609 475.428
4610 515.553
4611 536.778
4612 371.377
4613 474.53
4614 405.245
4615 581.219
4616 517.939
4617 600.638
4618 572.313
4619 475.113
4620 430.078
4621 555.564
4622 592.669
4623 476.095
4624 553.458
4625 462.032
4626 490.523
4627 477.946
4628 519.899
4629 515.945
4630 477.073
4631 484.832
4632 471.374
4633 522.049
4634 454.805
4635 537.407
4636 465.25
4637 485.181
4638 600.712
4639 495.647
4640 395.084
4641 487.911
4642 492.564
4643 584.852
4644 548.838
4645 604.497
4646 603.912
4647 494.797
4648 553.363
4649 469.694
4650 436.726
4651 521.945
4652 412.669
4653 480.329
4654 470.002
4655 467.602
4656 389.995
4657 395.568
4658 475.487
4659 377.709
4660 506.709
4661 495.776
4662 433.1
4663 531.3
4664 562.256
4665 570.998
4666 545.011
4667 544.331
4668 494.972
4669 539.131
4670 515.396
4671 545.913
4672 461.608
4673 483.122
4674 376.552
4675 451.904
4676 546.95
4677 461.899
4678 508.289
4679 600.76
4680 512.697
4681 411.334
4682 410.214
4683 430.811
4684 466.827
4685 442.609
4686 577.115
4687 535.275
4688 449.023
4689 422.184
4690 488.504
4691 564.384
4692 546.478
4693 523.539
4694 550.405
4695 506.209
4696 506.46
4697 479.094
4698 440.912
4699 460.243
4700 451.139
4701 380.337
4702 410.389
4703 514.002
4704 563.175
4705 452.911
4706 457.273
4707 515.649
4708 466.91
4709 493.844
4710 556.431
4711 471.014
4712 391.64
4713 552.417
4714 457.035
4715 497.141
4716 386.388
4717 450.865
4718 457.253
4719 494.588
4720 450.744
4721 478.501
4722 427.166
4723 489.691
4724 413.633
4725 432.374
4726 446.75
4727 396.011
4728 354.821
4729 511.974
4730 576.214
4731 569.598
4732 502.967
4733 451.938
4734 435.155
4735 476.782
4736 428.104
4737 446.108
4738 442.562
4739 368.149
4740 542.975
4741 398.439
4742 435.67
4743 436.809
4744 334.664
4745 394.537
4746 472.058
4747 456.471
4748 413.612
4749 341.525
4750 439.796
4751 432.777
4752 392.43
4753 407.619
4754 446.331
4755 487.055
4756 393.724
4757 480.307
4758 409.232
4759 395.485
4760 446.271
4761 448.405
4762 388.694
4763 401.981
4764 417.022
4765 429.478
4766 376.844
4767 411.098
4768 416.737
4769 462.83
4770 499.598
4771 390.389
4772 440.677
4773 384.515
4774 375.508
4775 395.089
4776 473.157
4777 447.33
4778 390.609
4779 343.908
4780 396.216
4781 505.11
4782 480.104
4783 425.002
4784 399.188
4785 399.515
4786 391.149
4787 430.781
4788 470.889
4789 424.357
4790 400.589
4791 413.19
4792 521.089
4793 482.754
4794 431.891
4795 396.057
4796 364.259
4797 419.466
4798 541
4799 417.919
4800 337.554
4801 420.231
4802 444.195
4803 457.952
4804 392.869
4805 491.567
4806 414.177
4807 387.869
4808 442.355
4809 497.651
4810 462.382
4811 386.671
4812 399.551
4813 438.516
4814 368.348
4815 440.761
4816 346.623
4817 412.307
4818 408.318
4819 492.947
4820 427.259
4821 427.832
4822 416.135
4823 347.799
4824 336.888
4825 353.031
4826 419.445
4827 388.29
4828 420.246
4829 437.985
4830 417.549
4831 322.984
4832 358.999
4833 435.368
4834 467.567
4835 487.619
4836 461.876
4837 423.91
4838 366.741
4839 422.211
4840 361.038
4841 390.329
4842 497.44
4843 421.897
4844 417.958
4845 380.475
4846 353.747
4847 443.638
4848 414.071
4849 381.38
4850 356.25
4851 384.624
4852 468.081
4853 468.859
4854 545.147
4855 446.276
4856 397.428
4857 407.096
4858 494.64
4859 446.901
4860 458.428
4861 471.35
4862 448.975
4863 397.989
4864 416.853
4865 436.214
4866 530.853
4867 408.094
4868 467.418
4869 409.504
4870 462.193
4871 462.276
4872 493.347
4873 555.993
4874 496.75
4875 478.625
4876 488.199
4877 499.94
4878 493.562
4879 464.284
4880 460.526
4881 413.507
4882 335.452
4883 442.738
4884 366.831
4885 449.078
4886 428.689
4887 426.015
4888 458.32
4889 362.133
4890 361.75
4891 471.915
4892 460.384
4893 341.096
4894 456.903
4895 467.295
4896 428.12
4897 409.501
4898 498.485
4899 524.531
4900 435.884
4901 485.016
4902 440.81
4903 412.215
4904 439.064
4905 524.116
4906 451.743
4907 436.708
4908 420.058
4909 491.485
4910 519.305
4911 502.062
4912 534.893
4913 431.489
4914 461.12
4915 472.521
4916 429.695
4917 471.997
4918 537.112
4919 377.43
4920 496.192
4921 474.809
4922 443.767
4923 503.047
4924 427.358
4925 468.172
4926 381.406
4927 362.658
4928 439.149
4929 522.716
4930 514.146
4931 417.883
4932 433.909
4933 363.599
4934 401.321
4935 362.069
4936 491.436
4937 450.45
4938 458.253
4939 493.021
4940 396.17
4941 461.935
4942 452.175
4943 419.955
4944 360.998
4945 445.634
4946 491.338
4947 449.313
4948 522.265
4949 498.462
4950 456.158
4951 462.105
4952 460.507
4953 366.246
4954 498.753
4955 506.001
4956 492.58
4957 464.369
4958 539.161
4959 498.324
4960 520.588
4961 558.244
4962 502.202
4963 452.752
4964 491.329
4965 473.034
4966 546.398
4967 465.599
4968 495.436
4969 437.427
4970 503.976
4971 528.126
4972 515.434
4973 442.729
4974 443.626
4975 437.34
4976 480.595
4977 474.285
4978 374.913
4979 445.929
4980 400.169
4981 458.613
4982 550.706
4983 483.387
4984 413.584
4985 453.38
4986 426.112
4987 444.805
4988 502.56
4989 438.124
4990 374.542
4991 466.557
4992 440.472
4993 636.922
4994 472.149
4995 449.63
4996 368.49
4997 480.695
4998 472.89
4999 479.744
