0 2512.8
1 2228.31
2 2041.22
3 1931.18
4 1816.36
5 1713.32
6 1608.23
7 1549.13
8 1495.21
9 1404.79
10 1321.67
11 1265.02
12 1210.99
13 1146.61
14 1088.46
15 1056.34
16 1017.7
17 991.742
18 960.366
19 921.922
20 906.967
21 890.646
22 869.022
23 838.167
24 822.811
25 805.211
26 782.377
27 762.231
28 742.12
29 725.088
30 706.126
31 684.444
32 675.823
33 671.265
34 662.673
35 655.517
36 638.038
37 622.469
38 610.037
39 602.077
40 595.389
41 590.342
42 584.616
43 576.081
44 569.926
45 540.743
46 518.646
47 510.429
48 506.156
49 504.892
50 501.7
51 496.933
52 495.36
53 490.532
54 487.432
55 481.209
56 476.322
57 473.613
58 469.638
59 462.866
60 449.252
61 436.168
62 427.44
63 420.663
64 417.176
65 409.033
66 404.039
67 396.346
68 386.543
69 380.967
70 379.642
71 372.567
72 365.741
73 363.334
74 362.805
75 361.766
76 353.891
77 348.502
78 347.846
79 343.87
80 340.574
81 337.255
82 331.751
83 330.015
84 329.416
85 328.06
86 325.998
87 323.306
88 318.278
89 308.753
90 299.828
91 299.107
92 299.107
93 299.107
94 299.107
95 299.107
96 299.107
97 299.107
98 299.107
99 299.084
100 296.289
101 270.198
102 230.916
103 228.766
104 227.305
105 226.245
106 224.2
107 221.39
108 216.848
109 212.674
110 209.219
111 206.617
112 206.617
113 206.607
114 203.779
115 200.92
116 199.428
117 197.067
118 194.145
119 193.01
120 189.65
121 187.008
122 186.224
123 185.125
124 184.143
125 184.132
126 182.722
127 180.42
128 179.738
129 178.707
130 177.555
131 173.731
132 167.277
133 164.92
134 163.765
135 163.765
136 163.762
137 163.388
138 163.013
139 163.007
140 162.225
141 159.039
142 157.193
143 157.164
144 157.098
145 154.099
146 149.839
147 148.53
148 147.919
149 147.919
150 147.919
151 149.431
152 147.915
153 147.067
154 146.152
155 146.064
156 144.248
157 142.615
158 140.886
159 137.773
160 137.286
161 134.88
162 133.326
163 133.326
164 133.326
165 133.326
166 133.32
167 132.489
168 131.734
169 131.733
170 131.556
171 131.267
172 130.915
173 129.342
174 129.083
175 129.083
176 129.083
177 129.083
178 129.083
179 129.083
180 129.079
181 128
182 126.908
183 126.908
184 126.908
185 126.908
186 126.906
187 126.371
188 126.047
189 126.045
190 125.167
191 124.851
192 124.849
193 124.849
194 124.849
195 124.849
196 124.846
197 124.153
198 123.309
199 123.114
200 123.114
201 121.308
202 118.787
203 118.467
204 118.252
205 118.248
206 117.914
207 117.846
208 117.846
209 117.846
210 117.846
211 117.84
212 116.469
213 114.119
214 113.183
215 112.855
216 112.4
217 111.969
218 111.626
219 111.394
220 110.885
221 110.579
222 110.579
223 110.579
224 110.579
225 110.579
226 110.579
227 110.579
228 110.579
229 110.579
230 110.573
231 110.563
232 109.89
233 109.153
234 107.722
235 105.22
236 104.144
237 104.144
238 104.144
239 104.144
240 104.144
241 104.143
242 103.701
243 103.333
244 103.331
245 103.331
246 103.331
247 104.967
248 103.329
249 102.798
250 101.817
251 99.2297
252 93.9672
253 92.3916
254 92.3771
255 92.3771
256 92.3771
257 92.3771
258 92.3771
259 92.3771
260 92.3771
261 92.3771
262 92.3771
263 92.3771
264 92.3771
265 92.3771
266 92.3771
267 92.3771
268 92.3771
269 92.3771
270 92.3771
271 92.3771
272 92.3771
273 92.3771
274 92.3768
275 92.3124
276 92.187
277 92.1466
278 92.1444
279 91.6947
280 91.5995
281 91.5995
282 91.5995
283 91.5995
284 91.5887
285 91.5791
286 91.5791
287 91.5791
288 91.5791
289 91.5791
290 91.5791
291 91.579
292 91.5515
293 91.4742
294 91.4152
295 90.8776
296 90.4692
297 90.3613
298 89.7798
299 88.9085
300 88.7473
301 87.4581
302 86.447
303 86.447
304 86.447
305 86.4458
306 86.3045
307 86.2529
308 86.2529
309 86.2529
310 86.2529
311 86.2527
312 86.1818
313 85.6782
314 85.2369
315 85.2369
316 85.2369
317 85.2369
318 85.2369
319 85.2369
320 85.2369
321 85.2369
322 85.2369
323 85.2369
324 85.2369
325 85.2339
326 84.791
327 83.8635
328 83.7789
329 83.7789
330 83.7789
331 83.7783
332 83.5756
333 83.4642
334 83.4642
335 83.4642
336 83.4642
337 83.4642
338 83.4642
339 83.4641
340 83.4538
341 83.4511
342 83.4511
343 83.4507
344 83.3317
345 83.2453
346 83.2453
347 83.2453
348 83.2453
349 83.2453
350 83.2445
351 83.2453
352 83.2453
353 83.2453
354 83.2453
355 83.2453
356 83.2453
357 83.2453
358 83.2453
359 83.2453
360 83.2453
361 83.2453
362 83.2453
363 83.2453
364 83.2453
365 83.243
366 82.9189
367 82.2845
368 82.0503
369 82.0453
370 81.4066
371 80.7839
372 80.7839
373 80.7839
374 80.7839
375 80.7839
376 80.7839
377 80.7839
378 80.7839
379 80.7839
380 80.7839
381 80.7839
382 80.7839
383 80.7839
384 80.7839
385 80.7839
386 80.7839
387 80.7839
388 80.7839
389 80.7839
390 80.7839
391 80.7839
392 80.7822
393 80.4534
394 79.9012
395 78.0659
396 76.8508
397 76.4917
398 76.4917
399 76.4917
400 76.4917
401 76.4917
402 76.4917
403 76.4917
404 76.4917
405 76.4917
406 76.4917
407 76.4913
408 76.4108
409 76.2904
410 76.2904
411 76.2904
412 76.2904
413 76.2904
414 76.2904
415 76.2904
416 76.2904
417 76.2904
418 76.2904
419 76.2904
420 76.2904
421 76.2904
422 76.2904
423 76.2904
424 76.2893
425 76.0391
426 75.7293
427 75.7242
428 74.4349
429 73.1703
430 73.1703
431 73.1703
432 73.1703
433 73.1703
434 73.1688
435 72.6807
436 72.4125
437 72.4125
438 72.4125
439 72.4125
440 72.4125
441 72.4125
442 72.4125
443 72.4125
444 72.4125
445 72.4125
446 72.4125
447 72.4125
448 72.4125
449 72.4125
450 72.4125
451 71.9334
452 70.2293
453 69.0748
454 68.8005
455 68.8005
456 68.8005
457 68.8005
458 68.8005
459 68.8005
460 68.8005
461 68.8005
462 68.8005
463 68.8005
464 68.8005
465 68.8005
466 68.7984
467 68.2267
468 67.7495
469 67.7495
470 67.7495
471 67.7495
472 67.7495
473 67.7495
474 67.7495
475 67.7495
476 67.7495
477 67.7495
478 67.7495
479 67.7495
480 67.7495
481 67.7494
482 67.7331
483 67.7217
484 67.7217
485 67.7217
486 67.7217
487 67.7217
488 67.7217
489 67.7217
490 67.7217
491 67.7217
492 67.7217
493 67.7217
494 67.7217
495 67.7217
496 67.7217
497 67.7217
498 67.7217
499 67.7217
500 67.7217
501 67.4776
502 67.1738
503 67.1371
504 67.1371
505 67.1371
506 67.1371
507 67.1371
508 67.1371
509 67.1371
510 67.1371
511 67.1371
512 67.1371
513 67.1371
514 67.1371
515 67.1371
516 67.1371
517 67.1371
518 67.1371
519 67.1371
520 67.1371
521 67.1371
522 67.1371
523 67.1371
524 67.1371
525 67.1371
526 67.1371
527 67.1371
528 67.1371
529 67.1371
530 67.1371
531 67.1371
532 67.1371
533 67.1371
534 67.1371
535 67.1371
536 67.1371
537 67.1371
538 67.1371
539 67.1371
540 67.1371
541 67.1371
542 67.1361
543 66.9082
544 66.6481
545 66.6481
546 66.6481
547 66.6481
548 66.6481
549 66.6481
550 66.6481
551 66.6481
552 66.6481
553 66.6481
554 66.6481
555 66.6481
556 66.6481
557 66.6481
558 66.6481
559 66.6481
560 66.6481
561 66.6481
562 66.6481
563 66.6481
564 66.6481
565 66.6481
566 66.6481
567 66.6481
568 66.6481
569 66.6481
570 66.6481
571 66.6481
572 66.6481
573 66.6481
574 66.6481
575 66.6481
576 66.6481
577 66.6481
578 66.6481
579 66.6481
580 66.6481
581 66.6469
582 66.3849
583 66.05
584 66.05
585 66.05
586 66.05
587 66.05
588 66.05
589 66.05
590 66.05
591 66.05
592 66.05
593 66.05
594 66.05
595 66.05
596 66.05
597 66.05
598 66.05
599 66.05
600 66.05
601 65.8095
602 65.2771
603 65.148
604 65.148
605 65.148
606 65.148
607 65.148
608 65.148
609 65.148
610 65.148
611 65.148
612 65.148
613 65.148
614 65.148
615 65.148
616 65.148
617 65.148
618 65.1463
619 64.8742
620 64.7293
621 64.7293
622 64.7293
623 64.7293
624 64.7293
625 64.7293
626 64.7293
627 64.7293
628 64.7293
629 64.7293
630 64.7293
631 64.7293
632 64.7293
633 64.7293
634 64.7293
635 64.7293
636 64.7293
637 64.7293
638 64.7293
639 64.7293
640 64.7293
641 64.7293
642 64.7293
643 64.7293
644 64.7293
645 64.7293
646 64.7293
647 64.7293
648 64.7293
649 64.7293
650 64.7293
651 64.1231
652 63.059
653 62.9418
654 62.9418
655 62.9418
656 62.9418
657 62.9418
658 62.9418
659 62.9418
660 62.9418
661 62.9418
662 62.9418
663 62.9418
664 62.9418
665 62.9418
666 62.9418
667 62.9418
668 62.9418
669 62.9418
670 62.9418
671 62.9418
672 62.9418
673 62.9418
674 62.9418
675 62.9418
676 62.9418
677 62.9418
678 62.9418
679 62.9418
680 62.9418
681 62.9418
682 62.9418
683 62.9418
684 62.9418
685 62.9418
686 62.9418
687 62.9418
688 62.9418
689 62.9418
690 62.9418
691 62.9418
692 62.9418
693 62.9418
694 62.9418
695 62.9418
696 62.9418
697 62.9418
698 62.9418
699 62.9418
700 62.9418
701 62.9418
702 62.9418
703 62.9418
704 62.9418
705 62.9418
706 62.9418
707 62.9418
708 62.9418
709 62.9418
710 62.9418
711 62.9418
712 62.9418
713 62.9418
714 62.9418
715 62.9418
716 62.9418
717 62.9418
718 62.9418
719 62.9418
720 62.9418
721 62.9418
722 62.9418
723 62.9418
724 62.9418
725 62.9418
726 62.9418
727 62.9418
728 62.9418
729 62.9418
730 62.9418
731 62.9418
732 62.9418
733 62.9418
734 62.9418
735 62.9418
736 62.9418
737 62.9418
738 62.9418
739 62.9418
740 62.9418
741 62.9418
742 62.9418
743 62.9418
744 62.9418
745 62.9418
746 62.9418
747 62.9418
748 62.9418
749 62.9418
750 62.9418
751 62.7648
752 62.6032
753 62.6032
754 62.6032
755 62.6032
756 62.6032
757 62.6032
758 62.6032
759 62.6032
760 62.6032
761 62.6032
762 62.6032
763 62.6032
764 62.6032
765 62.6032
766 62.6032
767 62.6032
768 62.6032
769 62.6032
770 62.6032
771 62.6032
772 62.6032
773 62.6032
774 62.6032
775 62.6032
776 62.6032
777 62.6032
778 62.6032
779 62.6032
780 62.6032
781 62.6032
782 62.6032
783 62.6032
784 62.6032
785 62.6031
786 62.5768
787 62.4152
788 62.2878
789 62.2816
790 62.2816
791 62.2816
792 62.2816
793 62.2816
794 62.2816
795 62.2816
796 62.2816
797 62.2816
798 62.2816
799 62.2816
800 62.2816
801 62.2816
802 62.2816
803 62.2816
804 62.2816
805 62.2816
806 62.2816
807 62.2816
808 62.2816
809 62.281
810 62.047
811 61.977
812 61.977
813 61.977
814 61.977
815 61.977
816 61.977
817 61.977
818 61.977
819 61.977
820 61.977
821 61.977
822 61.977
823 61.977
824 61.977
825 61.977
826 61.977
827 61.977
828 61.977
829 61.977
830 61.977
831 61.977
832 61.977
833 61.977
834 61.977
835 61.977
836 61.977
837 61.977
838 61.977
839 61.977
840 61.977
841 61.977
842 61.977
843 61.977
844 61.977
845 61.977
846 61.977
847 61.977
848 61.977
849 61.977
850 61.977
851 61.977
852 61.977
853 61.977
854 61.977
855 61.977
856 61.977
857 61.977
858 61.977
859 61.977
860 61.977
861 61.977
862 61.977
863 61.977
864 61.977
865 61.977
866 61.977
867 61.977
868 61.977
869 61.977
870 61.977
871 61.977
872 61.977
873 61.9768
874 61.9468
875 61.9084
876 61.9084
877 61.9077
878 61.7674
879 61.5809
880 61.563
881 61.563
882 61.563
883 61.563
884 61.563
885 61.563
886 61.563
887 61.563
888 61.563
889 61.563
890 61.563
891 61.563
892 61.563
893 61.563
894 61.563
895 61.563
896 61.5616
897 61.0728
898 60.8859
899 60.8859
900 60.8859
901 60.8859
902 60.8859
903 60.8859
904 60.8859
905 60.8859
906 60.8859
907 60.8859
908 60.8859
909 60.8859
910 60.8859
911 60.8859
912 60.8859
913 60.8859
914 60.8859
915 60.8859
916 60.8859
917 60.8859
918 60.8859
919 60.8859
920 60.8859
921 60.8859
922 60.8859
923 60.8859
924 60.8859
925 60.8859
926 60.8859
927 60.8859
928 60.8859
929 60.8859
930 60.8859
931 60.8859
932 60.8859
933 60.8859
934 60.8859
935 60.8859
936 60.8859
937 60.8859
938 60.8859
939 60.8859
940 60.8859
941 60.8859
942 60.8859
943 60.8859
944 60.8859
945 60.8859
946 60.8859
947 60.8859
948 60.8859
949 60.8859
950 60.8859
951 60.49
952 60.1962
953 60.1962
954 60.1962
955 60.1962
956 60.1962
957 60.1962
958 60.1962
959 60.1962
960 60.1962
961 60.1962
962 60.1962
963 60.1962
964 60.1962
965 60.1962
966 60.1962
967 60.1962
968 60.1962
969 60.1962
970 60.1962
971 60.1962
972 60.1962
973 60.1962
974 60.1962
975 60.1962
976 60.1962
977 60.1962
978 60.1962
979 60.1962
980 60.1962
981 60.1962
982 60.1962
983 60.1962
984 60.1962
985 60.1962
986 60.1962
987 60.1962
988 60.1962
989 60.1962
990 60.1962
991 60.1962
992 60.1962
993 60.1962
994 60.1962
995 60.1962
996 60.1962
997 60.1962
998 60.1962
999 60.1962
1000 60.1962
1001 60.0718
1002 59.8757
1003 59.8757
1004 59.8757
1005 59.8757
1006 59.8757
1007 59.8757
1008 59.8757
1009 59.8757
1010 59.8757
1011 59.8757
1012 59.8757
1013 59.8757
1014 59.8757
1015 59.8757
1016 59.8757
1017 59.8757
1018 59.8757
1019 59.8757
1020 59.8757
1021 59.8757
1022 59.8757
1023 59.8757
1024 59.8757
1025 59.8757
1026 59.8757
1027 59.8757
1028 59.8757
1029 59.8757
1030 59.8757
1031 59.8757
1032 59.8757
1033 59.8757
1034 59.8757
1035 59.8757
1036 59.8757
1037 59.8757
1038 59.8757
1039 59.8757
1040 59.8757
1041 59.8757
1042 59.8757
1043 59.8757
1044 59.8757
1045 59.8757
1046 59.8757
1047 59.8757
1048 59.8757
1049 59.8757
1050 59.8757
1051 59.8757
1052 59.8757
1053 59.8757
1054 59.8757
1055 59.8757
1056 59.8757
1057 59.8757
1058 59.8757
1059 59.8757
1060 59.8757
1061 59.8757
1062 59.8757
1063 59.8757
1064 59.8757
1065 59.8757
1066 59.8757
1067 59.8757
1068 59.8757
1069 59.8757
1070 59.8757
1071 59.8752
1072 59.7689
1073 59.6434
1074 59.6434
1075 59.6434
1076 59.6434
1077 59.6434
1078 59.6434
1079 59.6434
1080 59.6434
1081 59.6434
1082 59.6434
1083 59.6434
1084 59.6434
1085 60.1597
1086 65.9754
1087 67.348
1088 63.4408
1089 71.3652
1090 73.3203
1091 78.6839
1092 82.9852
1093 90.4362
1094 90.9079
1095 96.6469
1096 98.8572
1097 100.166
1098 95.7131
1099 99.2333
1100 113.819
1101 103.58
1102 102.936
1103 128.019
1104 150.227
1105 128.248
1106 134.191
1107 148.689
1108 115.529
1109 140.793
1110 135.801
1111 145.324
1112 147.881
1113 137.43
1114 119.866
1115 127.152
1116 142.28
1117 134.88
1118 143.613
1119 145.28
1120 137.67
1121 150.482
1122 146.525
1123 145.632
1124 145.066
1125 126.883
1126 146.995
1127 148.395
1128 136.418
1129 154.631
1130 170.697
1131 169.521
1132 146.003
1133 149.226
1134 153.472
1135 157.911
1136 148.129
1137 153.98
1138 155.063
1139 148.567
1140 159.543
1141 148.119
1142 176.444
1143 163.098
1144 168.103
1145 177.005
1146 166.469
1147 153.733
1148 180.571
1149 157.285
1150 182.506
1151 61.8035
1152 59.3058
1153 59.3058
1154 59.3058
1155 59.3058
1156 59.3058
1157 59.3058
1158 59.3058
1159 59.3058
1160 59.3058
1161 59.3058
1162 59.3058
1163 59.3058
1164 59.3058
1165 59.3058
1166 59.3058
1167 59.3058
1168 59.3058
1169 59.3058
1170 59.3058
1171 59.3058
1172 59.3058
1173 59.3058
1174 59.3058
1175 59.3058
1176 59.3058
1177 59.3058
1178 59.3058
1179 59.3058
1180 59.3058
1181 59.3058
1182 59.3058
1183 59.3058
1184 59.3058
1185 59.3058
1186 59.3058
1187 59.3058
1188 59.3058
1189 59.3058
1190 59.3058
1191 59.3058
1192 59.3056
1193 59.2409
1194 59.1993
1195 59.1993
1196 59.1993
1197 59.1993
1198 59.1993
1199 59.1993
1200 59.1993
1201 59.1993
1202 59.1993
1203 59.1993
1204 59.1993
1205 59.1993
1206 59.1993
1207 59.1993
1208 59.1993
1209 59.1993
1210 59.1993
1211 59.1993
1212 59.1993
1213 59.1993
1214 59.1993
1215 59.1993
1216 59.1993
1217 59.1993
1218 59.1993
1219 59.1993
1220 59.1993
1221 59.1993
1222 59.1993
1223 59.1993
1224 59.1993
1225 59.1993
1226 59.1993
1227 59.1993
1228 59.1993
1229 59.1993
1230 59.1993
1231 59.1993
1232 59.1993
1233 59.1993
1234 59.1993
1235 59.1993
1236 59.1993
1237 59.1993
1238 59.1993
1239 59.1993
1240 59.1993
1241 59.1993
1242 59.1993
1243 59.1993
1244 59.1993
1245 59.1993
1246 59.1993
1247 59.1993
1248 59.1993
1249 59.1993
1250 59.1993
1251 59.1993
1252 59.1993
1253 59.1993
1254 59.1993
1255 59.1993
1256 59.1993
1257 59.1993
1258 59.1993
1259 59.1993
1260 59.1993
1261 59.1993
1262 59.1993
1263 59.1993
1264 59.1993
1265 59.1993
1266 59.1993
1267 59.1993
1268 59.1993
1269 59.1993
1270 59.1993
1271 59.1993
1272 59.1993
1273 59.1993
1274 59.1993
1275 59.1993
1276 59.1993
1277 59.1993
1278 59.1993
1279 59.1993
1280 59.1993
1281 59.1993
1282 59.1993
1283 59.1993
1284 59.1993
1285 59.1993
1286 59.1993
1287 59.1993
1288 59.1993
1289 59.1993
1290 59.1993
1291 59.1993
1292 59.1993
1293 59.1993
1294 59.1993
1295 59.1993
1296 59.1993
1297 59.1993
1298 59.1993
1299 59.1993
1300 59.1993
1301 59.1993
1302 59.1993
1303 59.1993
1304 59.1993
1305 59.1993
1306 59.1993
1307 59.1993
1308 59.1993
1309 59.1993
1310 59.1993
1311 59.1993
1312 59.1993
1313 59.1993
1314 59.1993
1315 59.1993
1316 59.1993
1317 59.1993
1318 59.1993
1319 59.1993
1320 59.1993
1321 59.1993
1322 59.1993
1323 59.1993
1324 59.1993
1325 59.1993
1326 59.1993
1327 59.1993
1328 59.1993
1329 59.1993
1330 59.1993
1331 59.1993
1332 59.1993
1333 59.1993
1334 59.1993
1335 59.1993
1336 59.1993
1337 59.1993
1338 59.1993
1339 59.1993
1340 59.1993
1341 59.1993
1342 59.1993
1343 59.1993
1344 59.1993
1345 59.1993
1346 59.1993
1347 59.1993
1348 59.1993
1349 59.1993
1350 59.1993
1351 59.1993
1352 59.1993
1353 59.1993
1354 59.1993
1355 59.1993
1356 59.1993
1357 59.1993
1358 59.1993
1359 59.1993
1360 59.1993
1361 59.1993
1362 59.1993
1363 59.1993
1364 59.1993
1365 59.1993
1366 59.1993
1367 59.1993
1368 59.1993
1369 59.1993
1370 59.1993
1371 59.1993
1372 59.1993
1373 59.1993
1374 59.1993
1375 59.1993
1376 59.1993
1377 59.1993
1378 59.1993
1379 59.1993
1380 59.1993
1381 59.1993
1382 59.1993
1383 59.1993
1384 59.1993
1385 59.1993
1386 59.1993
1387 59.1993
1388 59.1993
1389 59.1993
1390 59.1993
1391 59.1993
1392 59.1993
1393 59.1993
1394 59.1993
1395 59.1993
1396 59.1993
1397 59.1993
1398 59.1993
1399 59.1993
1400 59.1993
1401 59.1993
1402 59.1993
1403 59.1993
1404 59.1993
1405 59.1993
1406 59.1993
1407 59.1993
1408 59.1993
1409 59.1993
1410 59.1993
1411 59.1993
1412 59.1993
1413 59.1993
1414 59.1993
1415 59.1993
1416 59.1993
1417 59.1993
1418 59.1993
1419 59.1993
1420 59.1993
1421 59.1993
1422 59.1993
1423 59.1993
1424 59.1993
1425 59.1993
1426 59.1993
1427 59.1993
1428 59.1993
1429 59.1993
1430 59.1993
1431 59.1993
1432 59.1993
1433 59.1993
1434 59.1993
1435 59.1993
1436 59.1993
1437 59.1993
1438 59.1993
1439 59.1993
1440 59.1993
1441 59.1993
1442 59.1993
1443 59.1993
1444 59.1993
1445 59.1993
1446 59.1993
1447 59.1993
1448 59.1993
1449 59.1993
1450 59.1993
1451 58.6091
1452 58.3169
1453 58.3169
1454 58.3169
1455 58.3169
1456 58.3169
1457 58.3169
1458 58.3169
1459 58.3169
1460 58.3169
1461 58.3169
1462 58.3169
1463 58.3169
1464 58.3169
1465 58.3169
1466 58.3169
1467 58.3169
1468 58.3169
1469 58.3169
1470 58.3169
1471 58.3169
1472 58.3169
1473 58.3169
1474 58.3169
1475 58.3169
1476 58.3169
1477 58.3169
1478 58.3169
1479 58.3169
1480 58.3169
1481 58.3169
1482 58.3169
1483 58.3169
1484 58.3169
1485 58.3169
1486 58.3169
1487 58.3169
1488 58.3169
1489 58.3169
1490 58.3169
1491 58.3169
1492 58.3169
1493 58.3169
1494 58.3169
1495 58.3169
1496 58.3169
1497 58.3169
1498 58.3169
1499 58.3169
1500 58.3169
1501 58.3169
1502 58.3169
1503 58.3169
1504 58.3169
1505 58.3169
1506 58.3169
1507 58.3169
1508 58.3169
1509 58.3169
1510 58.3169
1511 58.3169
1512 58.3169
1513 58.3169
1514 58.3169
1515 58.3169
1516 58.3169
1517 58.3169
1518 58.3169
1519 58.3169
1520 58.3169
1521 58.3169
1522 58.3169
1523 58.3169
1524 58.3169
1525 58.3169
1526 58.3169
1527 58.3155
1528 57.8357
1529 57.5987
1530 57.5987
1531 57.5987
1532 57.5987
1533 57.5987
1534 57.5987
1535 57.5987
1536 57.5987
1537 57.5987
1538 57.5987
1539 57.5987
1540 57.5987
1541 57.5987
1542 57.5987
1543 57.5987
1544 57.5987
1545 57.5987
1546 57.5987
1547 57.5987
1548 57.5987
1549 57.5987
1550 57.5987
1551 57.5987
1552 57.5987
1553 57.5987
1554 57.5987
1555 57.5987
1556 57.5987
1557 57.5987
1558 57.5987
1559 57.5987
1560 57.5987
1561 57.5987
1562 57.5987
1563 57.5987
1564 57.5987
1565 57.5987
1566 57.5987
1567 57.5987
1568 57.5987
1569 57.5987
1570 57.5987
1571 57.5987
1572 57.5987
1573 57.5987
1574 57.5987
1575 57.5987
1576 57.5987
1577 57.5987
1578 57.5987
1579 57.5987
1580 57.5987
1581 57.5987
1582 57.5987
1583 57.5987
1584 57.5987
1585 57.5987
1586 57.5987
1587 57.5987
1588 57.5987
1589 57.5987
1590 57.5987
1591 57.5987
1592 57.5987
1593 57.5987
1594 57.5987
1595 57.5987
1596 57.5987
1597 57.5987
1598 57.5987
1599 57.5987
1600 57.5987
1601 57.5987
1602 57.5987
1603 57.5987
1604 57.5987
1605 57.5987
1606 57.5987
1607 57.5987
1608 57.5987
1609 57.5987
1610 57.5987
1611 57.5987
1612 57.5987
1613 57.5987
1614 57.5987
1615 57.5987
1616 57.5987
1617 57.5987
1618 57.5987
1619 57.5987
1620 57.5987
1621 57.5987
1622 57.5987
1623 57.5987
1624 57.5987
1625 57.5987
1626 57.5987
1627 57.5987
1628 57.5987
1629 57.5987
1630 57.5987
1631 57.5987
1632 57.5987
1633 57.5987
1634 57.5987
1635 57.5987
1636 57.5987
1637 57.5987
1638 57.5987
1639 57.5987
1640 57.5987
1641 57.5987
1642 57.5987
1643 57.5987
1644 57.5987
1645 57.5987
1646 57.5987
1647 57.5987
1648 57.5987
1649 57.5987
1650 57.5987
1651 57.5987
1652 57.5987
1653 57.5987
1654 57.5987
1655 57.5987
1656 57.5987
1657 57.5987
1658 57.5987
1659 57.5987
1660 57.5987
1661 57.5987
1662 57.5987
1663 57.5987
1664 57.5987
1665 57.5987
1666 57.5987
1667 57.5987
1668 57.5987
1669 57.5987
1670 57.5987
1671 57.5987
1672 57.5987
1673 57.5987
1674 57.5987
1675 57.5987
1676 57.5987
1677 57.5987
1678 57.5987
1679 57.5987
1680 57.5987
1681 57.5987
1682 57.5987
1683 57.5987
1684 57.5987
1685 57.5987
1686 57.5987
1687 57.5987
1688 57.5987
1689 57.5987
1690 57.5987
1691 57.5987
1692 57.5987
1693 57.5987
1694 57.5987
1695 57.5987
1696 57.5987
1697 57.5987
1698 57.5987
1699 57.5987
1700 57.5987
1701 57.5987
1702 57.5987
1703 57.5987
1704 57.5987
1705 57.5987
1706 57.5987
1707 57.5987
1708 57.5987
1709 57.5987
1710 57.5987
1711 57.5987
1712 57.5987
1713 57.5987
1714 57.5987
1715 57.5987
1716 57.5987
1717 57.5987
1718 57.5987
1719 57.5987
1720 57.5987
1721 57.5987
1722 57.5987
1723 57.5987
1724 57.5987
1725 57.5987
1726 57.5987
1727 57.5987
1728 57.5987
1729 57.5987
1730 57.5987
1731 57.5987
1732 57.5987
1733 57.5987
1734 57.5987
1735 57.5987
1736 57.5987
1737 57.5987
1738 57.5987
1739 57.5987
1740 57.5987
1741 57.5987
1742 57.5987
1743 57.5987
1744 57.5987
1745 57.5987
1746 57.5987
1747 57.5987
1748 57.5987
1749 57.5987
1750 57.5987
1751 57.5987
1752 57.5987
1753 57.5987
1754 57.5987
1755 57.5987
1756 57.5987
1757 57.5987
1758 57.5987
1759 57.5987
1760 57.5987
1761 57.5987
1762 57.5987
1763 57.5987
1764 57.5987
1765 57.5987
1766 57.5987
1767 57.5987
1768 57.5987
1769 57.5987
1770 57.5987
1771 57.5987
1772 57.5987
1773 57.5987
1774 57.5987
1775 57.5987
1776 57.5987
1777 57.5987
1778 57.5987
1779 57.5987
1780 57.5987
1781 57.5987
1782 57.5987
1783 57.5987
1784 57.5987
1785 57.5987
1786 57.5987
1787 57.5987
1788 57.5987
1789 57.5987
1790 57.5987
1791 57.5987
1792 57.5987
1793 57.5987
1794 57.5987
1795 57.5987
1796 57.5987
1797 57.5987
1798 57.5987
1799 57.5987
1800 57.5987
1801 57.5987
1802 57.5987
1803 57.5987
1804 57.5987
1805 57.5987
1806 57.5987
1807 57.5987
1808 57.5987
1809 57.5987
1810 57.5987
1811 57.5987
1812 57.5987
1813 57.5987
1814 57.5987
1815 57.5987
1816 57.5987
1817 57.5987
1818 57.5987
1819 57.5987
1820 57.5987
1821 57.5987
1822 57.5987
1823 57.5987
1824 57.5987
1825 57.5987
1826 57.5987
1827 57.5987
1828 57.5987
1829 57.5987
1830 57.5987
1831 57.5987
1832 57.5987
1833 57.5987
1834 57.5987
1835 57.5987
1836 57.5987
1837 57.5987
1838 57.5987
1839 57.5987
1840 57.5987
1841 57.5987
1842 57.5987
1843 57.5987
1844 57.5987
1845 57.5987
1846 57.5987
1847 57.5987
1848 57.5987
1849 57.5987
1850 57.5987
1851 57.5987
1852 57.5987
1853 57.5987
1854 57.5987
1855 57.5987
1856 57.5987
1857 57.5987
1858 57.5987
1859 57.5987
1860 57.5987
1861 57.5987
1862 57.5987
1863 57.5987
1864 57.5987
1865 57.5987
1866 57.5987
1867 57.5987
1868 57.5987
1869 57.5987
1870 57.5987
1871 57.5987
1872 57.5987
1873 57.5987
1874 57.5987
1875 57.5987
1876 57.5987
1877 57.5987
1878 57.5987
1879 57.5987
1880 57.5987
1881 57.5987
1882 57.5987
1883 57.5987
1884 57.5987
1885 57.5987
1886 57.5987
1887 57.5987
1888 57.5987
1889 57.5987
1890 57.5987
1891 57.5987
1892 57.5987
1893 57.5987
1894 57.5987
1895 57.5987
1896 57.5987
1897 57.5987
1898 57.5987
1899 57.5987
1900 57.5987
1901 57.5987
1902 57.5987
1903 57.5987
1904 57.5987
1905 57.5987
1906 57.5987
1907 57.5987
1908 57.5987
1909 57.5987
1910 57.5987
1911 57.5987
1912 57.5987
1913 57.5987
1914 57.5987
1915 57.5987
1916 57.5987
1917 57.5987
1918 57.5987
1919 57.5987
1920 57.5987
1921 57.5987
1922 57.5987
1923 57.5987
1924 57.5987
1925 57.5987
1926 57.5987
1927 57.5987
1928 57.5987
1929 57.5987
1930 57.5987
1931 57.5987
1932 57.5987
1933 57.5987
1934 57.5987
1935 57.5987
1936 57.5987
1937 57.5987
1938 57.5987
1939 57.5987
1940 57.5987
1941 57.5987
1942 57.5987
1943 57.5987
1944 57.5987
1945 57.5987
1946 57.5987
1947 57.5987
1948 57.5987
1949 57.5987
1950 57.5987
1951 57.5987
1952 57.5987
1953 57.5987
1954 57.5987
1955 57.5987
1956 57.5987
1957 57.5987
1958 57.5987
1959 57.5987
1960 57.5987
1961 57.5987
1962 57.5987
1963 57.5987
1964 57.5987
1965 57.5987
1966 57.5987
1967 57.5987
1968 57.5987
1969 57.5987
1970 57.5987
1971 57.5987
1972 57.5987
1973 57.5987
1974 57.5987
1975 57.5987
1976 57.5987
1977 57.5987
1978 57.5987
1979 57.5987
1980 57.5987
1981 57.5987
1982 57.5987
1983 57.5987
1984 57.5987
1985 57.5987
1986 57.5987
1987 57.5987
1988 57.5987
1989 57.5985
1990 57.5491
1991 57.4963
1992 57.4963
1993 57.4963
1994 57.4963
1995 57.4963
1996 57.4963
1997 57.4963
1998 57.4963
1999 57.4963
2000 57.4963
2001 57.4963
2002 57.4963
2003 57.4963
2004 57.4963
2005 57.4963
2006 57.4963
2007 57.4963
2008 57.4963
2009 57.4963
2010 57.4963
2011 57.4963
2012 57.4963
2013 57.4963
2014 57.4963
2015 57.4963
2016 57.4963
2017 57.4963
2018 57.4963
2019 57.4963
2020 57.4963
2021 57.4963
2022 57.4963
2023 57.4963
2024 57.4963
2025 57.4963
2026 57.4963
2027 57.4963
2028 57.4963
2029 57.4963
2030 57.4963
2031 57.4963
2032 57.4963
2033 57.4963
2034 57.4963
2035 57.4963
2036 57.4963
2037 57.4963
2038 57.4963
2039 57.4963
2040 57.4963
2041 57.4963
2042 57.4963
2043 57.4963
2044 57.4963
2045 57.4963
2046 57.4963
2047 57.4963
2048 57.4963
2049 57.4963
2050 57.4963
2051 57.4963
2052 57.4963
2053 57.4963
2054 57.4963
2055 57.4963
2056 57.4963
2057 57.4963
2058 57.4963
2059 57.4963
2060 57.4963
2061 57.4963
2062 57.4963
2063 57.4963
2064 57.4963
2065 57.4963
2066 57.4963
2067 57.4963
2068 57.4963
2069 57.4963
2070 57.4963
2071 57.4963
2072 57.4963
2073 57.4963
2074 57.4963
2075 57.4963
2076 57.4963
2077 57.4963
2078 57.4963
2079 57.4963
2080 57.4963
2081 57.4963
2082 57.4963
2083 57.4963
2084 57.4963
2085 57.4963
2086 57.4963
2087 57.4963
2088 57.4963
2089 57.4963
2090 57.4963
2091 57.4963
2092 57.4963
2093 57.4963
2094 57.4963
2095 57.4963
2096 57.4963
2097 57.4963
2098 57.4963
2099 57.4963
2100 57.4963
2101 57.4963
2102 57.4963
2103 57.4963
2104 57.4963
2105 57.4963
2106 57.4963
2107 57.4963
2108 57.4963
2109 57.4963
2110 57.4963
2111 57.4963
2112 57.4963
2113 57.4963
2114 57.4963
2115 57.4963
2116 57.4963
2117 57.4963
2118 57.4963
2119 57.4963
2120 57.4963
2121 57.4963
2122 57.4963
2123 57.4963
2124 57.4963
2125 57.4963
2126 57.4963
2127 57.4963
2128 57.4963
2129 57.4963
2130 57.4963
2131 57.4963
2132 57.4963
2133 57.4963
2134 57.4963
2135 57.4963
2136 57.4963
2137 57.4963
2138 57.4963
2139 57.4963
2140 57.4963
2141 57.4963
2142 57.4963
2143 57.4963
2144 57.4963
2145 57.4963
2146 57.4963
2147 57.4963
2148 57.4963
2149 57.4963
2150 57.4963
2151 57.4963
2152 57.4963
2153 57.4963
2154 57.4963
2155 57.4963
2156 57.4963
2157 57.4963
2158 57.4963
2159 57.4963
2160 57.4963
2161 57.4963
2162 57.4963
2163 57.4963
2164 57.4963
2165 57.4963
2166 57.4963
2167 57.4963
2168 57.4963
2169 57.4963
2170 57.4963
2171 57.4963
2172 57.4963
2173 57.4963
2174 57.4963
2175 57.4963
2176 57.4963
2177 57.4963
2178 57.4963
2179 57.4963
2180 57.4963
2181 57.4963
2182 57.4963
2183 57.4963
2184 57.4963
2185 57.4963
2186 57.4963
2187 57.4963
2188 57.4963
2189 57.4963
2190 57.4963
2191 57.4963
2192 57.4963
2193 57.4963
2194 57.4963
2195 57.4963
2196 57.4963
2197 57.4963
2198 57.4963
2199 57.4963
2200 57.4963
2201 57.4963
2202 57.4963
2203 57.4963
2204 57.4963
2205 57.4963
2206 57.4963
2207 57.4963
2208 57.4963
2209 57.4963
2210 57.4963
2211 57.4963
2212 57.4963
2213 57.4963
2214 57.4963
2215 57.4963
2216 57.4963
2217 57.4963
2218 57.4963
2219 57.4963
2220 57.4963
2221 57.4963
2222 57.4963
2223 57.4963
2224 57.4963
2225 57.4963
2226 57.4963
2227 57.4963
2228 57.4963
2229 57.4963
2230 57.4963
2231 57.4963
2232 57.4963
2233 57.4963
2234 57.4963
2235 57.4963
2236 57.4963
2237 57.4963
2238 57.4963
2239 57.4963
2240 57.4963
2241 57.4963
2242 57.4963
2243 57.4963
2244 57.4963
2245 57.4963
2246 57.4963
2247 57.4963
2248 57.4963
2249 57.4963
2250 57.4963
2251 57.4963
2252 57.4963
2253 57.4963
2254 57.4963
2255 57.4963
2256 57.4963
2257 57.4963
2258 57.4963
2259 57.4963
2260 57.4963
2261 57.4963
2262 57.4963
2263 57.4963
2264 57.4963
2265 57.4963
2266 57.4963
2267 57.4963
2268 57.4963
2269 57.4963
2270 57.4963
2271 57.4963
2272 57.4963
2273 57.4963
2274 57.4963
2275 57.4963
2276 57.4963
2277 57.4963
2278 57.4963
2279 57.4963
2280 57.4963
2281 57.4963
2282 57.4963
2283 57.4963
2284 57.4963
2285 57.4963
2286 57.4963
2287 57.4963
2288 57.4963
2289 57.4963
2290 57.4963
2291 57.4963
2292 57.4963
2293 57.4963
2294 57.4963
2295 57.4963
2296 57.4963
2297 57.4963
2298 57.4963
2299 57.4963
2300 57.4963
2301 57.4963
2302 57.4963
2303 57.4963
2304 57.4963
2305 57.4963
2306 57.4963
2307 57.4963
2308 57.4963
2309 57.4963
2310 57.4963
2311 57.4963
2312 57.4963
2313 57.4963
2314 57.4963
2315 57.4963
2316 57.4963
2317 57.4963
2318 57.4963
2319 57.4963
2320 57.4963
2321 57.4963
2322 57.4963
2323 57.4963
2324 57.4963
2325 57.4963
2326 57.4963
2327 57.4963
2328 57.4963
2329 57.4963
2330 57.4963
2331 57.4963
2332 57.4963
2333 57.4963
2334 57.4963
2335 57.4963
2336 57.4963
2337 57.4963
2338 57.4963
2339 57.4963
2340 57.4963
2341 57.4963
2342 57.4963
2343 57.4963
2344 57.4963
2345 57.4963
2346 57.4963
2347 57.4963
2348 57.4963
2349 57.4963
2350 57.4963
2351 57.4963
2352 57.4963
2353 57.4963
2354 57.4963
2355 57.4963
2356 57.4963
2357 57.4963
2358 57.4963
2359 57.4963
2360 57.4963
2361 57.4963
2362 57.4963
2363 57.4963
2364 57.4963
2365 57.4963
2366 57.4963
2367 57.4963
2368 57.4963
2369 57.4963
2370 57.4963
2371 57.4963
2372 57.4963
2373 57.4963
2374 57.4963
2375 57.4963
2376 57.4963
2377 57.4963
2378 57.4963
2379 57.4963
2380 57.4963
2381 57.4963
2382 57.4963
2383 57.4963
2384 57.4963
2385 57.4963
2386 57.4963
2387 57.4963
2388 57.4963
2389 57.4963
2390 57.4963
2391 57.4963
2392 57.4963
2393 57.4963
2394 57.4963
2395 57.4963
2396 57.4963
2397 57.4963
2398 57.4963
2399 57.4963
2400 57.4963
2401 57.4963
2402 57.4963
2403 57.4963
2404 57.4963
2405 57.4963
2406 57.4963
2407 57.4963
2408 57.4963
2409 57.4963
2410 57.4963
2411 57.4963
2412 57.4963
2413 57.4963
2414 57.4963
2415 57.4963
2416 57.4963
2417 57.4963
2418 57.4963
2419 57.4963
2420 57.4963
2421 57.4963
2422 57.4963
2423 57.4963
2424 57.4963
2425 57.4963
2426 57.4963
2427 57.4963
2428 57.4963
2429 57.4963
2430 57.4963
2431 57.4963
2432 57.4963
2433 57.4963
2434 57.4963
2435 57.4963
2436 57.4963
2437 57.4963
2438 57.4963
2439 57.4963
2440 57.4963
2441 57.4963
2442 57.4963
2443 57.4963
2444 57.4963
2445 57.4963
2446 57.4963
2447 57.4963
2448 57.4963
2449 57.4963
2450 57.4963
2451 57.4963
2452 57.4963
2453 57.4963
2454 57.4963
2455 57.4963
2456 57.4963
2457 57.4963
2458 57.4963
2459 57.4963
2460 57.4963
2461 57.4963
2462 57.4963
2463 57.4963
2464 57.4963
2465 57.4963
2466 57.4963
2467 57.4963
2468 57.4963
2469 57.4963
2470 57.4963
2471 57.4963
2472 57.4963
2473 57.4963
2474 57.4963
2475 57.4963
2476 57.4963
2477 57.4963
2478 57.4963
2479 57.4963
2480 57.4963
2481 57.4963
2482 57.4963
2483 57.4963
2484 57.4963
2485 57.4963
2486 57.4963
2487 57.4963
2488 57.4963
2489 57.4963
2490 57.4963
2491 57.4963
2492 57.4963
2493 57.4963
2494 57.4963
2495 57.4963
2496 57.4963
2497 57.4963
2498 57.4963
2499 57.4963
2500 57.4963
2501 57.4963
2502 57.4963
2503 57.4963
2504 57.4963
2505 57.4963
2506 57.4963
2507 57.4963
2508 57.4963
2509 57.4963
2510 57.4963
2511 57.4963
2512 57.4963
2513 57.4963
2514 57.4963
2515 57.4963
2516 57.4963
2517 57.4963
2518 57.4963
2519 57.4963
2520 57.4963
2521 57.4963
2522 57.4963
2523 57.4963
2524 57.4963
2525 57.4963
2526 57.4963
2527 57.4963
2528 57.4963
2529 57.4963
2530 57.4963
2531 57.4963
2532 57.4963
2533 57.4963
2534 57.4963
2535 57.4963
2536 57.4963
2537 57.4963
2538 57.4963
2539 57.4963
2540 57.4963
2541 57.4959
2542 57.4037
2543 57.3125
2544 57.3125
2545 57.3125
2546 57.3125
2547 57.3125
2548 57.3125
2549 57.3125
2550 57.3125
2551 57.3125
2552 57.3125
2553 57.3125
2554 57.3125
2555 57.3125
2556 57.3125
2557 57.3125
2558 57.3125
2559 57.3125
2560 57.3125
2561 57.3125
2562 57.3125
2563 57.3125
2564 57.3125
2565 57.3125
2566 57.3125
2567 57.3125
2568 57.3125
2569 57.3125
2570 57.3125
2571 57.3125
2572 57.3125
2573 57.3125
2574 57.3125
2575 57.3125
2576 57.3125
2577 57.3125
2578 57.3125
2579 57.3125
2580 57.3125
2581 57.3125
2582 57.3125
2583 57.3125
2584 57.3125
2585 57.3125
2586 57.3125
2587 57.3125
2588 57.3125
2589 57.3125
2590 57.3125
2591 57.3125
2592 57.3125
2593 57.3125
2594 57.3125
2595 57.3125
2596 57.3125
2597 57.3125
2598 57.3125
2599 57.3125
2600 57.3125
2601 57.3125
2602 57.3125
2603 57.3125
2604 57.3125
2605 57.3125
2606 57.3125
2607 57.3125
2608 57.3125
2609 57.3125
2610 57.3125
2611 57.3125
2612 57.3125
2613 57.3125
2614 57.3125
2615 57.3125
2616 57.3125
2617 57.3125
2618 57.3125
2619 57.3125
2620 57.3125
2621 57.3125
2622 57.3125
2623 57.3125
2624 57.3125
2625 57.3125
2626 57.3125
2627 57.3125
2628 57.3125
2629 57.3125
2630 57.3125
2631 57.3125
2632 57.3125
2633 57.3125
2634 57.3125
2635 57.3125
2636 57.3125
2637 57.3125
2638 57.3125
2639 57.3125
2640 57.3125
2641 57.3125
2642 57.3125
2643 57.3125
2644 57.3125
2645 57.3125
2646 57.3125
2647 57.3125
2648 57.3125
2649 57.3125
2650 57.3125
2651 57.3125
2652 57.3125
2653 57.3125
2654 57.3125
2655 57.3125
2656 57.3125
2657 57.3125
2658 57.3125
2659 57.3125
2660 57.3125
2661 57.3125
2662 57.3125
2663 57.3125
2664 57.3125
2665 57.3125
2666 57.3125
2667 57.3125
2668 57.3125
2669 57.3125
2670 57.3125
2671 57.3125
2672 57.3125
2673 57.3125
2674 57.3125
2675 57.3125
2676 57.3125
2677 57.3125
2678 57.3125
2679 57.3125
2680 57.3125
2681 57.3125
2682 57.3125
2683 57.3125
2684 57.3125
2685 57.3125
2686 57.3125
2687 57.3125
2688 57.3125
2689 57.3125
2690 57.3125
2691 57.3125
2692 57.3125
2693 57.3125
2694 57.3125
2695 57.3125
2696 57.3125
2697 57.3125
2698 57.3125
2699 57.3125
2700 57.3125
2701 57.3125
2702 57.3125
2703 57.3125
2704 57.3125
2705 57.3125
2706 57.3125
2707 57.3125
2708 57.3125
2709 57.3125
2710 57.3125
2711 57.3125
2712 57.3125
2713 57.3125
2714 57.3125
2715 57.3125
2716 57.3125
2717 57.3125
2718 57.3125
2719 57.3125
2720 57.3125
2721 57.3125
2722 57.3125
2723 57.3125
2724 57.3125
2725 57.3125
2726 57.3125
2727 57.3125
2728 57.3125
2729 57.3125
2730 57.3125
2731 57.3125
2732 57.3125
2733 57.3125
2734 57.3125
2735 57.3125
2736 57.3125
2737 57.3125
2738 57.3125
2739 57.3125
2740 57.3125
2741 57.3125
2742 57.3125
2743 57.3125
2744 57.3125
2745 57.3125
2746 57.3125
2747 57.3125
2748 57.3125
2749 57.3125
2750 57.3125
2751 57.3125
2752 57.3125
2753 57.3125
2754 57.3125
2755 57.3125
2756 57.3125
2757 57.3125
2758 57.3125
2759 57.3125
2760 57.3125
2761 57.3125
2762 57.3125
2763 57.3125
2764 57.3125
2765 57.3125
2766 57.3125
2767 57.3125
2768 57.3125
2769 57.3125
2770 57.3125
2771 57.3125
2772 57.3125
2773 57.3125
2774 57.3125
2775 57.3125
2776 57.3125
2777 57.3125
2778 57.3125
2779 57.3125
2780 57.3125
2781 57.3125
2782 57.3125
2783 57.3125
2784 57.3125
2785 57.3125
2786 57.3125
2787 57.3125
2788 57.3125
2789 57.3125
2790 57.3125
2791 57.3125
2792 57.3125
2793 57.3125
2794 57.3125
2795 57.3125
2796 57.3125
2797 57.3125
2798 57.3125
2799 57.3125
2800 57.3125
2801 57.3125
2802 57.3125
2803 57.3125
2804 57.3125
2805 57.3125
2806 57.3125
2807 57.3125
2808 57.3125
2809 57.3125
2810 57.3125
2811 57.3125
2812 57.3125
2813 57.3125
2814 57.3125
2815 57.3125
2816 57.3125
2817 57.3125
2818 57.3125
2819 57.3125
2820 57.3125
2821 57.3125
2822 57.3125
2823 57.3125
2824 57.3125
2825 57.3125
2826 57.3125
2827 57.3125
2828 57.3125
2829 57.3125
2830 57.3125
2831 57.3125
2832 57.3125
2833 57.3125
2834 57.3125
2835 57.3125
2836 57.3125
2837 57.3125
2838 57.3125
2839 57.3125
2840 57.3125
2841 57.3125
2842 57.3125
2843 57.3125
2844 57.3125
2845 57.3125
2846 57.3125
2847 57.3125
2848 57.3125
2849 57.3125
2850 57.3125
2851 57.3125
2852 57.3125
2853 57.3125
2854 57.3125
2855 57.3125
2856 57.3125
2857 57.3125
2858 57.3125
2859 57.3125
2860 57.3125
2861 57.3125
2862 57.3125
2863 57.3125
2864 57.3125
2865 57.3125
2866 57.3125
2867 57.3125
2868 57.3125
2869 57.3125
2870 57.3125
2871 57.3125
2872 57.3125
2873 57.3125
2874 57.3125
2875 57.3125
2876 57.3125
2877 57.3125
2878 57.3125
2879 57.3125
2880 57.3125
2881 57.3125
2882 57.3125
2883 57.3125
2884 57.3125
2885 57.3125
2886 57.3125
2887 57.3125
2888 57.3125
2889 57.3125
2890 57.3125
2891 57.3125
2892 57.3125
2893 57.3125
2894 57.3125
2895 57.3125
2896 57.3125
2897 57.3125
2898 57.3125
2899 57.3125
2900 57.3125
2901 57.3125
2902 57.3125
2903 57.3125
2904 57.3125
2905 57.3125
2906 57.3125
2907 57.3125
2908 57.3125
2909 57.3125
2910 57.3125
2911 57.3125
2912 57.3125
2913 57.3125
2914 57.3125
2915 57.3125
2916 57.3125
2917 57.3125
2918 57.3125
2919 57.3125
2920 57.3125
2921 57.3125
2922 57.3125
2923 57.3125
2924 57.3125
2925 57.3125
2926 57.3125
2927 57.3125
2928 57.3125
2929 57.3125
2930 57.3125
2931 57.3125
2932 57.3125
2933 57.3125
2934 57.3125
2935 57.3125
2936 57.3125
2937 57.3125
2938 57.3125
2939 57.3125
2940 57.3125
2941 57.3125
2942 57.3125
2943 57.3125
2944 57.3125
2945 57.3125
2946 57.3125
2947 57.3125
2948 57.3125
2949 57.3125
2950 57.3125
2951 57.3125
2952 57.3125
2953 57.3125
2954 57.3125
2955 57.3125
2956 57.3125
2957 57.3125
2958 57.3125
2959 57.3125
2960 57.3125
2961 57.3125
2962 57.3125
2963 57.3125
2964 57.3125
2965 57.3125
2966 57.3125
2967 57.3125
2968 57.3125
2969 57.3125
2970 57.3125
2971 57.3125
2972 57.3125
2973 57.3125
2974 57.3125
2975 57.3125
2976 57.3125
2977 57.3125
2978 57.3125
2979 57.3125
2980 57.3125
2981 57.3125
2982 57.3125
2983 57.3125
2984 57.3125
2985 57.3125
2986 57.3125
2987 57.3125
2988 57.3125
2989 57.3125
2990 57.3125
2991 57.3125
2992 57.3125
2993 57.3125
2994 57.3125
2995 57.3125
2996 57.3125
2997 57.3125
2998 57.3125
2999 57.3125
3000 57.3125
3001 57.3125
3002 57.3125
3003 57.3125
3004 57.3125
3005 57.3125
3006 57.3125
3007 57.3125
3008 57.3125
3009 57.3125
3010 57.3125
3011 57.3125
3012 57.3125
3013 57.3125
3014 57.3125
3015 57.3125
3016 57.3125
3017 57.3125
3018 57.3125
3019 57.3125
3020 57.3125
3021 57.3125
3022 57.3125
3023 57.3125
3024 57.3125
3025 57.3125
3026 57.3125
3027 57.3125
3028 57.3125
3029 57.3125
3030 57.3125
3031 57.3125
3032 57.3125
3033 57.3125
3034 57.3125
3035 57.3125
3036 57.3125
3037 57.3125
3038 57.3125
3039 57.3125
3040 57.3125
3041 57.3125
3042 57.3125
3043 57.3125
3044 57.3125
3045 57.3125
3046 57.3125
3047 57.3125
3048 57.3125
3049 57.3125
3050 57.3125
3051 57.3125
3052 57.3125
3053 57.3125
3054 57.3125
3055 57.3125
3056 57.3125
3057 57.3125
3058 57.3125
3059 57.3125
3060 57.3125
3061 57.3125
3062 57.3125
3063 57.3125
3064 57.3125
3065 57.3125
3066 57.3125
3067 57.3125
3068 57.3125
3069 57.3125
3070 57.3125
3071 57.3125
3072 57.3125
3073 57.3125
3074 57.3125
3075 57.3125
3076 57.3125
3077 57.3125
3078 57.3125
3079 57.3125
3080 57.3125
3081 57.3125
3082 57.3125
3083 57.3125
3084 57.3125
3085 57.3125
3086 57.3125
3087 57.3125
3088 57.3125
3089 57.3125
3090 57.3125
3091 57.3125
3092 57.3125
3093 57.3125
3094 57.3125
3095 57.3125
3096 57.3125
3097 57.3125
3098 57.3125
3099 57.3125
3100 57.3125
3101 57.3125
3102 57.3125
3103 57.3125
3104 57.3125
3105 57.3125
3106 57.3125
3107 57.3125
3108 57.3125
3109 57.3125
3110 57.3125
3111 57.3125
3112 57.3125
3113 57.3125
3114 57.3125
3115 57.3125
3116 57.3125
3117 57.3125
3118 57.3125
3119 57.3125
3120 57.3125
3121 57.3125
3122 57.3125
3123 57.3125
3124 57.3125
3125 57.3125
3126 57.3125
3127 57.3125
3128 57.3125
3129 57.3125
3130 57.3125
3131 57.3125
3132 57.3125
3133 57.3125
3134 57.3125
3135 57.3125
3136 57.3125
3137 57.3125
3138 57.3125
3139 57.3125
3140 57.3125
3141 57.3125
3142 57.3125
3143 57.3125
3144 57.3125
3145 57.3125
3146 57.3125
3147 57.3125
3148 57.3125
3149 57.3125
3150 57.3125
3151 57.3125
3152 57.3125
3153 57.3125
3154 57.3125
3155 57.3125
3156 57.3125
3157 57.3125
3158 57.3125
3159 57.3125
3160 57.3125
3161 57.3125
3162 57.3125
3163 57.3125
3164 57.3125
3165 57.3125
3166 57.3125
3167 57.3125
3168 57.3125
3169 57.3125
3170 57.3125
3171 57.3125
3172 57.3125
3173 57.3125
3174 57.3125
3175 57.3125
3176 57.3125
3177 57.3125
3178 57.3125
3179 57.3125
3180 57.3125
3181 57.3125
3182 57.3125
3183 57.3125
3184 57.3125
3185 57.3125
3186 57.3125
3187 57.3125
3188 57.3125
3189 57.3125
3190 57.3125
3191 57.3125
3192 57.3125
3193 57.3125
3194 57.3125
3195 57.3125
3196 57.3125
3197 57.3125
3198 57.3125
3199 57.3125
3200 57.3125
3201 57.3125
3202 57.3125
3203 57.3125
3204 57.3125
3205 57.3125
3206 57.3125
3207 57.3125
3208 57.3125
3209 57.3125
3210 57.3125
3211 57.3125
3212 57.3125
3213 57.3125
3214 57.3125
3215 57.3125
3216 57.3125
3217 57.3125
3218 57.3125
3219 57.3125
3220 57.3125
3221 57.3125
3222 57.3125
3223 57.3125
3224 57.3125
3225 57.3125
3226 57.3125
3227 57.3125
3228 57.3125
3229 57.3125
3230 57.3125
3231 57.3125
3232 57.3125
3233 57.3125
3234 57.3125
3235 57.3125
3236 57.3125
3237 57.3125
3238 57.3125
3239 57.3125
3240 57.3125
3241 57.3125
3242 57.3125
3243 57.3125
3244 57.3125
3245 57.3125
3246 57.3125
3247 57.3125
3248 57.3125
3249 57.3125
3250 57.3125
3251 57.3125
3252 57.3125
3253 57.3125
3254 57.3125
3255 57.3125
3256 57.3125
3257 57.3125
3258 57.3125
3259 57.3125
3260 57.3125
3261 57.3125
3262 57.3125
3263 57.3125
3264 57.3125
3265 57.3125
3266 57.3125
3267 57.3125
3268 57.3125
3269 57.3125
3270 57.3125
3271 57.3125
3272 57.3125
3273 57.3125
3274 57.3125
3275 57.3125
3276 57.3125
3277 57.3125
3278 57.3125
3279 57.3125
3280 57.3125
3281 57.3125
3282 57.3125
3283 57.3125
3284 57.3125
3285 57.3125
3286 57.3125
3287 57.3125
3288 57.3125
3289 57.3125
3290 57.3125
3291 57.3125
3292 57.3125
3293 57.3125
3294 57.3125
3295 57.3125
3296 57.3125
3297 57.3125
3298 57.3125
3299 57.3125
3300 57.3125
3301 57.3125
3302 57.3125
3303 57.3125
3304 57.3125
3305 57.3125
3306 57.3125
3307 57.3125
3308 57.3125
3309 57.3125
3310 57.3125
3311 57.3125
3312 57.3125
3313 57.3125
3314 57.3125
3315 57.3125
3316 57.3125
3317 57.3125
3318 57.3125
3319 57.3125
3320 57.3125
3321 57.3125
3322 57.3125
3323 57.3125
3324 57.3125
3325 57.3125
3326 57.3125
3327 57.3125
3328 57.3125
3329 57.3125
3330 57.3125
3331 57.3125
3332 57.3125
3333 57.3125
3334 57.3125
3335 57.3125
3336 57.3125
3337 57.3125
3338 57.3125
3339 57.3125
3340 57.3125
3341 57.3125
3342 57.3125
3343 57.3125
3344 57.3125
3345 57.3125
3346 57.3125
3347 57.3125
3348 57.3125
3349 57.3125
3350 57.3125
3351 57.3125
3352 57.3125
3353 57.3125
3354 57.3125
3355 57.3125
3356 57.3125
3357 57.3125
3358 57.3125
3359 57.3125
3360 57.3125
3361 57.3125
3362 57.3125
3363 57.3125
3364 57.3125
3365 57.3125
3366 57.3125
3367 57.3125
3368 57.3125
3369 57.3125
3370 57.3125
3371 57.3125
3372 57.3125
3373 57.3125
3374 57.3125
3375 57.3125
3376 57.3125
3377 57.3125
3378 57.3125
3379 57.3125
3380 57.3125
3381 57.3125
3382 57.3125
3383 57.3125
3384 57.3125
3385 57.3125
3386 57.3125
3387 57.3125
3388 57.3125
3389 57.3125
3390 57.3125
3391 57.3125
3392 57.3125
3393 57.3125
3394 57.3125
3395 57.3125
3396 57.3125
3397 57.3125
3398 57.3125
3399 57.3125
3400 57.3125
3401 57.3125
3402 57.3125
3403 57.3125
3404 57.3125
3405 57.3125
3406 57.3125
3407 57.3125
3408 57.3125
3409 57.3125
3410 57.3125
3411 57.3125
3412 57.3125
3413 57.3125
3414 57.3125
3415 57.3125
3416 57.3125
3417 57.3125
3418 57.3125
3419 57.3125
3420 57.3125
3421 57.3125
3422 57.3125
3423 57.3125
3424 57.3125
3425 57.3125
3426 57.3125
3427 57.3125
3428 57.3125
3429 57.3125
3430 57.3125
3431 57.3125
3432 57.3125
3433 57.3125
3434 57.3125
3435 57.3125
3436 57.3125
3437 57.3125
3438 57.3125
3439 57.3125
3440 57.3125
3441 57.3125
3442 57.3125
3443 57.3125
3444 57.3125
3445 57.3125
3446 57.3125
3447 57.3125
3448 57.3125
3449 57.3125
3450 57.3125
3451 57.3125
3452 57.3125
3453 57.3125
3454 57.3125
3455 57.3125
3456 57.3125
3457 57.3125
3458 57.3125
3459 57.3125
3460 57.3125
3461 57.3125
3462 57.3125
3463 57.3125
3464 57.3125
3465 57.3125
3466 57.3125
3467 57.3125
3468 57.3125
3469 57.3125
3470 57.3125
3471 57.3125
3472 57.3125
3473 57.3125
3474 57.3125
3475 57.3125
3476 57.3125
3477 57.3125
3478 57.3125
3479 57.3125
3480 57.3125
3481 57.3125
3482 57.3125
3483 57.3125
3484 57.3125
3485 57.3125
3486 57.3125
3487 57.3125
3488 57.3125
3489 57.3125
3490 57.3125
3491 57.3125
3492 57.3125
3493 57.3125
3494 57.3125
3495 57.3125
3496 57.3125
3497 57.3125
3498 57.3125
3499 57.3125
3500 57.3125
3501 57.3125
3502 57.3125
3503 57.3125
3504 57.3125
3505 57.3125
3506 57.3125
3507 57.3125
3508 57.3125
3509 57.3125
3510 57.3125
3511 57.3125
3512 57.3125
3513 57.3125
3514 57.3125
3515 57.3125
3516 57.3125
3517 57.3125
3518 57.3125
3519 57.3125
3520 57.3125
3521 57.3125
3522 57.3125
3523 57.3125
3524 57.3125
3525 57.3125
3526 57.3125
3527 57.3125
3528 57.3125
3529 57.3125
3530 57.3125
3531 57.3125
3532 57.3125
3533 57.3125
3534 57.3125
3535 57.3125
3536 57.3125
3537 57.3125
3538 57.3125
3539 57.3125
3540 57.3125
3541 57.3125
3542 57.3125
3543 57.3125
3544 57.3125
3545 57.3125
3546 57.3125
3547 57.3125
3548 57.3125
3549 57.3125
3550 57.3125
3551 57.3125
3552 57.3125
3553 57.3125
3554 57.3125
3555 57.3125
3556 57.3125
3557 57.3125
3558 57.3125
3559 57.3125
3560 57.3125
3561 57.3125
3562 57.3125
3563 57.3125
3564 57.3125
3565 57.3125
3566 57.3125
3567 57.3125
3568 57.3125
3569 57.3125
3570 57.3125
3571 57.3125
3572 57.3125
3573 57.3125
3574 57.3125
3575 57.3125
3576 57.3125
3577 57.3125
3578 57.3125
3579 57.3125
3580 57.3125
3581 57.3125
3582 57.3125
3583 57.3125
3584 57.3125
3585 57.3125
3586 57.3125
3587 57.3125
3588 57.3125
3589 57.3125
3590 57.3125
3591 57.3125
3592 57.3125
3593 57.3125
3594 57.3125
3595 57.3125
3596 57.3125
3597 57.3125
3598 57.3125
3599 57.3125
3600 57.3125
3601 57.3125
3602 57.3125
3603 57.3125
3604 57.3125
3605 57.3125
3606 57.3125
3607 57.3125
3608 57.3125
3609 57.3125
3610 57.3125
3611 57.3125
3612 57.3125
3613 57.3125
3614 57.3125
3615 57.3125
3616 57.3125
3617 57.3125
3618 57.3125
3619 57.3125
3620 57.3125
3621 57.3125
3622 57.3125
3623 57.3125
3624 57.3125
3625 57.3125
3626 57.3125
3627 57.3125
3628 57.3125
3629 57.3125
3630 57.3125
3631 57.3125
3632 57.3125
3633 57.3125
3634 57.3125
3635 57.3125
3636 57.3125
3637 57.3125
3638 57.3125
3639 57.3125
3640 57.3125
3641 57.3125
3642 57.3125
3643 57.3125
3644 57.3125
3645 57.3125
3646 57.3125
3647 57.3125
3648 57.3125
3649 57.3125
3650 57.3125
3651 57.3125
3652 57.3125
3653 57.3125
3654 57.3125
3655 57.3125
3656 57.3125
3657 57.3125
3658 57.3125
3659 57.3125
3660 57.3125
3661 57.3125
3662 57.3125
3663 57.3125
3664 57.3125
3665 57.3125
3666 57.3125
3667 57.3125
3668 57.3125
3669 57.3125
3670 57.3125
3671 57.3125
3672 57.3125
3673 57.3125
3674 57.3125
3675 57.3125
3676 57.3125
3677 57.3125
3678 57.3125
3679 57.3125
3680 57.3125
3681 57.3125
3682 57.3125
3683 57.3125
3684 57.3125
3685 57.3125
3686 57.3125
3687 57.3125
3688 57.3125
3689 57.3125
3690 57.3125
3691 57.3125
3692 57.3125
3693 57.3125
3694 57.3125
3695 57.3125
3696 57.3125
3697 57.3125
3698 57.3125
3699 57.3125
3700 57.3125
3701 57.2457
3702 57.2215
3703 57.2215
3704 57.2215
3705 57.2215
3706 57.2215
3707 57.2215
3708 57.2215
3709 57.2215
3710 57.2215
3711 57.2215
3712 57.2215
3713 57.2215
3714 57.2215
3715 57.2215
3716 57.2215
3717 57.2215
3718 57.2215
3719 57.2215
3720 57.2215
3721 57.2215
3722 57.2215
3723 57.2215
3724 57.2215
3725 57.2215
3726 57.2215
3727 57.2215
3728 57.2215
3729 57.2215
3730 57.2215
3731 57.2215
3732 57.2215
3733 57.2215
3734 57.2215
3735 57.2215
3736 57.2215
3737 57.2215
3738 57.2215
3739 57.2215
3740 57.2215
3741 57.2215
3742 57.2215
3743 57.2215
3744 57.2215
3745 57.2215
3746 57.2215
3747 57.2215
3748 57.2215
3749 57.2215
3750 57.2215
3751 57.1512
3752 57.0617
3753 57.0617
3754 57.0617
3755 57.0617
3756 57.0617
3757 57.0617
3758 57.0617
3759 57.0617
3760 57.0617
3761 57.0617
3762 57.0617
3763 57.0617
3764 57.0617
3765 57.0617
3766 57.0617
3767 57.0617
3768 57.0617
3769 57.0617
3770 57.0617
3771 57.0617
3772 57.0617
3773 57.0617
3774 57.0617
3775 57.0617
3776 57.0617
3777 57.0617
3778 57.0617
3779 57.0617
3780 57.0617
3781 57.0617
3782 57.0617
3783 57.0617
3784 57.0617
3785 57.0617
3786 57.0617
3787 57.0617
3788 57.0617
3789 57.0617
3790 57.0617
3791 57.0617
3792 57.0617
3793 57.0617
3794 57.0617
3795 57.0617
3796 57.0617
3797 57.0617
3798 57.0617
3799 57.0617
3800 57.0617
3801 57.0617
3802 57.0617
3803 57.0617
3804 57.0617
3805 57.0617
3806 57.0617
3807 57.0617
3808 57.0617
3809 57.0617
3810 57.0617
3811 57.0617
3812 57.0617
3813 57.0617
3814 57.0617
3815 57.0617
3816 57.0617
3817 57.0617
3818 57.0617
3819 57.0617
3820 57.0617
3821 57.0617
3822 57.0617
3823 57.0617
3824 57.0617
3825 57.0617
3826 57.0617
3827 57.0617
3828 57.0617
3829 57.0617
3830 57.0617
3831 57.0617
3832 57.0617
3833 57.0617
3834 57.0617
3835 57.0617
3836 57.0617
3837 57.0617
3838 57.0617
3839 57.0617
3840 57.0617
3841 57.0617
3842 57.0617
3843 57.0617
3844 57.0617
3845 57.0617
3846 57.0617
3847 57.0617
3848 57.0617
3849 57.0617
3850 57.0617
3851 57.0617
3852 57.0617
3853 57.0617
3854 57.0617
3855 57.0617
3856 57.0617
3857 57.0617
3858 57.0617
3859 57.0617
3860 57.0617
3861 57.0617
3862 57.0617
3863 57.0617
3864 57.0617
3865 57.0617
3866 57.0617
3867 57.0617
3868 57.0617
3869 57.0617
3870 57.0617
3871 57.0617
3872 57.0617
3873 57.0617
3874 57.0617
3875 57.0617
3876 57.0617
3877 57.0617
3878 57.0617
3879 57.0617
3880 57.0617
3881 57.0617
3882 57.0617
3883 57.0617
3884 57.0617
3885 57.0617
3886 57.0617
3887 57.0617
3888 57.0617
3889 57.0617
3890 57.0617
3891 57.0617
3892 57.0617
3893 57.0617
3894 57.0617
3895 57.0617
3896 57.0617
3897 57.0617
3898 57.0617
3899 57.0617
3900 57.0617
3901 57.0617
3902 57.0617
3903 57.0617
3904 57.0617
3905 57.0617
3906 57.0617
3907 57.0617
3908 57.0617
3909 57.0617
3910 57.0617
3911 57.0617
3912 57.0617
3913 57.0617
3914 57.0617
3915 57.0617
3916 57.0617
3917 57.0617
3918 57.0617
3919 57.0617
3920 57.0617
3921 57.0617
3922 57.0617
3923 57.0617
3924 57.0617
3925 57.0617
3926 57.0617
3927 57.0617
3928 57.0617
3929 57.0617
3930 57.0617
3931 57.0617
3932 57.0617
3933 57.0617
3934 57.0617
3935 57.0617
3936 57.0617
3937 57.0617
3938 57.0617
3939 57.0617
3940 57.0617
3941 57.0617
3942 57.0617
3943 57.0617
3944 57.0617
3945 57.0617
3946 57.0617
3947 57.0617
3948 57.0617
3949 57.0617
3950 57.0617
3951 57.0617
3952 57.0612
3953 56.9293
3954 56.7759
3955 56.7759
3956 56.7759
3957 56.7759
3958 56.7759
3959 56.7759
3960 56.7759
3961 56.7759
3962 56.7759
3963 56.7759
3964 56.7759
3965 56.7759
3966 56.7759
3967 56.7759
3968 56.7759
3969 56.7759
3970 56.7759
3971 56.7759
3972 56.7759
3973 56.7759
3974 56.7759
3975 56.7759
3976 56.7759
3977 56.7759
3978 56.7759
3979 56.7759
3980 56.7759
3981 56.7759
3982 56.7759
3983 56.7759
3984 56.7759
3985 56.7759
3986 56.7759
3987 56.7759
3988 56.7759
3989 56.7759
3990 56.7759
3991 56.7759
3992 56.7759
3993 56.7759
3994 56.7759
3995 56.7759
3996 56.7759
3997 56.7759
3998 56.7759
3999 56.7759
4000 56.7759
4001 56.7759
4002 56.7759
4003 56.7759
4004 56.7759
4005 56.7759
4006 56.7759
4007 56.7759
4008 56.7759
4009 56.7759
4010 56.7759
4011 56.7759
4012 56.7759
4013 56.7759
4014 56.7759
4015 56.7759
4016 56.7759
4017 56.7759
4018 56.7759
4019 56.7759
4020 56.7759
4021 56.7759
4022 56.7759
4023 56.7759
4024 56.7759
4025 56.7759
4026 56.7759
4027 56.7759
4028 56.7759
4029 56.7759
4030 56.7759
4031 56.7759
4032 56.7759
4033 56.7759
4034 56.7759
4035 56.7759
4036 56.7759
4037 56.7759
4038 56.7759
4039 56.7759
4040 56.7759
4041 56.7759
4042 56.7759
4043 56.7759
4044 56.7759
4045 56.7759
4046 56.7759
4047 56.7759
4048 56.7759
4049 56.7759
4050 56.7759
4051 56.7759
4052 56.7759
4053 56.7759
4054 56.7759
4055 56.7759
4056 56.7759
4057 56.7759
4058 56.7759
4059 56.7759
4060 56.7759
4061 56.7759
4062 56.7759
4063 56.7759
4064 56.7759
4065 56.7759
4066 56.7759
4067 56.7759
4068 56.7759
4069 56.7759
4070 56.7759
4071 56.7759
4072 56.7759
4073 56.7759
4074 56.7759
4075 56.7759
4076 56.7759
4077 56.7759
4078 56.7759
4079 56.7759
4080 56.7759
4081 56.7759
4082 56.7759
4083 56.7759
4084 56.7759
4085 56.7759
4086 56.7759
4087 56.7759
4088 56.7759
4089 56.7759
4090 56.7759
4091 56.7759
4092 56.7759
4093 56.7759
4094 56.7759
4095 56.7759
4096 56.7759
4097 56.7759
4098 56.7759
4099 56.7759
4100 56.7759
4101 56.7759
4102 56.7759
4103 56.7759
4104 56.7759
4105 56.7759
4106 56.7759
4107 56.7759
4108 56.7759
4109 56.7759
4110 56.7759
4111 56.7759
4112 56.7759
4113 56.7759
4114 56.7759
4115 56.7759
4116 56.7759
4117 56.7759
4118 56.7759
4119 56.7759
4120 56.7759
4121 56.7759
4122 56.7759
4123 56.7759
4124 56.7759
4125 56.7759
4126 56.7759
4127 56.7759
4128 56.7759
4129 56.7759
4130 56.7759
4131 56.7759
4132 56.7759
4133 56.7759
4134 56.7759
4135 56.7759
4136 56.7759
4137 56.7759
4138 56.7759
4139 56.7759
4140 56.7759
4141 56.7759
4142 56.7759
4143 56.7759
4144 56.7759
4145 56.7759
4146 56.7759
4147 56.7759
4148 56.7759
4149 56.7751
4150 56.5624
4151 56.3489
4152 56.3489
4153 56.3489
4154 56.3489
4155 56.3489
4156 56.3489
4157 56.3489
4158 56.3489
4159 56.3489
4160 56.3489
4161 56.3489
4162 56.3489
4163 56.3489
4164 56.3489
4165 56.3489
4166 56.3489
4167 56.3489
4168 56.3489
4169 56.3489
4170 56.3489
4171 56.3489
4172 56.3489
4173 56.3489
4174 56.3489
4175 56.3489
4176 56.3489
4177 56.3489
4178 56.3489
4179 56.3489
4180 56.3489
4181 56.3489
4182 56.3489
4183 56.3489
4184 56.3489
4185 56.3489
4186 56.3489
4187 56.3489
4188 56.3489
4189 56.3489
4190 56.3489
4191 56.3489
4192 56.3489
4193 56.3489
4194 56.3489
4195 56.3489
4196 56.3489
4197 56.3489
4198 56.3489
4199 56.3489
4200 56.3489
4201 56.3489
4202 56.3489
4203 56.3489
4204 56.3489
4205 56.3489
4206 56.3465
4207 55.9218
4208 55.7289
4209 55.7289
4210 55.7289
4211 55.7289
4212 55.7289
4213 55.7289
4214 55.7289
4215 55.7289
4216 55.7281
4217 55.5278
4218 55.3481
4219 55.3481
4220 55.3481
4221 55.3481
4222 55.3481
4223 55.3481
4224 55.3481
4225 55.3481
4226 55.3481
4227 55.3481
4228 55.3481
4229 55.3481
4230 55.3481
4231 55.3481
4232 55.3481
4233 55.3481
4234 55.3481
4235 55.3481
4236 55.3481
4237 55.3481
4238 55.3481
4239 55.3481
4240 55.3481
4241 55.3481
4242 55.3481
4243 55.3481
4244 55.3481
4245 55.3481
4246 55.3481
4247 55.3481
4248 55.3481
4249 55.3481
4250 55.3481
4251 55.3481
4252 55.3481
4253 55.3481
4254 55.3481
4255 55.3481
4256 55.3481
4257 55.3481
4258 55.3481
4259 55.3481
4260 55.3481
4261 55.3481
4262 55.3481
4263 55.3481
4264 55.3481
4265 55.3481
4266 55.3481
4267 55.3481
4268 55.3481
4269 55.3481
4270 55.3481
4271 55.3481
4272 55.3481
4273 55.3481
4274 55.3481
4275 55.3481
4276 55.3481
4277 55.3481
4278 55.3481
4279 55.3481
4280 55.3481
4281 55.3481
4282 55.3481
4283 55.3481
4284 55.3481
4285 55.3481
4286 55.3481
4287 55.3481
4288 55.3481
4289 55.3481
4290 55.3481
4291 55.3481
4292 55.3481
4293 55.3481
4294 55.3481
4295 55.3481
4296 55.3481
4297 55.3481
4298 55.3481
4299 55.3481
4300 55.3481
4301 55.3481
4302 55.3481
4303 55.3481
4304 55.3481
4305 55.3481
4306 55.3481
4307 55.3481
4308 55.3481
4309 55.3481
4310 55.3481
4311 55.3481
4312 55.3481
4313 55.3481
4314 55.3481
4315 55.3481
4316 55.3481
4317 55.3481
4318 55.3481
4319 55.3481
4320 55.3466
4321 55.0532
4322 54.6288
4323 54.6288
4324 54.6288
4325 54.6288
4326 54.6288
4327 54.6288
4328 54.6288
4329 54.6288
4330 54.6288
4331 54.6288
4332 54.6288
4333 54.6288
4334 54.6288
4335 54.6288
4336 54.6288
4337 54.6288
4338 54.6288
4339 54.6288
4340 54.6288
4341 54.6288
4342 54.6288
4343 54.6288
4344 54.6288
4345 54.6288
4346 54.6288
4347 54.6288
4348 54.6288
4349 54.6288
4350 54.6288
4351 54.6288
4352 54.6288
4353 54.6288
4354 54.6288
4355 54.6288
4356 54.6288
4357 54.6288
4358 54.6288
4359 54.6288
4360 54.6288
4361 54.6288
4362 54.6288
4363 54.6288
4364 54.6288
4365 54.6288
4366 54.6288
4367 54.6288
4368 54.6288
4369 54.6288
4370 54.6288
4371 54.6288
4372 54.6288
4373 54.6288
4374 54.6288
4375 54.6288
4376 54.6288
4377 54.6288
4378 54.6288
4379 54.6288
4380 54.6288
4381 54.6288
4382 54.6288
4383 54.6288
4384 54.6288
4385 54.6288
4386 54.6288
4387 54.6288
4388 54.6288
4389 54.6288
4390 54.6288
4391 54.6288
4392 54.6288
4393 54.6288
4394 54.6288
4395 54.6288
4396 54.6288
4397 54.6288
4398 54.6288
4399 54.6288
4400 54.6288
4401 54.6288
4402 54.6288
4403 54.6288
4404 54.6288
4405 54.6288
4406 54.6288
4407 54.6288
4408 54.6288
4409 54.6288
4410 54.6288
4411 54.6288
4412 54.6288
4413 54.6288
4414 54.6288
4415 54.6288
4416 54.6288
4417 54.6288
4418 54.6288
4419 54.6288
4420 54.6288
4421 54.6288
4422 54.6288
4423 54.6288
4424 54.6288
4425 54.6288
4426 54.6288
4427 54.6288
4428 54.6288
4429 54.6288
4430 54.6288
4431 54.6288
4432 54.6288
4433 54.6288
4434 54.6288
4435 54.6288
4436 54.6288
4437 54.6288
4438 54.6288
4439 54.6288
4440 54.6288
4441 54.6288
4442 54.6288
4443 54.6288
4444 54.6288
4445 54.6288
4446 54.6288
4447 54.6288
4448 54.6288
4449 54.6288
4450 54.6288
4451 54.6288
4452 54.6288
4453 54.6288
4454 54.6288
4455 54.6288
4456 54.6288
4457 54.6288
4458 54.6288
4459 54.6288
4460 54.6288
4461 54.6288
4462 54.6288
4463 54.6288
4464 54.6288
4465 54.6288
4466 54.6288
4467 54.6288
4468 54.6288
4469 54.6288
4470 54.6288
4471 54.6288
4472 54.6288
4473 54.6288
4474 54.6288
4475 54.6288
4476 54.6288
4477 54.6288
4478 54.6288
4479 54.6288
4480 54.6288
4481 54.6288
4482 54.6288
4483 54.6288
4484 54.6288
4485 54.6288
4486 54.6288
4487 54.6288
4488 54.6288
4489 54.6288
4490 54.6288
4491 54.6288
4492 54.6288
4493 54.6288
4494 54.6288
4495 54.6288
4496 54.6288
4497 54.6288
4498 54.6288
4499 54.6288
4500 54.6288
4501 54.6288
4502 54.6288
4503 54.6288
4504 54.6288
4505 54.6288
4506 54.6288
4507 54.6288
4508 54.6288
4509 54.6288
4510 54.6288
4511 54.6288
4512 54.6288
4513 54.6288
4514 54.6288
4515 54.6288
4516 54.6288
4517 54.6288
4518 54.6288
4519 54.6288
4520 54.6288
4521 54.6288
4522 54.6288
4523 54.6288
4524 54.6288
4525 54.6288
4526 54.6288
4527 54.6288
4528 54.6288
4529 54.6288
4530 54.6288
4531 54.6288
4532 54.6288
4533 54.6288
4534 54.6288
4535 54.6288
4536 54.6288
4537 54.6288
4538 54.6288
4539 54.6288
4540 54.6288
4541 54.6288
4542 54.6288
4543 54.6288
4544 54.6288
4545 54.6288
4546 54.6288
4547 54.6288
4548 54.6288
4549 54.6288
4550 54.6288
4551 54.5921
4552 54.5751
4553 54.5751
4554 54.5751
4555 54.5751
4556 54.5751
4557 54.5751
4558 54.5751
4559 54.5751
4560 54.5751
4561 54.5751
4562 54.5751
4563 54.5751
4564 54.5751
4565 54.5751
4566 54.5751
4567 54.5751
4568 54.5751
4569 54.5751
4570 54.5751
4571 54.5751
4572 54.5751
4573 54.5751
4574 54.5751
4575 54.5751
4576 54.5751
4577 54.5751
4578 54.5751
4579 54.5751
4580 54.5751
4581 54.5751
4582 54.5751
4583 54.5751
4584 54.5751
4585 54.5751
4586 54.5751
4587 54.5751
4588 54.5751
4589 54.5751
4590 54.5751
4591 54.5751
4592 54.5751
4593 54.5751
4594 54.5751
4595 54.5751
4596 54.5751
4597 54.5751
4598 54.5751
4599 54.5751
4600 54.5751
4601 54.5751
4602 54.5751
4603 54.5751
4604 54.5751
4605 54.5751
4606 54.5751
4607 54.5751
4608 54.5751
4609 54.5751
4610 54.5751
4611 54.5751
4612 54.5751
4613 54.5751
4614 54.5751
4615 54.5751
4616 54.5751
4617 54.5751
4618 54.5751
4619 54.5751
4620 54.5751
4621 54.5751
4622 54.5751
4623 54.5751
4624 54.5751
4625 54.5751
4626 54.5751
4627 54.5751
4628 54.5751
4629 54.5751
4630 54.5751
4631 54.5751
4632 54.5751
4633 54.5751
4634 54.5751
4635 54.5751
4636 54.5751
4637 54.5751
4638 54.5751
4639 54.5751
4640 54.5751
4641 54.5751
4642 54.5751
4643 54.5751
4644 54.5751
4645 54.5751
4646 54.5751
4647 54.5751
4648 54.5751
4649 54.5751
4650 54.5751
4651 54.4336
4652 54.2864
4653 54.2864
4654 54.2864
4655 54.2864
4656 54.2864
4657 54.2864
4658 54.2864
4659 54.2864
4660 54.2864
4661 54.2864
4662 54.2864
4663 54.2864
4664 54.2864
4665 54.2864
4666 54.2864
4667 54.2864
4668 54.2864
4669 54.2864
4670 54.2864
4671 54.2864
4672 54.2864
4673 54.2864
4674 54.2864
4675 54.2864
4676 54.2864
4677 54.2864
4678 54.2864
4679 54.2864
4680 54.2864
4681 54.2864
4682 54.2864
4683 54.2864
4684 54.2864
4685 54.2864
4686 54.2864
4687 54.2864
4688 54.2864
4689 54.2864
4690 54.2864
4691 54.2864
4692 54.2864
4693 54.2864
4694 54.2864
4695 54.2864
4696 54.2864
4697 54.2864
4698 54.2864
4699 54.2864
4700 54.2864
4701 54.2864
4702 54.2864
4703 54.2864
4704 54.2864
4705 54.2864
4706 54.2864
4707 54.2864
4708 54.2864
4709 54.2864
4710 54.2864
4711 54.2864
4712 54.2864
4713 54.2864
4714 54.2864
4715 54.2864
4716 54.2864
4717 54.2864
4718 54.2864
4719 54.2864
4720 54.2864
4721 54.2864
4722 54.2864
4723 54.2864
4724 54.2864
4725 54.2864
4726 54.2864
4727 54.2864
4728 54.2864
4729 54.2864
4730 54.2864
4731 54.2864
4732 54.2864
4733 54.2864
4734 54.2864
4735 54.2864
4736 54.2864
4737 54.2864
4738 54.2864
4739 54.2864
4740 54.2864
4741 54.2864
4742 54.2864
4743 54.2864
4744 54.2864
4745 54.2864
4746 54.2864
4747 54.2864
4748 54.2864
4749 54.2864
4750 54.2864
4751 54.2864
4752 54.2864
4753 54.2864
4754 54.2864
4755 54.2864
4756 54.2864
4757 54.2864
4758 54.2864
4759 54.2864
4760 54.2864
4761 54.2864
4762 54.2864
4763 54.2864
4764 54.2864
4765 54.2864
4766 54.2864
4767 54.2864
4768 54.2864
4769 54.2864
4770 54.2864
4771 54.2864
4772 54.2864
4773 54.2864
4774 54.2864
4775 54.2864
4776 54.2864
4777 54.2864
4778 54.2864
4779 54.2864
4780 54.2864
4781 54.2864
4782 54.2864
4783 54.2864
4784 54.2864
4785 54.2864
4786 54.2864
4787 54.2864
4788 54.2864
4789 54.2864
4790 54.2864
4791 54.2864
4792 54.2864
4793 54.2864
4794 54.2864
4795 54.2864
4796 54.2864
4797 54.2864
4798 54.2864
4799 54.2864
4800 54.2864
4801 54.2864
4802 54.2864
4803 54.2864
4804 54.2864
4805 54.2864
4806 54.2864
4807 54.2864
4808 54.2864
4809 54.2864
4810 54.2864
4811 54.2864
4812 54.2864
4813 54.2864
4814 54.2864
4815 54.2864
4816 54.2864
4817 54.2864
4818 54.2864
4819 54.2864
4820 54.2864
4821 54.2864
4822 54.2864
4823 54.2864
4824 54.2864
4825 54.2864
4826 54.2864
4827 54.2864
4828 54.2864
4829 54.2864
4830 54.2864
4831 54.2864
4832 54.2864
4833 54.2864
4834 54.2864
4835 54.2864
4836 54.2864
4837 54.2864
4838 54.2864
4839 54.2864
4840 54.2864
4841 54.2864
4842 54.2864
4843 54.2864
4844 54.2864
4845 54.2864
4846 54.2864
4847 54.2864
4848 54.2864
4849 54.2864
4850 54.2864
4851 54.2864
4852 54.2864
4853 54.2864
4854 54.2864
4855 54.2864
4856 54.2864
4857 54.2864
4858 54.2864
4859 54.2864
4860 54.2864
4861 54.2864
4862 54.2864
4863 54.2864
4864 54.2864
4865 54.2864
4866 54.2864
4867 54.2864
4868 54.2864
4869 54.2864
4870 54.2864
4871 54.2864
4872 54.2864
4873 54.2864
4874 54.2864
4875 54.2864
4876 54.2864
4877 54.2864
4878 54.2864
4879 54.2864
4880 54.2864
4881 54.2864
4882 54.2864
4883 54.2864
4884 54.2864
4885 54.2864
4886 54.2864
4887 54.2864
4888 54.2864
4889 54.2864
4890 54.2864
4891 54.2864
4892 54.2864
4893 54.2864
4894 54.2864
4895 54.2864
4896 54.2864
4897 54.2864
4898 54.2864
4899 54.2864
4900 54.2864
4901 54.2864
4902 54.2864
4903 54.2864
4904 54.2864
4905 54.2864
4906 54.2864
4907 54.2864
4908 54.2864
4909 54.2864
4910 54.2864
4911 54.2864
4912 54.2864
4913 54.2864
4914 54.2864
4915 54.2864
4916 54.2864
4917 54.2864
4918 54.2864
4919 54.2864
4920 54.2864
4921 54.2864
4922 54.2864
4923 54.2864
4924 54.2864
4925 54.2864
4926 54.2864
4927 54.2864
4928 54.2864
4929 54.2864
4930 54.2864
4931 54.2864
4932 54.2864
4933 54.2864
4934 54.2864
4935 54.2864
4936 54.2864
4937 54.2864
4938 54.2864
4939 54.2864
4940 54.2864
4941 54.2864
4942 54.2864
4943 54.2864
4944 54.2864
4945 54.2864
4946 54.2864
4947 54.2864
4948 54.2864
4949 54.2864
4950 54.2864
4951 54.2864
4952 54.2864
4953 54.2864
4954 54.2864
4955 54.2864
4956 54.2864
4957 54.2864
4958 54.2864
4959 54.2864
4960 54.2864
4961 54.2864
4962 54.2864
4963 54.2864
4964 54.2864
4965 54.2864
4966 54.2864
4967 54.2864
4968 54.2864
4969 54.2864
4970 54.2864
4971 54.2864
4972 54.2864
4973 54.2864
4974 54.2864
4975 54.2864
4976 54.2864
4977 54.2864
4978 54.2864
4979 54.2864
4980 54.2864
4981 54.2864
4982 54.2864
4983 54.2864
4984 54.2864
4985 54.2864
4986 54.2864
4987 54.2864
4988 54.2864
4989 54.2864
4990 54.2864
4991 54.2864
4992 54.2864
4993 54.2864
4994 54.2864
4995 54.2864
4996 54.2864
4997 54.2864
4998 54.2864
4999 54.2864
