0 2077.47
1 2032.95
2 1939.36
3 1912.09
4 1839.8
5 1765.69
6 1710.27
7 1638.45
8 1593.38
9 1562.09
10 1467.03
11 1399.54
12 1263.24
13 1210.88
14 1171.09
15 1136.75
16 1113.68
17 1074.31
18 1046.76
19 1018.91
20 990.432
21 972.857
22 948.209
23 928.479
24 919.332
25 877.995
26 859.918
27 824.082
28 785.343
29 767.783
30 764.752
31 749.946
32 743.592
33 742.137
34 736.904
35 727.369
36 703.578
37 694.046
38 679.886
39 645.919
40 635.009
41 595.608
42 582.517
43 560.677
44 542.053
45 528.66
46 521.977
47 511.175
48 495.608
49 490.523
50 476.941
51 475.603
52 474.309
53 471.505
54 463.357
55 462.309
56 451.478
57 446.17
58 442.045
59 434.287
60 431.096
61 423.181
62 422.344
63 414.586
64 411.73
65 397.792
66 397.389
67 383.451
68 383.451
69 383.451
70 376.274
71 372.087
72 365.794
73 365.794
74 360.967
75 358.159
76 339.32
77 331.685
78 331.685
79 327.808
80 326.091
81 321.08
82 311.875
83 308.91
84 307.913
85 304.857
86 301.008
87 297.419
88 294.915
89 294.915
90 293.446
91 293.078
92 293.078
93 291.973
94 291.973
95 291.973
96 291.973
97 288.593
98 288.593
99 286.888
100 283.412
101 230.904
102 229.15
103 227.997
104 225.719
105 217.859
106 217.859
107 217.859
108 217.859
109 217.859
110 203.754
111 200.536
112 199.399
113 199.399
114 196.622
115 196.013
116 190.462
117 186.419
118 184.38
119 184.38
120 182.906
121 182.661
122 178.43
123 178.43
124 175.501
125 175.501
126 175.501
127 175.138
128 174.206
129 174.206
130 173.889
131 173.889
132 173.889
133 173.37
134 171.965
135 170.872
136 170.809
137 168.818
138 168.755
139 167.444
140 167.381
141 167.182
142 165.788
143 164.628
144 164.518
145 164.518
146 164.518
147 164.518
148 164.518
149 164.518
150 164.518
151 159.226
152 159.226
153 159.226
154 158.519
155 158.009
156 158.009
157 158.009
158 154.476
159 150.441
160 150.441
161 150.441
162 150.441
163 150.441
164 150.441
165 150.441
166 150.441
167 150.441
168 147.017
169 147.017
170 147.017
171 147.017
172 147.017
173 147.017
174 147.017
175 145.132
176 144.607
177 144.607
178 144.607
179 144.054
180 142.384
181 140.526
182 139.901
183 139.901
184 139.45
185 139.45
186 138.705
187 137.765
188 137.765
189 137.765
190 137.765
191 137.765
192 136.809
193 136.809
194 133.2
195 133.2
196 133.2
197 131.641
198 131.265
199 131.265
200 131.265
201 116.454
202 115.281
203 113.106
204 113.106
205 113.106
206 113.106
207 113.106
208 113.106
209 113.106
210 110.552
211 109.865
212 107.311
213 107.311
214 107.311
215 107.311
216 107.311
217 107.311
218 106.18
219 106.18
220 105.948
221 105.79
222 105.79
223 105.79
224 105.79
225 105.79
226 105.79
227 105.79
228 104.63
229 104.01
230 104.01
231 104.01
232 103.898
233 102.989
234 102.989
235 102.989
236 102.989
237 101.935
238 101.178
239 101.178
240 99.6534
241 98.924
242 98.3487
243 98.3487
244 98.3487
245 98.3487
246 98.3487
247 98.3487
248 98.3487
249 98.3487
250 98.3487
251 93.5579
252 92.2
253 92.2
254 92.2
255 92.2
256 92.2
257 92.2
258 92.2
259 91.7363
260 91.7363
261 91.7363
262 91.7363
263 91.7363
264 91.5397
265 91.394
266 91.1974
267 91.1974
268 89.2302
269 89.2302
270 89.2302
271 89.2302
272 89.2302
273 89.2302
274 89.2302
275 89.2302
276 89.0889
277 89.0889
278 89.0889
279 89.0889
280 89.0889
281 89.0889
282 89.0889
283 89.0889
284 89.0889
285 89.0889
286 89.0889
287 89.0889
288 89.0889
289 89.0889
290 89.0889
291 89.0889
292 89.0889
293 89.0889
294 89.0889
295 89.0889
296 89.0889
297 89.0889
298 89.0889
299 89.0889
300 89.0889
301 86.447
302 85.8995
303 85.8995
304 85.8995
305 85.8995
306 85.8995
307 85.8995
308 85.8995
309 85.8995
310 85.8995
311 85.8995
312 85.8995
313 85.8995
314 85.8995
315 85.8995
316 85.8995
317 85.8995
318 85.8995
319 85.8995
320 85.8995
321 85.8995
322 85.8995
323 85.8995
324 85.8995
325 85.8995
326 85.8995
327 85.8995
328 85.8995
329 85.8995
330 85.8995
331 85.8995
332 85.8995
333 85.8995
334 85.8995
335 85.8995
336 85.8995
337 85.8995
338 85.8995
339 85.8995
340 85.8995
341 85.8995
342 85.8995
343 85.8995
344 85.8995
345 85.8995
346 85.8995
347 85.8995
348 85.8995
349 85.8995
350 85.8995
351 85.8995
352 85.8995
353 85.8995
354 85.8995
355 85.8995
356 85.8995
357 85.8995
358 85.8995
359 85.8995
360 85.8995
361 85.8995
362 85.8995
363 85.8995
364 85.8995
365 85.8995
366 85.8995
367 85.8995
368 85.8995
369 85.8995
370 85.8995
371 85.8995
372 85.8995
373 85.8995
374 85.8995
375 85.8995
376 85.8995
377 85.8995
378 85.8995
379 85.8995
380 85.8995
381 85.8995
382 85.8995
383 85.8995
384 85.8995
385 85.8995
386 85.8995
387 85.8995
388 85.8995
389 85.8995
390 85.8995
391 85.8995
392 85.8995
393 85.8995
394 85.8995
395 85.8995
396 85.8995
397 85.8995
398 85.8995
399 85.8995
400 85.8995
401 80.9993
402 80.9993
403 80.9993
404 80.9993
405 80.9993
406 80.8161
407 80.8161
408 80.8161
409 80.8161
410 80.4568
411 80.4568
412 80.4568
413 80.4568
414 80.4568
415 80.4568
416 80.4568
417 80.4568
418 80.4568
419 80.4568
420 80.4568
421 80.4568
422 80.4568
423 80.4568
424 80.4568
425 80.4568
426 80.4568
427 80.4568
428 80.4568
429 80.4568
430 80.4568
431 80.4568
432 80.4568
433 80.4568
434 80.4568
435 80.4568
436 80.4568
437 80.4568
438 80.4568
439 80.4568
440 80.4568
441 80.4568
442 80.4568
443 80.4568
444 80.4568
445 80.4568
446 80.4568
447 80.4568
448 80.4568
449 80.4568
450 80.3504
451 71.3595
452 71.3595
453 71.3595
454 71.3595
455 71.3595
456 71.3595
457 71.3595
458 71.3595
459 71.3595
460 71.3595
461 71.3595
462 71.3595
463 71.3595
464 71.3595
465 71.3595
466 71.3595
467 71.3595
468 71.3595
469 71.3595
470 71.3595
471 71.3595
472 71.3595
473 71.3595
474 71.3595
475 71.3595
476 71.3595
477 71.3595
478 71.3595
479 71.3595
480 71.3595
481 71.3595
482 71.3595
483 71.3595
484 71.3595
485 71.3595
486 71.3595
487 71.3595
488 71.3595
489 70.9554
490 70.9554
491 70.9554
492 70.9554
493 70.9554
494 70.9554
495 70.365
496 70.365
497 70.3484
498 70.3484
499 70.3484
500 70.3484
501 66.5467
502 66.4873
503 66.4289
504 66.4289
505 66.4289
506 66.4289
507 66.4289
508 66.4289
509 66.4289
510 66.4289
511 66.4289
512 66.4289
513 66.4289
514 66.4289
515 66.4289
516 66.4289
517 66.4289
518 66.4289
519 66.4289
520 66.4289
521 66.4289
522 66.4289
523 66.4289
524 66.4289
525 66.4289
526 66.4289
527 66.4289
528 66.4289
529 66.4289
530 66.4289
531 66.4289
532 66.4289
533 66.4289
534 66.4289
535 66.4289
536 66.4289
537 66.4289
538 66.4289
539 66.4289
540 66.4289
541 66.4289
542 66.4289
543 66.4289
544 66.4289
545 66.4289
546 66.4289
547 66.4289
548 66.4289
549 66.4289
550 66.4289
551 66.4289
552 66.4289
553 66.4289
554 66.3957
555 66.3957
556 66.3957
557 66.3957
558 66.3957
559 66.3957
560 66.3957
561 66.3957
562 66.3957
563 66.3957
564 66.3957
565 66.3957
566 66.3957
567 66.3957
568 66.3957
569 66.3957
570 66.3957
571 66.3957
572 66.3957
573 66.3957
574 66.3957
575 66.3957
576 66.3957
577 66.3957
578 66.3957
579 66.3957
580 66.3957
581 66.3957
582 66.3957
583 66.3957
584 66.3957
585 66.3957
586 66.3957
587 66.3957
588 66.3957
589 66.2838
590 66.2838
591 66.2838
592 66.2838
593 66.2838
594 66.2838
595 66.2838
596 66.2838
597 66.2838
598 66.2838
599 66.2838
600 66.2838
601 65.7461
602 65.7461
603 65.7461
604 65.7461
605 65.7461
606 65.7461
607 65.7461
608 65.7461
609 65.7461
610 65.7461
611 65.7461
612 65.7461
613 65.7461
614 65.7461
615 65.7461
616 65.7461
617 65.7461
618 65.7461
619 65.7461
620 65.7461
621 65.7461
622 65.7461
623 65.7461
624 65.7461
625 65.7461
626 65.7461
627 65.7461
628 65.7461
629 65.7461
630 65.7461
631 65.7461
632 65.7461
633 65.7461
634 65.7461
635 65.7461
636 65.7461
637 65.7461
638 65.7461
639 65.7461
640 65.7461
641 65.7461
642 65.3274
643 65.3274
644 65.3274
645 65.3274
646 65.3274
647 65.3274
648 65.3274
649 65.3274
650 65.3274
651 62.9418
652 62.9418
653 62.9418
654 62.9418
655 62.9418
656 62.9418
657 62.9418
658 62.9418
659 62.9418
660 62.9418
661 62.9418
662 62.9418
663 62.9418
664 62.9418
665 62.9418
666 62.9418
667 62.9418
668 62.9418
669 62.9418
670 62.9418
671 62.9418
672 62.9418
673 62.9418
674 62.9418
675 62.7796
676 62.7796
677 62.7796
678 62.7796
679 62.7796
680 62.7796
681 62.7796
682 62.7796
683 62.7796
684 62.7796
685 62.7796
686 62.7796
687 62.7796
688 62.7796
689 62.7796
690 62.7796
691 62.7796
692 62.7796
693 62.7796
694 62.7796
695 62.7796
696 62.7796
697 62.7796
698 62.7796
699 62.7796
700 62.7796
701 62.7796
702 62.7796
703 62.7796
704 62.7796
705 62.7796
706 62.7796
707 62.7796
708 62.7796
709 62.7796
710 62.7796
711 62.7796
712 62.7796
713 62.7796
714 62.7796
715 62.7796
716 62.7796
717 62.7796
718 62.7796
719 62.7796
720 62.7796
721 62.7796
722 62.7796
723 62.7796
724 62.7796
725 62.7796
726 62.7796
727 62.7796
728 62.7796
729 62.7796
730 62.7796
731 62.7796
732 62.7796
733 62.7796
734 62.7796
735 62.7796
736 62.7796
737 62.7796
738 62.7796
739 62.7796
740 62.7796
741 62.7796
742 62.7796
743 62.7796
744 62.7796
745 62.7796
746 62.7796
747 62.7796
748 62.7796
749 62.7796
750 62.7796
751 62.6032
752 62.6032
753 62.6032
754 62.6032
755 62.6032
756 62.6032
757 62.6032
758 62.6032
759 62.6032
760 62.6032
761 62.6032
762 62.6032
763 62.6032
764 62.6032
765 62.6032
766 62.6032
767 62.6032
768 62.6032
769 62.6032
770 62.6032
771 62.6032
772 62.6032
773 62.6032
774 62.6032
775 62.6032
776 62.6032
777 62.6032
778 62.6032
779 62.6032
780 62.6032
781 62.6032
782 62.6032
783 62.6032
784 62.6032
785 62.6032
786 62.6032
787 62.6032
788 62.6032
789 62.6032
790 62.6032
791 62.6032
792 62.6032
793 62.6032
794 62.6032
795 62.6032
796 62.6032
797 62.6032
798 62.6032
799 62.6032
800 62.6032
801 62.6032
802 62.6032
803 62.6032
804 62.6032
805 62.6032
806 62.6032
807 62.6032
808 62.6032
809 62.6032
810 62.6032
811 62.6032
812 62.6032
813 62.6032
814 62.6032
815 62.6032
816 62.6032
817 62.6032
818 62.6032
819 62.6032
820 62.6032
821 62.6032
822 62.6032
823 62.6032
824 62.6032
825 62.6032
826 62.6032
827 62.6032
828 62.6032
829 62.6032
830 62.6032
831 62.6032
832 62.6032
833 62.6032
834 62.6032
835 62.6032
836 62.6032
837 62.6032
838 62.6032
839 62.6032
840 62.6032
841 62.6032
842 62.6032
843 62.6032
844 62.6032
845 62.6032
846 62.6032
847 62.6032
848 62.6032
849 62.6032
850 62.6032
851 62.2816
852 62.2816
853 62.2816
854 62.2816
855 62.2816
856 62.2816
857 62.2816
858 62.2816
859 62.2816
860 62.2816
861 62.2816
862 62.2816
863 62.2816
864 62.2816
865 62.2816
866 62.2816
867 62.2816
868 62.2816
869 62.2816
870 62.2816
871 62.2816
872 62.2816
873 62.2816
874 62.2816
875 62.2816
876 62.2816
877 62.2816
878 62.2816
879 62.2816
880 62.2816
881 62.2816
882 62.2816
883 62.2816
884 62.2816
885 62.2816
886 62.2816
887 62.2816
888 62.2816
889 62.2816
890 62.2816
891 62.2816
892 62.2816
893 62.2816
894 62.2816
895 62.2816
896 62.2816
897 62.2816
898 62.2816
899 62.2816
900 62.2816
901 61.977
902 61.977
903 61.977
904 61.977
905 61.977
906 61.977
907 61.977
908 61.977
909 61.977
910 61.977
911 61.977
912 61.977
913 61.977
914 61.977
915 61.977
916 61.977
917 61.977
918 61.977
919 61.977
920 61.977
921 61.977
922 61.977
923 61.977
924 61.977
925 61.977
926 61.977
927 61.977
928 61.977
929 61.977
930 61.977
931 61.977
932 61.977
933 61.977
934 61.977
935 61.977
936 61.977
937 61.977
938 61.6882
939 61.6882
940 61.6882
941 61.6882
942 61.6882
943 61.6882
944 61.6882
945 61.6882
946 61.6882
947 61.6882
948 61.6882
949 61.6882
950 61.6882
951 59.9074
952 59.9074
953 59.9074
954 59.9074
955 59.9074
956 59.9074
957 59.9074
958 59.9074
959 59.9074
960 59.9074
961 59.9074
962 59.9074
963 59.9074
964 59.9074
965 59.9074
966 59.9074
967 59.9074
968 59.9074
969 59.9074
970 59.9074
971 59.9074
972 59.9074
973 59.9074
974 59.9074
975 59.9074
976 59.9074
977 59.9074
978 59.9074
979 59.9074
980 59.9074
981 59.9074
982 59.9074
983 59.9074
984 59.9074
985 59.9074
986 59.9074
987 59.9074
988 59.9074
989 59.9074
990 59.9074
991 59.9074
992 59.9074
993 59.9074
994 59.9074
995 59.9074
996 59.9074
997 59.9074
998 59.9074
999 59.9074
1000 59.9074
1001 59.5869
1002 59.5869
1003 59.5869
1004 59.5869
1005 59.5869
1006 59.5869
1007 59.5869
1008 59.5869
1009 59.5869
1010 59.5869
1011 59.5869
1012 59.5869
1013 59.572
1014 59.454
1015 59.454
1016 59.454
1017 59.454
1018 59.454
1019 59.454
1020 59.454
1021 59.454
1022 59.454
1023 59.454
1024 59.454
1025 59.454
1026 59.454
1027 59.454
1028 59.454
1029 59.454
1030 59.454
1031 59.454
1032 59.454
1033 59.454
1034 59.454
1035 59.454
1036 59.454
1037 59.454
1038 59.454
1039 59.454
1040 59.454
1041 59.454
1042 59.454
1043 59.454
1044 59.454
1045 59.454
1046 59.454
1047 59.454
1048 59.454
1049 59.454
1050 59.454
1051 59.454
1052 59.454
1053 59.454
1054 59.454
1055 59.454
1056 59.454
1057 59.454
1058 59.454
1059 59.454
1060 59.454
1061 59.454
1062 59.454
1063 59.454
1064 59.454
1065 59.454
1066 59.454
1067 59.454
1068 59.454
1069 59.454
1070 59.454
1071 59.454
1072 59.454
1073 59.454
1074 59.454
1075 59.454
1076 59.454
1077 59.454
1078 59.454
1079 59.454
1080 59.454
1081 59.454
1082 59.454
1083 59.454
1084 59.454
1085 59.454
1086 59.454
1087 59.454
1088 59.454
1089 59.454
1090 59.454
1091 59.454
1092 59.454
1093 59.454
1094 59.454
1095 59.454
1096 59.454
1097 59.454
1098 59.454
1099 59.454
1100 59.454
1101 59.454
1102 59.454
1103 59.454
1104 59.454
1105 59.454
1106 59.454
1107 59.454
1108 59.454
1109 59.454
1110 59.454
1111 59.454
1112 59.454
1113 59.454
1114 59.454
1115 59.454
1116 59.454
1117 59.454
1118 59.454
1119 59.454
1120 59.454
1121 59.454
1122 59.454
1123 59.454
1124 59.454
1125 59.454
1126 59.454
1127 59.454
1128 59.454
1129 59.454
1130 59.454
1131 59.454
1132 59.454
1133 59.454
1134 59.454
1135 59.454
1136 59.454
1137 59.454
1138 59.454
1139 59.454
1140 59.454
1141 59.454
1142 59.454
1143 59.454
1144 59.454
1145 59.454
1146 59.454
1147 59.454
1148 59.454
1149 59.454
1150 59.454
1151 59.017
1152 59.017
1153 59.017
1154 59.017
1155 59.017
1156 59.017
1157 59.017
1158 59.017
1159 59.017
1160 59.017
1161 59.017
1162 59.017
1163 59.017
1164 59.017
1165 59.017
1166 59.017
1167 59.017
1168 59.017
1169 59.017
1170 59.017
1171 59.017
1172 59.017
1173 59.017
1174 59.017
1175 59.017
1176 59.017
1177 59.017
1178 59.017
1179 59.017
1180 59.017
1181 59.017
1182 59.017
1183 59.017
1184 59.017
1185 59.017
1186 59.017
1187 59.017
1188 59.017
1189 59.017
1190 59.017
1191 59.017
1192 59.017
1193 59.017
1194 59.017
1195 59.017
1196 59.017
1197 59.017
1198 59.017
1199 59.017
1200 59.017
1201 59.017
1202 59.017
1203 59.017
1204 59.017
1205 59.017
1206 59.017
1207 59.017
1208 59.017
1209 59.017
1210 59.017
1211 59.017
1212 59.017
1213 59.017
1214 59.017
1215 59.017
1216 59.017
1217 59.017
1218 59.017
1219 59.017
1220 59.017
1221 59.017
1222 59.017
1223 59.017
1224 59.017
1225 59.017
1226 59.017
1227 59.017
1228 59.017
1229 59.017
1230 59.017
1231 59.017
1232 59.017
1233 59.017
1234 59.017
1235 59.017
1236 59.017
1237 59.017
1238 59.017
1239 59.017
1240 59.017
1241 59.017
1242 59.017
1243 59.017
1244 59.017
1245 59.017
1246 59.017
1247 59.017
1248 59.017
1249 59.017
1250 59.017
1251 59.017
1252 59.017
1253 59.017
1254 59.017
1255 59.017
1256 59.017
1257 59.017
1258 59.017
1259 59.017
1260 59.017
1261 59.017
1262 59.017
1263 59.017
1264 59.017
1265 59.017
1266 59.017
1267 59.017
1268 59.017
1269 59.017
1270 59.017
1271 59.017
1272 59.017
1273 59.017
1274 59.017
1275 59.017
1276 59.017
1277 59.017
1278 59.017
1279 59.017
1280 59.017
1281 59.017
1282 59.017
1283 59.017
1284 59.017
1285 59.017
1286 59.017
1287 59.017
1288 59.017
1289 59.017
1290 59.017
1291 59.017
1292 59.017
1293 58.3194
1294 58.3194
1295 58.3194
1296 58.3194
1297 58.3194
1298 58.3194
1299 58.3194
1300 58.3194
1301 58.3194
1302 58.3194
1303 58.3194
1304 58.3194
1305 58.3194
1306 58.3194
1307 58.3194
1308 58.3194
1309 58.3194
1310 58.3194
1311 58.3194
1312 58.3194
1313 58.3194
1314 58.3194
1315 58.3194
1316 58.3194
1317 58.3194
1318 58.3194
1319 58.3194
1320 58.3194
1321 58.3194
1322 58.3194
1323 58.3194
1324 58.3194
1325 58.3194
1326 58.3194
1327 58.3194
1328 58.3194
1329 58.3194
1330 58.3194
1331 58.3194
1332 58.3194
1333 58.3194
1334 58.3194
1335 58.3194
1336 58.3194
1337 58.3194
1338 58.3194
1339 58.3194
1340 58.3194
1341 58.3194
1342 58.3194
1343 58.3194
1344 58.3194
1345 58.3194
1346 58.3194
1347 58.3194
1348 58.3194
1349 58.3194
1350 58.3194
1351 58.3194
1352 58.3194
1353 58.3194
1354 58.3194
1355 58.3194
1356 58.3194
1357 58.3194
1358 58.3194
1359 58.3194
1360 58.3194
1361 58.3194
1362 58.3194
1363 58.3194
1364 58.3194
1365 58.3194
1366 58.3194
1367 58.3194
1368 58.3194
1369 58.3194
1370 58.3194
1371 58.3194
1372 58.3194
1373 58.3194
1374 58.3194
1375 58.3194
1376 58.3194
1377 58.3194
1378 58.3194
1379 58.3194
1380 58.3194
1381 58.3194
1382 58.3194
1383 58.3194
1384 58.3194
1385 58.3194
1386 58.3194
1387 58.3194
1388 58.3194
1389 58.3194
1390 58.3194
1391 58.3194
1392 58.3194
1393 58.3194
1394 58.3194
1395 58.3194
1396 58.3194
1397 58.3194
1398 58.3194
1399 58.3194
1400 58.3194
1401 58.3194
1402 58.3194
1403 58.3194
1404 58.3194
1405 58.3194
1406 58.3194
1407 58.3194
1408 58.3194
1409 58.3194
1410 58.3194
1411 58.3194
1412 58.3194
1413 58.3194
1414 58.3194
1415 58.3194
1416 58.3194
1417 58.3194
1418 58.3194
1419 58.3194
1420 58.3194
1421 58.3194
1422 58.3194
1423 58.3194
1424 58.3194
1425 58.3194
1426 58.3194
1427 58.3194
1428 58.3194
1429 58.3194
1430 58.3194
1431 58.3194
1432 58.3194
1433 58.3194
1434 58.3194
1435 58.3194
1436 58.3194
1437 58.3194
1438 58.3194
1439 58.3194
1440 58.3194
1441 58.3194
1442 58.3194
1443 58.3194
1444 58.3194
1445 58.3194
1446 58.3194
1447 58.3194
1448 58.3194
1449 58.3194
1450 58.3194
1451 58.3169
1452 58.3169
1453 58.3169
1454 58.3169
1455 58.3169
1456 58.3169
1457 58.3169
1458 58.3169
1459 58.3169
1460 58.3169
1461 58.3169
1462 58.3169
1463 58.3169
1464 58.3169
1465 58.3169
1466 58.3169
1467 58.3169
1468 58.3169
1469 58.3169
1470 58.3169
1471 58.3169
1472 58.3169
1473 58.3169
1474 58.3169
1475 58.3169
1476 58.3169
1477 58.3169
1478 58.3169
1479 58.3169
1480 58.3169
1481 58.3169
1482 58.3169
1483 58.3169
1484 58.3169
1485 58.3169
1486 58.3169
1487 58.3169
1488 58.3169
1489 58.3169
1490 58.3169
1491 58.3169
1492 58.3169
1493 58.3169
1494 58.3169
1495 58.3169
1496 58.3169
1497 58.3169
1498 58.3169
1499 58.3169
1500 58.3169
1501 58.3169
1502 58.3169
1503 58.3169
1504 58.3169
1505 58.3169
1506 58.3169
1507 58.3169
1508 58.3169
1509 58.3169
1510 58.3169
1511 58.3169
1512 58.3169
1513 58.3169
1514 58.3169
1515 58.3169
1516 58.3169
1517 58.3169
1518 58.3169
1519 58.3169
1520 58.3169
1521 58.3169
1522 58.3169
1523 58.3169
1524 58.3169
1525 58.3169
1526 58.3169
1527 58.3169
1528 58.3169
1529 58.3169
1530 58.3169
1531 58.3169
1532 58.3169
1533 58.3169
1534 58.3169
1535 58.3169
1536 58.3169
1537 58.3169
1538 58.3169
1539 58.3169
1540 58.3169
1541 58.3169
1542 58.2939
1543 58.2939
1544 58.2939
1545 58.2939
1546 58.2939
1547 58.2939
1548 58.2939
1549 58.2939
1550 58.2939
1551 57.5758
1552 57.5758
1553 57.5758
1554 57.5758
1555 57.5758
1556 57.5758
1557 57.5758
1558 57.5758
1559 57.5758
1560 57.5758
1561 57.5758
1562 57.5758
1563 57.5758
1564 57.5758
1565 57.5758
1566 57.5758
1567 57.5758
1568 57.5758
1569 57.5758
1570 57.5758
1571 57.5758
1572 57.5758
1573 57.5758
1574 57.5758
1575 57.5758
1576 57.5758
1577 57.5758
1578 57.5758
1579 57.5758
1580 57.5758
1581 57.5758
1582 57.5758
1583 57.5758
1584 57.5758
1585 57.5758
1586 57.5758
1587 57.5758
1588 57.5758
1589 57.5758
1590 57.5758
1591 57.5758
1592 57.5758
1593 57.5758
1594 57.5758
1595 57.5758
1596 57.5758
1597 57.5758
1598 57.5758
1599 57.5758
1600 57.5758
1601 57.5758
1602 57.5758
1603 57.5758
1604 57.5758
1605 57.5758
1606 57.5758
1607 57.5758
1608 57.5758
1609 57.5758
1610 57.5758
1611 57.5758
1612 57.5758
1613 57.5758
1614 57.5758
1615 57.5758
1616 57.5758
1617 57.5758
1618 57.5262
1619 57.5262
1620 57.5262
1621 57.5262
1622 57.5262
1623 57.5262
1624 57.5262
1625 57.5262
1626 57.5262
1627 57.5262
1628 57.5262
1629 57.5262
1630 57.5262
1631 57.5262
1632 57.5262
1633 57.5262
1634 57.5262
1635 57.5262
1636 57.5262
1637 57.5262
1638 57.5262
1639 57.5262
1640 57.5262
1641 57.5262
1642 57.5262
1643 57.5262
1644 57.5262
1645 57.5262
1646 57.5262
1647 57.5262
1648 57.5262
1649 57.5262
1650 57.5262
1651 57.5262
1652 57.5262
1653 57.5262
1654 57.5262
1655 57.5262
1656 57.5262
1657 57.5262
1658 57.5262
1659 57.5262
1660 57.5262
1661 57.5262
1662 57.5262
1663 57.5262
1664 57.5262
1665 57.5262
1666 57.5262
1667 57.5262
1668 57.5262
1669 57.5262
1670 57.5262
1671 57.5262
1672 57.5262
1673 57.5262
1674 57.5262
1675 57.5262
1676 57.5262
1677 57.5262
1678 57.5262
1679 57.5262
1680 57.5262
1681 57.5262
1682 57.5262
1683 57.5262
1684 57.5262
1685 57.5262
1686 57.5262
1687 57.5262
1688 57.5262
1689 57.5262
1690 57.5262
1691 57.5262
1692 57.5262
1693 57.5262
1694 57.5262
1695 57.5262
1696 57.5262
1697 57.5262
1698 57.5262
1699 57.5262
1700 57.5262
1701 57.5262
1702 57.5262
1703 57.5262
1704 57.5262
1705 57.5262
1706 57.5262
1707 57.5262
1708 57.5262
1709 57.5262
1710 57.5262
1711 57.5262
1712 57.5262
1713 57.5262
1714 57.5262
1715 57.5262
1716 57.5262
1717 57.5262
1718 57.5262
1719 57.5262
1720 57.5262
1721 57.5262
1722 57.5262
1723 57.5262
1724 57.5262
1725 57.5262
1726 57.5262
1727 57.5262
1728 57.5262
1729 57.5262
1730 57.5262
1731 57.5262
1732 57.5262
1733 57.5262
1734 57.5262
1735 57.5262
1736 57.5262
1737 57.5262
1738 57.5262
1739 57.5262
1740 57.5262
1741 57.5262
1742 57.5262
1743 57.5262
1744 57.5262
1745 57.5262
1746 57.5262
1747 57.5262
1748 57.5262
1749 57.5262
1750 57.5262
1751 57.5262
1752 57.5262
1753 57.5262
1754 57.5262
1755 57.5262
1756 57.5262
1757 57.5262
1758 57.5262
1759 57.5262
1760 57.5262
1761 57.5262
1762 57.5262
1763 57.5262
1764 57.5262
1765 57.5262
1766 57.5262
1767 57.5262
1768 57.5262
1769 57.5262
1770 57.5262
1771 57.5262
1772 57.5262
1773 57.5262
1774 57.5262
1775 57.5262
1776 57.5262
1777 57.5262
1778 57.5262
1779 57.5262
1780 57.5262
1781 57.5262
1782 57.5262
1783 57.5262
1784 57.5262
1785 57.5262
1786 57.5262
1787 57.5262
1788 57.5262
1789 57.5262
1790 57.5262
1791 57.5262
1792 57.5262
1793 57.5262
1794 57.5262
1795 57.5262
1796 57.5262
1797 57.5262
1798 57.5262
1799 57.5262
1800 57.5262
1801 57.5262
1802 57.5262
1803 57.5262
1804 57.5262
1805 57.5262
1806 57.5262
1807 57.5262
1808 57.5262
1809 57.5262
1810 57.5262
1811 57.5262
1812 57.5262
1813 57.5262
1814 57.5262
1815 57.5262
1816 57.5262
1817 57.5262
1818 57.5262
1819 57.5262
1820 57.5262
1821 57.5262
1822 57.5262
1823 57.5262
1824 57.5262
1825 57.5262
1826 57.5262
1827 57.5262
1828 57.5262
1829 57.5262
1830 57.5262
1831 57.5262
1832 57.5262
1833 57.5262
1834 57.5262
1835 57.5262
1836 57.5262
1837 57.5262
1838 57.5262
1839 57.5262
1840 57.5262
1841 57.5262
1842 57.5262
1843 57.5262
1844 57.5262
1845 57.5262
1846 57.5262
1847 57.5262
1848 57.5262
1849 57.5262
1850 57.5262
1851 57.5262
1852 57.5262
1853 57.5262
1854 57.5262
1855 57.5262
1856 57.5262
1857 57.5262
1858 57.5262
1859 57.5262
1860 57.5262
1861 57.5262
1862 57.5262
1863 57.5262
1864 57.5262
1865 57.5262
1866 57.5262
1867 57.5262
1868 57.5262
1869 57.5262
1870 57.5262
1871 57.5262
1872 57.5262
1873 57.5262
1874 57.5262
1875 57.5262
1876 57.5262
1877 57.5262
1878 57.5262
1879 57.5262
1880 57.5262
1881 57.5262
1882 57.5262
1883 57.5262
1884 57.5262
1885 57.5262
1886 57.5262
1887 57.5262
1888 57.5262
1889 57.5262
1890 57.5262
1891 57.5262
1892 57.5262
1893 57.5262
1894 57.5262
1895 57.5262
1896 57.5262
1897 57.5262
1898 57.5262
1899 57.5262
1900 57.5262
1901 57.5262
1902 57.5262
1903 57.5262
1904 57.5262
1905 57.5262
1906 57.5262
1907 57.5262
1908 57.5262
1909 57.5262
1910 57.5262
1911 57.5262
1912 57.5262
1913 57.5262
1914 57.5262
1915 57.5262
1916 57.5262
1917 57.5262
1918 57.5262
1919 57.5262
1920 57.5262
1921 57.5262
1922 57.5262
1923 57.5262
1924 57.5262
1925 57.5262
1926 57.5262
1927 57.5262
1928 57.5262
1929 57.5262
1930 57.5262
1931 57.5262
1932 57.5262
1933 57.5262
1934 57.5262
1935 57.5262
1936 57.5262
1937 57.5262
1938 57.5262
1939 57.5262
1940 57.5262
1941 57.5262
1942 57.5262
1943 57.5262
1944 57.5262
1945 57.5262
1946 57.5262
1947 57.5262
1948 57.5262
1949 57.5262
1950 57.5262
1951 57.5262
1952 57.5262
1953 57.5262
1954 57.5262
1955 57.5262
1956 57.5262
1957 57.5262
1958 57.5262
1959 57.5262
1960 57.5262
1961 57.5262
1962 57.5262
1963 57.5262
1964 57.5262
1965 57.5262
1966 57.5262
1967 57.5262
1968 57.5262
1969 57.5262
1970 57.5262
1971 57.5262
1972 57.5262
1973 57.5262
1974 57.5262
1975 57.5262
1976 57.5262
1977 57.5262
1978 57.5262
1979 57.5262
1980 57.5262
1981 57.5262
1982 57.5262
1983 57.5262
1984 57.5262
1985 57.5262
1986 57.5262
1987 57.5262
1988 57.5262
1989 57.5262
1990 57.5262
1991 57.5262
1992 57.5262
1993 57.5262
1994 57.5262
1995 57.5262
1996 57.5262
1997 57.5262
1998 57.5262
1999 57.5262
2000 57.5262
2001 57.5262
2002 57.5262
2003 57.5262
2004 57.5262
2005 57.5262
2006 57.5262
2007 57.5262
2008 57.5262
2009 57.5262
2010 57.5262
2011 57.5262
2012 57.5262
2013 57.5262
2014 57.5262
2015 57.5262
2016 57.5262
2017 57.5262
2018 57.5262
2019 57.5262
2020 57.5262
2021 57.5262
2022 57.5262
2023 57.5262
2024 57.5262
2025 57.5262
2026 57.5262
2027 57.5262
2028 57.5262
2029 57.5262
2030 57.5262
2031 57.5262
2032 57.5262
2033 57.5262
2034 57.5262
2035 57.5262
2036 57.5262
2037 57.5262
2038 57.5262
2039 57.5262
2040 57.5262
2041 57.5262
2042 57.5262
2043 57.5262
2044 57.5262
2045 57.5262
2046 57.5262
2047 57.5262
2048 57.5262
2049 57.5262
2050 57.5262
2051 57.4238
2052 57.4238
2053 57.4238
2054 57.4238
2055 57.4238
2056 57.4238
2057 57.4238
2058 57.4238
2059 57.4238
2060 57.4238
2061 57.4238
2062 57.4238
2063 57.4238
2064 57.4238
2065 57.4238
2066 57.4238
2067 57.4238
2068 57.4238
2069 57.4238
2070 57.4238
2071 57.4238
2072 57.4238
2073 57.4238
2074 57.4238
2075 57.4238
2076 57.4238
2077 57.4238
2078 57.4238
2079 57.4238
2080 57.4238
2081 57.4238
2082 57.4238
2083 57.4238
2084 57.4238
2085 57.4238
2086 57.4238
2087 57.4238
2088 57.4238
2089 57.4238
2090 57.4238
2091 57.4238
2092 57.4238
2093 57.4238
2094 57.4238
2095 57.4238
2096 57.4238
2097 57.4238
2098 57.4238
2099 57.4238
2100 57.4238
2101 57.4238
2102 57.4238
2103 57.4238
2104 57.4238
2105 57.4238
2106 57.4238
2107 57.4238
2108 57.4238
2109 57.4238
2110 57.4238
2111 57.4238
2112 57.4238
2113 57.4238
2114 57.4238
2115 57.4238
2116 57.4238
2117 57.4238
2118 57.4238
2119 57.4238
2120 57.4238
2121 57.4238
2122 57.4238
2123 57.4238
2124 57.4238
2125 57.4238
2126 57.4238
2127 57.4238
2128 57.4238
2129 57.4238
2130 57.4238
2131 57.4238
2132 57.4238
2133 57.4238
2134 57.4238
2135 57.4238
2136 57.4238
2137 57.4238
2138 57.4238
2139 57.4238
2140 57.4238
2141 57.4238
2142 57.4238
2143 57.4238
2144 57.4238
2145 57.4238
2146 57.4238
2147 57.4238
2148 57.4238
2149 57.4238
2150 57.4238
2151 57.4238
2152 57.4238
2153 57.4238
2154 57.4238
2155 57.4238
2156 57.4238
2157 57.4238
2158 57.4238
2159 57.4238
2160 57.4238
2161 57.4238
2162 57.4238
2163 57.4238
2164 57.4238
2165 57.4238
2166 57.4238
2167 57.4238
2168 57.4238
2169 57.4238
2170 57.4238
2171 57.4238
2172 57.4238
2173 57.4238
2174 57.4238
2175 57.4238
2176 57.4238
2177 57.4238
2178 57.4238
2179 57.4238
2180 57.4238
2181 57.4238
2182 57.4238
2183 57.4238
2184 57.4238
2185 57.4238
2186 57.4238
2187 57.4238
2188 57.4238
2189 57.4238
2190 57.4238
2191 57.4238
2192 57.4238
2193 57.4238
2194 57.4238
2195 57.4238
2196 57.4238
2197 57.4238
2198 57.4238
2199 57.4238
2200 57.4238
2201 57.4238
2202 57.4238
2203 57.4238
2204 57.4238
2205 57.4238
2206 57.4238
2207 57.4238
2208 57.4238
2209 57.4238
2210 57.4238
2211 57.4238
2212 57.4238
2213 57.4238
2214 57.4238
2215 57.4238
2216 57.4238
2217 57.4238
2218 57.4238
2219 57.4238
2220 57.4238
2221 57.4238
2222 57.4238
2223 57.4238
2224 57.4238
2225 57.4238
2226 57.4238
2227 57.4238
2228 57.4238
2229 57.4238
2230 57.4238
2231 57.4238
2232 57.4238
2233 57.4238
2234 57.4238
2235 57.4238
2236 57.4238
2237 57.4238
2238 57.4238
2239 57.4238
2240 57.4238
2241 57.4238
2242 57.4238
2243 57.4238
2244 57.4238
2245 57.149
2246 57.149
2247 57.149
2248 57.149
2249 57.149
2250 57.149
2251 57.149
2252 57.149
2253 57.149
2254 57.149
2255 57.149
2256 57.149
2257 57.149
2258 57.149
2259 57.149
2260 57.149
2261 57.149
2262 57.149
2263 57.149
2264 57.149
2265 57.149
2266 57.149
2267 57.149
2268 57.149
2269 57.149
2270 57.149
2271 57.149
2272 57.149
2273 57.149
2274 57.149
2275 57.149
2276 57.149
2277 57.149
2278 57.149
2279 57.149
2280 57.149
2281 57.149
2282 57.149
2283 57.149
2284 57.149
2285 57.149
2286 57.149
2287 57.149
2288 57.149
2289 57.149
2290 57.149
2291 57.149
2292 57.149
2293 57.149
2294 57.149
2295 57.149
2296 57.149
2297 57.149
2298 57.149
2299 57.149
2300 57.149
2301 57.149
2302 57.149
2303 57.149
2304 57.149
2305 57.149
2306 57.149
2307 57.149
2308 57.149
2309 57.149
2310 57.149
2311 57.149
2312 57.149
2313 57.149
2314 57.149
2315 57.149
2316 57.149
2317 57.149
2318 57.149
2319 57.149
2320 57.149
2321 57.149
2322 57.149
2323 57.149
2324 57.149
2325 57.149
2326 57.149
2327 57.149
2328 57.149
2329 57.149
2330 57.149
2331 57.149
2332 57.149
2333 57.149
2334 57.149
2335 57.149
2336 57.149
2337 57.149
2338 57.149
2339 57.149
2340 57.149
2341 57.149
2342 57.149
2343 57.149
2344 57.149
2345 57.149
2346 57.149
2347 57.149
2348 57.149
2349 57.149
2350 57.149
2351 57.149
2352 57.149
2353 57.149
2354 57.149
2355 57.149
2356 57.149
2357 57.149
2358 57.149
2359 57.149
2360 57.149
2361 57.149
2362 57.149
2363 57.149
2364 57.149
2365 57.149
2366 57.149
2367 57.149
2368 57.149
2369 57.149
2370 57.149
2371 57.149
2372 57.149
2373 57.149
2374 57.149
2375 57.149
2376 57.149
2377 57.149
2378 57.149
2379 57.149
2380 57.149
2381 57.149
2382 57.149
2383 57.149
2384 57.149
2385 57.149
2386 57.149
2387 57.149
2388 57.149
2389 57.149
2390 57.149
2391 57.149
2392 57.149
2393 57.149
2394 57.149
2395 57.149
2396 57.149
2397 57.149
2398 57.149
2399 57.149
2400 57.149
2401 57.149
2402 57.149
2403 57.149
2404 57.149
2405 57.149
2406 57.149
2407 57.149
2408 57.149
2409 57.149
2410 57.149
2411 57.149
2412 57.149
2413 57.149
2414 57.149
2415 57.149
2416 57.149
2417 57.149
2418 57.149
2419 57.149
2420 57.149
2421 57.149
2422 57.149
2423 57.149
2424 57.149
2425 57.149
2426 57.149
2427 57.149
2428 57.149
2429 57.149
2430 57.149
2431 57.149
2432 57.149
2433 57.149
2434 57.149
2435 57.149
2436 57.149
2437 57.149
2438 57.149
2439 57.149
2440 57.149
2441 57.149
2442 57.149
2443 57.149
2444 57.149
2445 57.149
2446 57.149
2447 57.149
2448 57.149
2449 57.149
2450 57.149
2451 57.149
2452 57.149
2453 57.149
2454 57.149
2455 57.149
2456 57.149
2457 57.149
2458 57.149
2459 57.149
2460 57.149
2461 57.149
2462 57.149
2463 57.149
2464 57.149
2465 57.149
2466 57.149
2467 57.149
2468 57.149
2469 57.149
2470 57.149
2471 57.149
2472 57.149
2473 57.149
2474 57.149
2475 57.149
2476 57.149
2477 57.149
2478 57.149
2479 57.149
2480 57.149
2481 57.149
2482 57.149
2483 57.149
2484 57.149
2485 57.149
2486 57.149
2487 57.149
2488 57.149
2489 57.149
2490 57.149
2491 57.149
2492 57.149
2493 57.149
2494 57.149
2495 57.149
2496 57.149
2497 57.149
2498 57.149
2499 57.149
2500 57.149
2501 57.149
2502 57.149
2503 57.149
2504 57.149
2505 57.149
2506 57.149
2507 57.149
2508 57.149
2509 57.149
2510 57.149
2511 57.149
2512 57.149
2513 57.149
2514 57.149
2515 57.149
2516 57.149
2517 57.149
2518 57.149
2519 57.149
2520 57.149
2521 57.149
2522 57.149
2523 57.149
2524 57.149
2525 57.149
2526 57.149
2527 57.149
2528 57.149
2529 57.149
2530 57.149
2531 57.149
2532 57.149
2533 57.149
2534 57.149
2535 57.149
2536 57.149
2537 57.149
2538 57.149
2539 57.149
2540 57.149
2541 57.149
2542 57.149
2543 57.149
2544 57.149
2545 57.149
2546 57.149
2547 57.149
2548 57.149
2549 57.149
2550 57.149
2551 57.149
2552 57.149
2553 57.149
2554 57.149
2555 57.149
2556 57.149
2557 57.149
2558 57.149
2559 57.149
2560 57.149
2561 57.149
2562 57.149
2563 57.149
2564 57.149
2565 57.149
2566 57.149
2567 57.149
2568 57.149
2569 57.149
2570 57.149
2571 57.149
2572 57.149
2573 56.6471
2574 55.7211
2575 55.7211
2576 55.7211
2577 55.7211
2578 54.8546
2579 54.8546
2580 54.8546
2581 54.8546
2582 54.8546
2583 54.8546
2584 54.8546
2585 54.8546
2586 54.8546
2587 54.8546
2588 54.8546
2589 54.8546
2590 54.8546
2591 54.8546
2592 54.8546
2593 54.8546
2594 54.8546
2595 54.8546
2596 54.8546
2597 54.8546
2598 54.8546
2599 54.8546
2600 54.8546
2601 54.8546
2602 54.8546
2603 54.8546
2604 54.8546
2605 54.8546
2606 54.8546
2607 54.8546
2608 54.8546
2609 54.8546
2610 54.8546
2611 54.8546
2612 54.8546
2613 54.8546
2614 54.8546
2615 54.8546
2616 54.8546
2617 54.8546
2618 54.8546
2619 54.8546
2620 54.8546
2621 54.8546
2622 54.8546
2623 54.8546
2624 54.8546
2625 54.8546
2626 54.8546
2627 54.8546
2628 54.8546
2629 54.8546
2630 54.8546
2631 54.8546
2632 54.8546
2633 54.8546
2634 54.8546
2635 54.8546
2636 54.8546
2637 54.8546
2638 54.8546
2639 54.8546
2640 54.8546
2641 54.8546
2642 54.8546
2643 54.8546
2644 54.8546
2645 54.8546
2646 54.8546
2647 54.8546
2648 54.8546
2649 54.8546
2650 54.8546
2651 54.8546
2652 54.8546
2653 54.8546
2654 54.8546
2655 54.8546
2656 54.8546
2657 54.8546
2658 54.8546
2659 54.8546
2660 54.8546
2661 54.8546
2662 54.8546
2663 54.8546
2664 54.8546
2665 54.8546
2666 54.8546
2667 54.8546
2668 54.8546
2669 54.8546
2670 54.8546
2671 54.8546
2672 54.8546
2673 54.8546
2674 54.8546
2675 54.8546
2676 54.8546
2677 54.8546
2678 54.8546
2679 54.8546
2680 54.8546
2681 54.8546
2682 54.8546
2683 54.8546
2684 54.8546
2685 54.8546
2686 54.8546
2687 54.8546
2688 54.8546
2689 54.8546
2690 54.8546
2691 54.8546
2692 54.8546
2693 54.8546
2694 54.8546
2695 54.8546
2696 54.8546
2697 54.8546
2698 54.8546
2699 54.8546
2700 54.8546
2701 54.8546
2702 54.8546
2703 54.8546
2704 54.8546
2705 54.8546
2706 54.8546
2707 54.8546
2708 54.8546
2709 54.8546
2710 54.8546
2711 54.8546
2712 54.8546
2713 54.8546
2714 54.8546
2715 54.8546
2716 54.8546
2717 54.8546
2718 54.8546
2719 54.8546
2720 54.8546
2721 54.8546
2722 54.8546
2723 54.8546
2724 54.8546
2725 54.8546
2726 54.8546
2727 54.8546
2728 54.8546
2729 54.8546
2730 54.8546
2731 54.8546
2732 54.8546
2733 54.8546
2734 54.8546
2735 54.8546
2736 54.8546
2737 54.8546
2738 54.8546
2739 54.8546
2740 54.8546
2741 54.8546
2742 54.8546
2743 54.8546
2744 54.8546
2745 54.8546
2746 54.8546
2747 54.8546
2748 54.8546
2749 54.8546
2750 54.8546
2751 54.8546
2752 54.8546
2753 54.8546
2754 54.8546
2755 54.8546
2756 54.8546
2757 54.8546
2758 54.8546
2759 54.8546
2760 54.8546
2761 54.8546
2762 54.8546
2763 54.8546
2764 54.8546
2765 54.8546
2766 54.8546
2767 54.8546
2768 54.8546
2769 54.8546
2770 54.8546
2771 54.8546
2772 54.8546
2773 54.8546
2774 54.8546
2775 54.8546
2776 54.8546
2777 54.8546
2778 54.8546
2779 54.8546
2780 54.8546
2781 54.8546
2782 54.8546
2783 54.8546
2784 54.8546
2785 54.8546
2786 54.8546
2787 54.8546
2788 54.8546
2789 54.8546
2790 54.8546
2791 54.8546
2792 54.8546
2793 54.8546
2794 54.8546
2795 54.8546
2796 54.8546
2797 54.8546
2798 54.8546
2799 54.8546
2800 54.8546
2801 54.8546
2802 54.8546
2803 54.8546
2804 54.8546
2805 54.8546
2806 54.8546
2807 54.8546
2808 54.8546
2809 54.8546
2810 54.8546
2811 54.8546
2812 54.8546
2813 54.8546
2814 54.8546
2815 54.8546
2816 54.8546
2817 54.8546
2818 54.8546
2819 54.8546
2820 54.8546
2821 54.8546
2822 54.8546
2823 54.8546
2824 54.8546
2825 54.8546
2826 54.8546
2827 54.8546
2828 54.8546
2829 54.8546
2830 54.8546
2831 54.8546
2832 54.8546
2833 54.8546
2834 54.8546
2835 54.8546
2836 54.8546
2837 54.8546
2838 54.8546
2839 54.8546
2840 54.8546
2841 54.8546
2842 54.8546
2843 54.8546
2844 54.8546
2845 54.8546
2846 54.8546
2847 54.8546
2848 54.8546
2849 54.8546
2850 54.8546
2851 54.8546
2852 54.8546
2853 54.8546
2854 54.8546
2855 54.8546
2856 54.8546
2857 54.8546
2858 54.8546
2859 54.8546
2860 54.8546
2861 54.8546
2862 54.8546
2863 54.8546
2864 54.8546
2865 54.8546
2866 54.8546
2867 54.8546
2868 54.8546
2869 54.8546
2870 54.8546
2871 54.8546
2872 54.8546
2873 54.8546
2874 54.8546
2875 54.8546
2876 54.8546
2877 54.8546
2878 54.8546
2879 54.8546
2880 54.8546
2881 54.8546
2882 54.8546
2883 54.8546
2884 54.8546
2885 54.8546
2886 54.8546
2887 54.8546
2888 54.8546
2889 54.8546
2890 54.8546
2891 54.8546
2892 54.8546
2893 54.8546
2894 54.8546
2895 54.8546
2896 54.8546
2897 54.8546
2898 54.8546
2899 54.8546
2900 54.8546
2901 54.8546
2902 54.8546
2903 54.8546
2904 54.8546
2905 54.8546
2906 54.8546
2907 54.8546
2908 54.8546
2909 54.8546
2910 54.8546
2911 54.8546
2912 54.8546
2913 54.8546
2914 54.8546
2915 54.8546
2916 54.8546
2917 54.8546
2918 54.8546
2919 54.8546
2920 54.8546
2921 54.8546
2922 54.8546
2923 54.8546
2924 54.8546
2925 54.8546
2926 54.8546
2927 54.8546
2928 54.8546
2929 54.8546
2930 54.8546
2931 54.8546
2932 54.8546
2933 54.8546
2934 54.8546
2935 54.8546
2936 54.8546
2937 54.8546
2938 54.8546
2939 54.8546
2940 54.8546
2941 54.8546
2942 54.8546
2943 54.8546
2944 54.8546
2945 54.8546
2946 54.8546
2947 54.8546
2948 54.8546
2949 54.8546
2950 54.8546
2951 54.8546
2952 54.8546
2953 54.8546
2954 54.8546
2955 54.8546
2956 54.8546
2957 54.8546
2958 54.8546
2959 54.8546
2960 54.8546
2961 54.8546
2962 54.8546
2963 54.8546
2964 54.8546
2965 54.8546
2966 54.5543
2967 54.5543
2968 54.5543
2969 54.5543
2970 54.5543
2971 54.5543
2972 54.5543
2973 54.5543
2974 54.5543
2975 54.5543
2976 54.5543
2977 54.5543
2978 54.5543
2979 54.5543
2980 54.5543
2981 54.5543
2982 54.5543
2983 54.5543
2984 54.5543
2985 54.5543
2986 54.5543
2987 54.5543
2988 54.5543
2989 54.5543
2990 54.5543
2991 54.5543
2992 54.5543
2993 54.5543
2994 54.5543
2995 54.5543
2996 54.5543
2997 54.5543
2998 54.5543
2999 54.5543
3000 54.5543
3001 54.5543
3002 54.5543
3003 54.5543
3004 54.5543
3005 54.5543
3006 54.5543
3007 54.5543
3008 54.5543
3009 54.5543
3010 54.5543
3011 54.5543
3012 54.5543
3013 54.5543
3014 54.5543
3015 54.5543
3016 54.5543
3017 54.5543
3018 54.5543
3019 54.5543
3020 54.5543
3021 54.5543
3022 54.5543
3023 54.5543
3024 54.5543
3025 54.5543
3026 54.5543
3027 54.5543
3028 54.5543
3029 54.5543
3030 54.5543
3031 54.5543
3032 54.5543
3033 54.5543
3034 54.5543
3035 54.5543
3036 54.5543
3037 54.5543
3038 54.5543
3039 54.5543
3040 54.5543
3041 54.5543
3042 54.5543
3043 54.5543
3044 54.5543
3045 54.5543
3046 54.5543
3047 54.5543
3048 54.5543
3049 54.5543
3050 54.5543
3051 54.5543
3052 54.5543
3053 54.5543
3054 54.5543
3055 54.5543
3056 54.5543
3057 54.5543
3058 54.5543
3059 54.5543
3060 54.5543
3061 54.5543
3062 54.5543
3063 54.5543
3064 54.5543
3065 54.5543
3066 54.5543
3067 54.5543
3068 54.5543
3069 54.5543
3070 54.5543
3071 54.5543
3072 54.5543
3073 54.5543
3074 54.5543
3075 54.5543
3076 54.5543
3077 54.5543
3078 54.5543
3079 54.5543
3080 54.5543
3081 54.5543
3082 54.5543
3083 54.5543
3084 54.5543
3085 54.5543
3086 54.5543
3087 54.5543
3088 54.5543
3089 54.5543
3090 54.5543
3091 54.5543
3092 54.5543
3093 54.5543
3094 54.5543
3095 54.5543
3096 54.5543
3097 54.5543
3098 54.5543
3099 54.5543
3100 54.5543
3101 54.5543
3102 54.5543
3103 54.5543
3104 54.5543
3105 54.5543
3106 54.5543
3107 54.5543
3108 54.5543
3109 54.5543
3110 54.5543
3111 54.5543
3112 54.5543
3113 54.5543
3114 54.5543
3115 54.5543
3116 54.5543
3117 54.5543
3118 54.5543
3119 54.5543
3120 54.5543
3121 54.5543
3122 54.5543
3123 54.5543
3124 54.5543
3125 54.5543
3126 54.5543
3127 54.5543
3128 54.5543
3129 54.5543
3130 54.5543
3131 54.5543
3132 54.5543
3133 54.5543
3134 54.5543
3135 54.5543
3136 54.5543
3137 54.5543
3138 54.5543
3139 54.5543
3140 54.5543
3141 54.5543
3142 54.5543
3143 54.5543
3144 54.5543
3145 54.5543
3146 54.5543
3147 54.5543
3148 54.5543
3149 54.5543
3150 54.5543
3151 54.5543
3152 54.5543
3153 54.5543
3154 54.5543
3155 54.5543
3156 54.5543
3157 54.5543
3158 54.5543
3159 54.5543
3160 54.5543
3161 54.5543
3162 54.5543
3163 54.5543
3164 54.5543
3165 54.5543
3166 54.5543
3167 54.5543
3168 54.5543
3169 54.5543
3170 54.5543
3171 54.5543
3172 54.5543
3173 54.5543
3174 54.5543
3175 54.5543
3176 54.5543
3177 54.5543
3178 54.5543
3179 54.5543
3180 54.5543
3181 54.5543
3182 54.5543
3183 54.5543
3184 54.5543
3185 54.5543
3186 54.5543
3187 54.5543
3188 54.5543
3189 54.5543
3190 54.5543
3191 54.5543
3192 54.5543
3193 54.5543
3194 54.5543
3195 54.5543
3196 54.5543
3197 54.5543
3198 54.5543
3199 54.5543
3200 54.5543
3201 54.5543
3202 54.5543
3203 54.5543
3204 54.5543
3205 54.5543
3206 54.5543
3207 54.5543
3208 54.5543
3209 54.5543
3210 54.5543
3211 54.5543
3212 54.5543
3213 54.5543
3214 54.5543
3215 54.5543
3216 54.5543
3217 54.5543
3218 54.5543
3219 54.5543
3220 54.5543
3221 54.5543
3222 54.5543
3223 54.5543
3224 54.5543
3225 54.5543
3226 54.5543
3227 54.5543
3228 54.5543
3229 54.5543
3230 54.5543
3231 54.5543
3232 54.5543
3233 54.5543
3234 54.5543
3235 54.5543
3236 54.5543
3237 54.5543
3238 54.5543
3239 54.5543
3240 54.5543
3241 54.5543
3242 54.5543
3243 54.5543
3244 54.5543
3245 54.5543
3246 54.5543
3247 54.5543
3248 54.5543
3249 54.5543
3250 54.5543
3251 54.5543
3252 54.5543
3253 54.5543
3254 54.5543
3255 54.5543
3256 54.5543
3257 54.5543
3258 54.5543
3259 54.5543
3260 54.5543
3261 54.5543
3262 54.5543
3263 54.5543
3264 54.5543
3265 54.5543
3266 54.5543
3267 54.5543
3268 54.5543
3269 54.5543
3270 54.5543
3271 54.5543
3272 54.5543
3273 54.5543
3274 54.5543
3275 54.5543
3276 54.5543
3277 54.5543
3278 54.5543
3279 54.5543
3280 54.5543
3281 54.5543
3282 54.5543
3283 54.5543
3284 54.5543
3285 54.5543
3286 54.5543
3287 54.5543
3288 54.5543
3289 54.5543
3290 54.5543
3291 54.5543
3292 54.5543
3293 54.5543
3294 54.5543
3295 54.5543
3296 54.5543
3297 54.5543
3298 54.5543
3299 54.5543
3300 54.5543
3301 54.5543
3302 54.5543
3303 54.5543
3304 54.5543
3305 54.5543
3306 54.5543
3307 54.5543
3308 54.5543
3309 54.5543
3310 54.5543
3311 54.5543
3312 54.5543
3313 54.5543
3314 54.5543
3315 54.5543
3316 54.5543
3317 54.5543
3318 54.5543
3319 54.5543
3320 54.5543
3321 54.5543
3322 54.5543
3323 54.5543
3324 54.5543
3325 54.5543
3326 54.5543
3327 54.5543
3328 54.5543
3329 54.5543
3330 54.5543
3331 54.5543
3332 54.5543
3333 54.5543
3334 54.5543
3335 54.5543
3336 54.5543
3337 54.5543
3338 54.5543
3339 54.5543
3340 54.5543
3341 54.5543
3342 54.5543
3343 54.5543
3344 54.5543
3345 54.5543
3346 54.5543
3347 54.5543
3348 54.5543
3349 54.5543
3350 54.5543
3351 54.5543
3352 54.5543
3353 54.5543
3354 54.5543
3355 54.5543
3356 54.5543
3357 54.5543
3358 54.5543
3359 54.5543
3360 54.5543
3361 54.5543
3362 54.5543
3363 54.5543
3364 54.5543
3365 54.5543
3366 54.5543
3367 54.5543
3368 54.5543
3369 54.5543
3370 54.5543
3371 54.5543
3372 54.5543
3373 54.5543
3374 54.5543
3375 54.5543
3376 54.5543
3377 54.5543
3378 54.5543
3379 54.5543
3380 54.5543
3381 54.5543
3382 54.5543
3383 54.5543
3384 54.5543
3385 54.5543
3386 54.5543
3387 54.5543
3388 54.5543
3389 54.5543
3390 54.5543
3391 54.5543
3392 54.5543
3393 54.5543
3394 54.5543
3395 54.5543
3396 54.5543
3397 54.5543
3398 54.5543
3399 54.5543
3400 54.5543
3401 54.5543
3402 54.5543
3403 54.5543
3404 54.5543
3405 54.5543
3406 54.5543
3407 54.5543
3408 54.5543
3409 54.5543
3410 54.5543
3411 54.5543
3412 54.5543
3413 54.5543
3414 54.5543
3415 54.5543
3416 54.5543
3417 54.5543
3418 54.5543
3419 54.5543
3420 54.5543
3421 54.5543
3422 54.5543
3423 54.5543
3424 54.5543
3425 54.5543
3426 54.5543
3427 54.5543
3428 54.5543
3429 54.5543
3430 54.5543
3431 54.5543
3432 54.5543
3433 54.5543
3434 54.5543
3435 54.5543
3436 54.5543
3437 54.5543
3438 54.5543
3439 54.5543
3440 54.5543
3441 54.5543
3442 54.5543
3443 54.5543
3444 54.5543
3445 54.5543
3446 54.5543
3447 54.5543
3448 54.5543
3449 54.5543
3450 54.5543
3451 54.5543
3452 54.5543
3453 54.5543
3454 54.5543
3455 54.5543
3456 54.5543
3457 54.5543
3458 54.5543
3459 54.5543
3460 54.5543
3461 54.5543
3462 54.5543
3463 54.5543
3464 54.5543
3465 54.5543
3466 54.5543
3467 54.5543
3468 54.5543
3469 54.5543
3470 54.5543
3471 54.5543
3472 54.5543
3473 54.5543
3474 54.5543
3475 54.5543
3476 54.5543
3477 54.5543
3478 54.5543
3479 54.5543
3480 54.5543
3481 54.5543
3482 54.5543
3483 54.5543
3484 54.5543
3485 54.5543
3486 54.5543
3487 54.5543
3488 54.5543
3489 54.5543
3490 54.5543
3491 54.5543
3492 54.5543
3493 54.5543
3494 54.5543
3495 54.5543
3496 54.5543
3497 54.5543
3498 54.5543
3499 54.5543
3500 54.5543
3501 54.5543
3502 54.5543
3503 54.5543
3504 54.5543
3505 54.5543
3506 54.5543
3507 54.5543
3508 54.5543
3509 54.5543
3510 54.5543
3511 54.5543
3512 54.5543
3513 54.5543
3514 54.5543
3515 54.5543
3516 54.5543
3517 54.5543
3518 54.5543
3519 54.5543
3520 54.5543
3521 54.5543
3522 54.5543
3523 54.5543
3524 54.5543
3525 54.5543
3526 54.5543
3527 54.5543
3528 54.5543
3529 54.5543
3530 54.5543
3531 54.5543
3532 54.5543
3533 54.5543
3534 54.5543
3535 54.5543
3536 54.5543
3537 54.5543
3538 54.5543
3539 54.5543
3540 54.5543
3541 54.5543
3542 54.5543
3543 54.5543
3544 54.5543
3545 54.5543
3546 54.5543
3547 54.5543
3548 54.5543
3549 54.5543
3550 54.5543
3551 54.5543
3552 54.5543
3553 54.5543
3554 54.5543
3555 54.5543
3556 54.5543
3557 54.5543
3558 54.5543
3559 54.5543
3560 54.5543
3561 54.5543
3562 54.5543
3563 54.5543
3564 54.5543
3565 54.5543
3566 54.5543
3567 54.5543
3568 54.5543
3569 54.5543
3570 54.5543
3571 54.5543
3572 54.5543
3573 54.5543
3574 54.5543
3575 54.5543
3576 54.5543
3577 54.5543
3578 54.5543
3579 54.5543
3580 54.5543
3581 54.5543
3582 54.5543
3583 54.5543
3584 54.5543
3585 54.5543
3586 54.5543
3587 54.5543
3588 54.5543
3589 54.5543
3590 54.5543
3591 54.5543
3592 54.5543
3593 54.5543
3594 54.5543
3595 54.5543
3596 54.5543
3597 54.5543
3598 54.5543
3599 54.5543
3600 54.5543
3601 54.5543
3602 54.5543
3603 54.5543
3604 54.5543
3605 54.5543
3606 54.5543
3607 54.5543
3608 54.5543
3609 54.5543
3610 54.5543
3611 54.5543
3612 54.5543
3613 54.5543
3614 54.5543
3615 54.5543
3616 54.5543
3617 54.5543
3618 54.5543
3619 54.5543
3620 54.5543
3621 54.5543
3622 54.5543
3623 54.5543
3624 54.5543
3625 54.5543
3626 54.5543
3627 54.5543
3628 54.5543
3629 54.5543
3630 54.5543
3631 54.5543
3632 54.5543
3633 54.5543
3634 54.5543
3635 54.5543
3636 54.5543
3637 54.5543
3638 54.5543
3639 54.5543
3640 54.5543
3641 54.5543
3642 54.5543
3643 54.5543
3644 54.5543
3645 54.5543
3646 54.5543
3647 54.5543
3648 54.5543
3649 54.5543
3650 54.5543
3651 54.5543
3652 54.5543
3653 54.5543
3654 54.5543
3655 54.5543
3656 54.5543
3657 54.5543
3658 54.5543
3659 54.5543
3660 54.5543
3661 54.5543
3662 54.5543
3663 54.5543
3664 54.5543
3665 54.5543
3666 54.5543
3667 54.5543
3668 54.5543
3669 54.5543
3670 54.5543
3671 54.5543
3672 54.5543
3673 54.5543
3674 54.5543
3675 54.5543
3676 54.5543
3677 54.5543
3678 54.5543
3679 54.5543
3680 54.5543
3681 54.5543
3682 54.5543
3683 54.5543
3684 54.5543
3685 54.5543
3686 54.5543
3687 54.5543
3688 54.5543
3689 54.5543
3690 54.5543
3691 54.5543
3692 54.5543
3693 54.5543
3694 54.5543
3695 54.5543
3696 54.5543
3697 54.5543
3698 54.5543
3699 54.5543
3700 54.5543
3701 54.5543
3702 54.5543
3703 54.5543
3704 54.5543
3705 54.5543
3706 54.5543
3707 54.5543
3708 54.5543
3709 54.5543
3710 54.5543
3711 54.5543
3712 54.5543
3713 54.5543
3714 54.5543
3715 54.5543
3716 54.5543
3717 54.5543
3718 54.5543
3719 54.5543
3720 54.5543
3721 54.5543
3722 54.5543
3723 54.5543
3724 54.5543
3725 54.5543
3726 54.5543
3727 54.5543
3728 54.5543
3729 54.5543
3730 54.5543
3731 54.5543
3732 54.5543
3733 54.5543
3734 54.5543
3735 54.5543
3736 54.5543
3737 54.5543
3738 54.5543
3739 54.5543
3740 54.5543
3741 54.5543
3742 54.5543
3743 54.5543
3744 54.5543
3745 54.5543
3746 54.5543
3747 54.5543
3748 54.5543
3749 54.5543
3750 54.5543
3751 54.5543
3752 54.5543
3753 54.5543
3754 54.5543
3755 54.5543
3756 54.5543
3757 54.5543
3758 54.5543
3759 54.5543
3760 54.5543
3761 54.5543
3762 54.5543
3763 54.5543
3764 54.5543
3765 54.5543
3766 54.5543
3767 54.5543
3768 54.5543
3769 54.5543
3770 54.5543
3771 54.5543
3772 54.5543
3773 54.5543
3774 54.5543
3775 54.5543
3776 54.5543
3777 54.5543
3778 54.5543
3779 54.5543
3780 54.5543
3781 54.5543
3782 54.5543
3783 54.5543
3784 54.5543
3785 54.5543
3786 54.5543
3787 54.5543
3788 54.5543
3789 54.5543
3790 54.5543
3791 54.5543
3792 54.5543
3793 54.5543
3794 54.5543
3795 54.5543
3796 54.5543
3797 54.5543
3798 54.5543
3799 54.5543
3800 54.5543
3801 54.5543
3802 54.5543
3803 54.5543
3804 54.5543
3805 54.5543
3806 54.5543
3807 54.5543
3808 54.5543
3809 54.5543
3810 54.5543
3811 54.5543
3812 54.5543
3813 54.5543
3814 54.5543
3815 54.5543
3816 54.5543
3817 54.5543
3818 54.5543
3819 54.5543
3820 54.5543
3821 54.5543
3822 54.5543
3823 54.5543
3824 54.5543
3825 54.5543
3826 54.5543
3827 54.5543
3828 54.5543
3829 54.5543
3830 54.5543
3831 54.5543
3832 54.5543
3833 54.5543
3834 54.5543
3835 54.5543
3836 54.5543
3837 54.5543
3838 54.5543
3839 54.5543
3840 54.5543
3841 54.5543
3842 54.5543
3843 54.5543
3844 54.5543
3845 54.5543
3846 54.5543
3847 54.5543
3848 54.5543
3849 54.5543
3850 54.5543
3851 54.5543
3852 54.5543
3853 54.5543
3854 54.5543
3855 54.5543
3856 54.5543
3857 54.5543
3858 54.5543
3859 54.5543
3860 54.5543
3861 54.5543
3862 54.5543
3863 54.5543
3864 54.5543
3865 54.5543
3866 54.5543
3867 54.5543
3868 54.5543
3869 54.5543
3870 54.5543
3871 54.5543
3872 54.5543
3873 54.5543
3874 54.5543
3875 54.5543
3876 54.5543
3877 54.5543
3878 54.5543
3879 54.5543
3880 54.5543
3881 54.5543
3882 54.5543
3883 54.5543
3884 54.5543
3885 54.5543
3886 54.5543
3887 54.5543
3888 54.5543
3889 54.5543
3890 54.5543
3891 54.5543
3892 54.5543
3893 54.5543
3894 54.5543
3895 54.5543
3896 54.5543
3897 54.5543
3898 54.5543
3899 54.5543
3900 54.5543
3901 54.5543
3902 54.5543
3903 54.5543
3904 54.5543
3905 54.5543
3906 54.5543
3907 54.5543
3908 54.5543
3909 54.5543
3910 54.5543
3911 54.5543
3912 54.5543
3913 54.5543
3914 54.5543
3915 54.5543
3916 54.5543
3917 54.5543
3918 54.5543
3919 54.5543
3920 54.5543
3921 54.5543
3922 54.5543
3923 54.5543
3924 54.5543
3925 54.5543
3926 54.5543
3927 54.5543
3928 54.5543
3929 54.5543
3930 54.5543
3931 54.5543
3932 54.5543
3933 54.5543
3934 54.5543
3935 54.5543
3936 54.5543
3937 54.5543
3938 54.5543
3939 54.5543
3940 54.5543
3941 54.5543
3942 54.5543
3943 54.5543
3944 54.5543
3945 54.5543
3946 54.5543
3947 54.5543
3948 54.5543
3949 54.5543
3950 54.5543
3951 54.5543
3952 54.5543
3953 54.5543
3954 54.5543
3955 54.5543
3956 54.5543
3957 54.5543
3958 54.5543
3959 54.5543
3960 54.5543
3961 54.5543
3962 54.5543
3963 54.5543
3964 54.5543
3965 54.5543
3966 54.5543
3967 54.5543
3968 54.5543
3969 54.5543
3970 54.5543
3971 54.5543
3972 54.5543
3973 54.5543
3974 54.5543
3975 54.5543
3976 54.5543
3977 54.5543
3978 54.5543
3979 54.5543
3980 54.5543
3981 54.5543
3982 54.5543
3983 54.5543
3984 54.5543
3985 54.5543
3986 54.5543
3987 54.5543
3988 54.5543
3989 54.5543
3990 54.5543
3991 54.5543
3992 54.5543
3993 54.5543
3994 54.5543
3995 54.5543
3996 54.5543
3997 54.5543
3998 54.5543
3999 54.5543
4000 54.5543
4001 54.5543
4002 54.5543
4003 54.5543
4004 54.5543
4005 54.5543
4006 54.5543
4007 54.5543
4008 54.5543
4009 54.5543
4010 54.5543
4011 54.5543
4012 54.5543
4013 54.5543
4014 54.5543
4015 54.5543
4016 54.5543
4017 54.5543
4018 54.5543
4019 54.5543
4020 54.5543
4021 54.5543
4022 54.5543
4023 54.5543
4024 54.5543
4025 54.5543
4026 54.5543
4027 54.5543
4028 54.5543
4029 54.5543
4030 54.5543
4031 54.5543
4032 54.5543
4033 54.5543
4034 54.5543
4035 54.5543
4036 54.5543
4037 54.5543
4038 54.5543
4039 54.5543
4040 54.5543
4041 54.5543
4042 54.5543
4043 54.5543
4044 54.5543
4045 54.5543
4046 54.5543
4047 54.5543
4048 54.5543
4049 54.5543
4050 54.5543
4051 54.5543
4052 54.5543
4053 54.5543
4054 54.5543
4055 54.5543
4056 54.5543
4057 54.5543
4058 54.5543
4059 54.5543
4060 54.5543
4061 54.5543
4062 54.5543
4063 54.5543
4064 54.5543
4065 54.5543
4066 54.5543
4067 54.5543
4068 54.5543
4069 54.5543
4070 54.5543
4071 54.5543
4072 54.5543
4073 54.5543
4074 54.5543
4075 54.5543
4076 54.5543
4077 54.5543
4078 54.5543
4079 54.5543
4080 54.5543
4081 54.5543
4082 54.5543
4083 54.5543
4084 54.5543
4085 54.5543
4086 54.5543
4087 54.5543
4088 54.5543
4089 54.5543
4090 54.5543
4091 54.5543
4092 54.5543
4093 54.5543
4094 54.5543
4095 54.5543
4096 54.5543
4097 54.5543
4098 54.5543
4099 54.5543
4100 54.5543
4101 54.5543
4102 54.5543
4103 54.5543
4104 54.5543
4105 54.5543
4106 54.5543
4107 54.5543
4108 54.5543
4109 54.5543
4110 54.5543
4111 54.5543
4112 54.5543
4113 54.5543
4114 54.5543
4115 54.5543
4116 54.5543
4117 54.5543
4118 54.5543
4119 54.5543
4120 54.5543
4121 54.5543
4122 54.5543
4123 54.5543
4124 54.5543
4125 54.5543
4126 54.5543
4127 54.5543
4128 54.5543
4129 54.5543
4130 54.5543
4131 54.5543
4132 54.5543
4133 54.5543
4134 54.5543
4135 54.5543
4136 54.5543
4137 54.5543
4138 54.5543
4139 54.5543
4140 54.5543
4141 54.5543
4142 54.5543
4143 54.5543
4144 54.5543
4145 54.5543
4146 54.5543
4147 54.5543
4148 54.5543
4149 54.5543
4150 54.5543
4151 54.5543
4152 54.5543
4153 54.5543
4154 54.5543
4155 54.5543
4156 54.5543
4157 54.5543
4158 54.5543
4159 54.5543
4160 54.5543
4161 54.5543
4162 54.5543
4163 54.5543
4164 54.5543
4165 54.5543
4166 54.5543
4167 54.5543
4168 54.5543
4169 54.5543
4170 54.5543
4171 54.5543
4172 54.5543
4173 54.5543
4174 54.5543
4175 54.5543
4176 54.5543
4177 54.5543
4178 54.5543
4179 54.5543
4180 54.5543
4181 54.5543
4182 54.5543
4183 54.5543
4184 54.5543
4185 54.5543
4186 54.5543
4187 54.5543
4188 54.5543
4189 54.5543
4190 54.5543
4191 54.5543
4192 54.5543
4193 54.5543
4194 54.5543
4195 54.5543
4196 54.5543
4197 54.5543
4198 54.5543
4199 54.5543
4200 54.5543
4201 54.5543
4202 54.5543
4203 54.5543
4204 54.5543
4205 54.5543
4206 54.5543
4207 54.5543
4208 54.5543
4209 54.5543
4210 54.5543
4211 54.5543
4212 54.5543
4213 54.5543
4214 54.5543
4215 54.5543
4216 54.5543
4217 54.5543
4218 54.5543
4219 54.5543
4220 54.5543
4221 54.5543
4222 54.5543
4223 54.5543
4224 54.5543
4225 54.5543
4226 54.5543
4227 54.5543
4228 54.5543
4229 54.5543
4230 54.5543
4231 54.5543
4232 54.5543
4233 54.5543
4234 54.5543
4235 54.5543
4236 54.5543
4237 54.5543
4238 54.5543
4239 54.5543
4240 54.5543
4241 54.5543
4242 54.5543
4243 54.5543
4244 54.5543
4245 54.5543
4246 54.5543
4247 54.5543
4248 54.5543
4249 54.5543
4250 54.5543
4251 54.5543
4252 54.5543
4253 54.5543
4254 54.5543
4255 54.5543
4256 54.5543
4257 54.5543
4258 54.5543
4259 54.5543
4260 54.5543
4261 54.5543
4262 54.5543
4263 54.5543
4264 54.5543
4265 54.5543
4266 54.5543
4267 54.5543
4268 54.5543
4269 54.5543
4270 54.5543
4271 54.5543
4272 54.5543
4273 54.5543
4274 54.5543
4275 54.5543
4276 54.5543
4277 54.5543
4278 54.5543
4279 54.5543
4280 54.5543
4281 54.5543
4282 54.5543
4283 54.5543
4284 54.5543
4285 54.5543
4286 54.5543
4287 54.5543
4288 54.5543
4289 54.5543
4290 54.5543
4291 54.5543
4292 54.5543
4293 54.5543
4294 54.5543
4295 54.5543
4296 54.5543
4297 54.5543
4298 54.5543
4299 54.5543
4300 54.5543
4301 54.5543
4302 54.5543
4303 54.5543
4304 54.5543
4305 54.5543
4306 54.5543
4307 54.5543
4308 54.5543
4309 54.5543
4310 54.5543
4311 54.5543
4312 54.5543
4313 54.5543
4314 54.5543
4315 54.5543
4316 54.5543
4317 54.5543
4318 54.5543
4319 54.5543
4320 54.5543
4321 54.5543
4322 54.5543
4323 54.5543
4324 54.5543
4325 54.5543
4326 54.5543
4327 54.5543
4328 54.5543
4329 54.5543
4330 54.5543
4331 54.5543
4332 54.5543
4333 54.5543
4334 54.5543
4335 54.5543
4336 54.5543
4337 54.5543
4338 54.5543
4339 54.5543
4340 54.5543
4341 54.5543
4342 54.5543
4343 54.5543
4344 54.5543
4345 54.5543
4346 54.5543
4347 54.5543
4348 54.5543
4349 54.5543
4350 54.5543
4351 54.5543
4352 54.5543
4353 54.5543
4354 54.5543
4355 54.5543
4356 54.5543
4357 54.5543
4358 54.5543
4359 54.5543
4360 54.5543
4361 54.5543
4362 54.5543
4363 54.5543
4364 54.5543
4365 54.5543
4366 54.5543
4367 54.5543
4368 54.5543
4369 54.5543
4370 54.5543
4371 54.5543
4372 54.5543
4373 54.5543
4374 54.5543
4375 54.5543
4376 54.5543
4377 54.5543
4378 54.5543
4379 54.5543
4380 54.5543
4381 54.5543
4382 54.5543
4383 54.5543
4384 54.5543
4385 54.5543
4386 54.5543
4387 54.5543
4388 54.5543
4389 54.5543
4390 54.5543
4391 54.5543
4392 54.5543
4393 54.5543
4394 54.5543
4395 54.5543
4396 54.5543
4397 54.5543
4398 54.5543
4399 54.5543
4400 54.5543
4401 54.5543
4402 54.5543
4403 54.5543
4404 54.5543
4405 54.5543
4406 54.5543
4407 54.5543
4408 54.5543
4409 54.5543
4410 54.5543
4411 54.5543
4412 54.5543
4413 54.5543
4414 54.5543
4415 54.5543
4416 54.5543
4417 54.5543
4418 54.5543
4419 54.5543
4420 54.5543
4421 54.5543
4422 54.5543
4423 54.5543
4424 54.5543
4425 54.5543
4426 54.5543
4427 54.5543
4428 54.5543
4429 54.5543
4430 54.5543
4431 54.5543
4432 54.5543
4433 54.5543
4434 54.5543
4435 54.5543
4436 54.5543
4437 54.5543
4438 54.5543
4439 54.5543
4440 54.5543
4441 54.5543
4442 54.5543
4443 54.5543
4444 54.5543
4445 54.5543
4446 54.5543
4447 54.5543
4448 54.5543
4449 54.5543
4450 54.5543
4451 54.5543
4452 54.5543
4453 54.5543
4454 54.5543
4455 54.5543
4456 54.5543
4457 54.5543
4458 54.5543
4459 54.5543
4460 54.5543
4461 54.5543
4462 54.5543
4463 54.5543
4464 54.5543
4465 54.5543
4466 54.5543
4467 54.5543
4468 54.5543
4469 54.5543
4470 54.5543
4471 54.5543
4472 54.5543
4473 54.5543
4474 54.5543
4475 54.5543
4476 54.5543
4477 54.5543
4478 54.5543
4479 54.5543
4480 54.5543
4481 54.5543
4482 54.5543
4483 54.5543
4484 54.5543
4485 54.5543
4486 54.5543
4487 54.5543
4488 54.5543
4489 54.5543
4490 54.5543
4491 54.5543
4492 54.5543
4493 54.5543
4494 54.5543
4495 54.5543
4496 54.5543
4497 54.5543
4498 54.5543
4499 54.5543
4500 54.5543
4501 54.5543
4502 54.5543
4503 54.5543
4504 54.5543
4505 54.5543
4506 54.5543
4507 54.5543
4508 54.5543
4509 54.5543
4510 54.5543
4511 54.5543
4512 54.5543
4513 54.5543
4514 54.5543
4515 54.5543
4516 54.5543
4517 54.5543
4518 54.5543
4519 54.5543
4520 54.5543
4521 54.5543
4522 54.5543
4523 54.5543
4524 54.5543
4525 54.5543
4526 54.5543
4527 54.5543
4528 54.5543
4529 54.5543
4530 54.5543
4531 54.5543
4532 54.5543
4533 54.5543
4534 54.5543
4535 54.5543
4536 54.5543
4537 54.5543
4538 54.5543
4539 54.5543
4540 54.5543
4541 54.5543
4542 54.5543
4543 54.5543
4544 54.5543
4545 54.5543
4546 54.5543
4547 54.5543
4548 54.5543
4549 54.5543
4550 54.5543
4551 54.5543
4552 54.5543
4553 54.5543
4554 54.5543
4555 54.5543
4556 54.5543
4557 54.5543
4558 54.5543
4559 54.5543
4560 54.5543
4561 54.5543
4562 54.5543
4563 54.5543
4564 54.5543
4565 54.5543
4566 54.5543
4567 54.5543
4568 54.5543
4569 54.5543
4570 54.5543
4571 54.5543
4572 54.5543
4573 54.5543
4574 54.5543
4575 54.5543
4576 54.5543
4577 54.5543
4578 54.5543
4579 54.5543
4580 54.5543
4581 54.5543
4582 54.5543
4583 54.5543
4584 54.5543
4585 54.5543
4586 54.5543
4587 54.5543
4588 54.5543
4589 54.5543
4590 54.5543
4591 54.5543
4592 54.5543
4593 54.5543
4594 54.5543
4595 54.5543
4596 54.5543
4597 54.5543
4598 54.5543
4599 54.5543
4600 54.5543
4601 54.5543
4602 54.5543
4603 54.5543
4604 54.5543
4605 54.5543
4606 54.5543
4607 54.5543
4608 54.5543
4609 54.5543
4610 54.5543
4611 54.5543
4612 54.5543
4613 54.5543
4614 54.5543
4615 54.5543
4616 54.5543
4617 54.5543
4618 54.5543
4619 54.5543
4620 54.5543
4621 54.5543
4622 54.5543
4623 54.5543
4624 54.5543
4625 54.5543
4626 54.5543
4627 54.5543
4628 54.5543
4629 54.5543
4630 54.5543
4631 54.5543
4632 54.5543
4633 54.5543
4634 54.5543
4635 54.5543
4636 54.5543
4637 54.5543
4638 54.5543
4639 54.5543
4640 54.5543
4641 54.5543
4642 54.5543
4643 54.5543
4644 54.5543
4645 54.5543
4646 54.5543
4647 54.5543
4648 54.5543
4649 54.5543
4650 54.5543
4651 54.2864
4652 54.2864
4653 54.2864
4654 54.2864
4655 54.2864
4656 54.2864
4657 54.2864
4658 54.2864
4659 54.2864
4660 54.2864
4661 54.2864
4662 54.2864
4663 54.2864
4664 54.2864
4665 54.2864
4666 54.2864
4667 54.2864
4668 54.2864
4669 54.2864
4670 54.2864
4671 54.2864
4672 54.2864
4673 54.2864
4674 54.2864
4675 54.2864
4676 54.2864
4677 54.2864
4678 54.2864
4679 54.2864
4680 54.2864
4681 54.2864
4682 54.2864
4683 54.2864
4684 54.2864
4685 54.2864
4686 54.2864
4687 54.2864
4688 54.2864
4689 54.2864
4690 54.2864
4691 54.2864
4692 54.2864
4693 54.2864
4694 54.2864
4695 54.2864
4696 54.2864
4697 54.2864
4698 54.2864
4699 54.2864
4700 54.2864
4701 54.2864
4702 54.2864
4703 54.2864
4704 54.2864
4705 54.2864
4706 54.2864
4707 54.2864
4708 54.2864
4709 54.2864
4710 54.2864
4711 54.2864
4712 54.2864
4713 54.2864
4714 54.2864
4715 54.2864
4716 54.2864
4717 54.2864
4718 54.2864
4719 54.2864
4720 54.2864
4721 54.2864
4722 54.2864
4723 54.2864
4724 54.2864
4725 54.2864
4726 54.2864
4727 54.2864
4728 54.2864
4729 54.2864
4730 54.2864
4731 54.2864
4732 54.2864
4733 54.2864
4734 54.2864
4735 54.2864
4736 54.2864
4737 54.2864
4738 54.2864
4739 54.2864
4740 54.2864
4741 54.2864
4742 54.2864
4743 54.2864
4744 54.2864
4745 54.2864
4746 54.2864
4747 54.2864
4748 54.2864
4749 54.2864
4750 54.2864
4751 54.2864
4752 54.2864
4753 54.2864
4754 54.2864
4755 54.2864
4756 54.2864
4757 54.2864
4758 54.2864
4759 54.2864
4760 54.2864
4761 54.2864
4762 54.2864
4763 54.2864
4764 54.2864
4765 54.2864
4766 54.2864
4767 54.2864
4768 54.2864
4769 54.2864
4770 54.2864
4771 54.2864
4772 54.2864
4773 54.2864
4774 54.2864
4775 54.2864
4776 54.2864
4777 54.2864
4778 54.2864
4779 54.2864
4780 54.2864
4781 54.2864
4782 54.2864
4783 54.2864
4784 54.2864
4785 54.2864
4786 54.2864
4787 54.2864
4788 54.2864
4789 54.2864
4790 54.2864
4791 54.2864
4792 54.2864
4793 54.2864
4794 54.2864
4795 54.2864
4796 54.2864
4797 54.2864
4798 54.2864
4799 54.2864
4800 54.2864
4801 54.2864
4802 54.2864
4803 54.2864
4804 54.2864
4805 54.2864
4806 54.2864
4807 54.2864
4808 54.2864
4809 54.2864
4810 54.2864
4811 54.2864
4812 54.2864
4813 54.2864
4814 54.2864
4815 54.2864
4816 54.2864
4817 54.2864
4818 54.2864
4819 54.2864
4820 54.2864
4821 54.2864
4822 54.2864
4823 54.2864
4824 54.2864
4825 54.2864
4826 54.2864
4827 54.2864
4828 54.2864
4829 54.2864
4830 54.2864
4831 54.2864
4832 54.2864
4833 54.2864
4834 54.2864
4835 54.2864
4836 54.2864
4837 54.2864
4838 54.2864
4839 54.2864
4840 54.2864
4841 54.2864
4842 54.2864
4843 54.2864
4844 54.2864
4845 54.2864
4846 54.2864
4847 54.2864
4848 54.2864
4849 54.2864
4850 54.2864
4851 54.2864
4852 54.2864
4853 54.2864
4854 54.2864
4855 54.2864
4856 54.2864
4857 54.2864
4858 54.2864
4859 54.2864
4860 54.2864
4861 54.2864
4862 54.2864
4863 54.2864
4864 54.2864
4865 54.2864
4866 54.2864
4867 54.2864
4868 54.2864
4869 54.2864
4870 54.2864
4871 54.2864
4872 54.2864
4873 54.2864
4874 54.2864
4875 54.2864
4876 54.2864
4877 54.2864
4878 54.2864
4879 54.2864
4880 54.2864
4881 54.2864
4882 54.2864
4883 54.2864
4884 54.2864
4885 54.2864
4886 54.2864
4887 54.2864
4888 54.2864
4889 54.2864
4890 54.2864
4891 54.2864
4892 54.2864
4893 54.2864
4894 54.2864
4895 54.2864
4896 54.2864
4897 54.2864
4898 54.2864
4899 54.2864
4900 54.2864
4901 54.2864
4902 54.2864
4903 54.2864
4904 54.2864
4905 54.2864
4906 54.2864
4907 54.2864
4908 54.2864
4909 54.2864
4910 54.2864
4911 54.2864
4912 54.2864
4913 54.2864
4914 54.2864
4915 54.2864
4916 54.2864
4917 54.2864
4918 54.2864
4919 54.2864
4920 54.2864
4921 54.2864
4922 54.2864
4923 54.2864
4924 54.2864
4925 54.2864
4926 54.2864
4927 54.2864
4928 54.2864
4929 54.2864
4930 54.2864
4931 54.2864
4932 54.2864
4933 54.2864
4934 54.2864
4935 54.2864
4936 54.2864
4937 54.2864
4938 54.2864
4939 54.2864
4940 54.2864
4941 54.2864
4942 54.2864
4943 54.2864
4944 54.2864
4945 54.2864
4946 54.2864
4947 54.2864
4948 54.2864
4949 54.2864
4950 54.2864
4951 54.2864
4952 54.2864
4953 54.2864
4954 54.2864
4955 54.2864
4956 54.2864
4957 54.2864
4958 54.2864
4959 54.2864
4960 54.2864
4961 54.2864
4962 54.2864
4963 54.2864
4964 54.2864
4965 54.2864
4966 54.2864
4967 54.2864
4968 54.2864
4969 54.2864
4970 54.2864
4971 54.2864
4972 54.2864
4973 54.2864
4974 54.2864
4975 54.2864
4976 54.2864
4977 54.2864
4978 54.2864
4979 54.2864
4980 54.2864
4981 54.2864
4982 54.2864
4983 54.2864
4984 54.2864
4985 54.2864
4986 54.2864
4987 54.2864
4988 54.2864
4989 54.2864
4990 54.2864
4991 54.2864
4992 54.2864
4993 54.2864
4994 54.2864
4995 54.2864
4996 54.2864
4997 54.2864
4998 54.2864
4999 54.2864
