0 2077.47
1 2032.95
2 1939.36
3 1912.09
4 1839.8
5 1765.69
6 1710.27
7 1638.45
8 1593.38
9 1562.09
10 1467.03
11 1399.54
12 1263.24
13 1210.88
14 1171.09
15 1136.75
16 1113.68
17 1074.31
18 1046.76
19 1018.91
20 990.432
21 972.857
22 948.209
23 928.479
24 919.332
25 877.995
26 859.918
27 824.082
28 785.343
29 767.783
30 764.752
31 749.946
32 743.592
33 742.137
34 736.904
35 727.369
36 703.578
37 694.046
38 679.886
39 645.919
40 635.009
41 595.608
42 582.517
43 560.677
44 542.053
45 528.66
46 521.977
47 511.175
48 495.608
49 490.523
50 476.941
51 465.523
52 460.177
53 448.671
54 429.28
55 429.28
56 424.669
57 420.848
58 419.82
59 407.059
60 402.996
61 399.719
62 387.045
63 380.785
64 371.495
65 361.031
66 359.097
67 350.253
68 333.979
69 329.242
70 329.242
71 320.228
72 320.228
73 320.228
74 320.228
75 320.228
76 316.26
77 306.454
78 304.853
79 303.102
80 300.866
81 300.197
82 294.268
83 288.017
84 283.019
85 283.019
86 280.61
87 278.82
88 273.925
89 273.925
90 267.505
91 262.772
92 259.605
93 255.766
94 253.956
95 252.765
96 244.757
97 244.757
98 243.112
99 237.61
100 235.784
101 230.886
102 229.822
103 229.822
104 224.562
105 223.712
106 222.828
107 222.828
108 222.828
109 221.726
110 220.012
111 217.927
112 217.927
113 217.927
114 217.927
115 215.046
116 213.548
117 208.969
118 208.969
119 208.969
120 208.969
121 207.717
122 203.264
123 203.264
124 203.264
125 203.264
126 202.056
127 201.075
128 198.583
129 197.784
130 189.409
131 189.409
132 189.409
133 189.308
134 188.416
135 188.416
136 188.416
137 188.416
138 185.429
139 184.605
140 183.797
141 183.797
142 182.892
143 182.525
144 179.208
145 178.247
146 178.247
147 178.137
148 178.137
149 178.137
150 178.137
151 178.137
152 175.521
153 174.866
154 173.786
155 171.137
156 171.137
157 169.255
158 169.255
159 169.255
160 169.255
161 168.384
162 167.992
163 166.202
164 165.652
165 165.652
166 165.652
167 165.652
168 165.652
169 165.652
170 165.652
171 165.652
172 165.652
173 165.652
174 165.652
175 165.652
176 163.954
177 163.954
178 163.07
179 163.07
180 163.07
181 163.07
182 160.388
183 160.388
184 160.388
185 159.665
186 159.665
187 159.665
188 159.665
189 156.536
190 156.536
191 154.85
192 145.555
193 145.555
194 145.555
195 145.555
196 145.555
197 145.555
198 143.611
199 143.611
200 139.551
201 139.551
202 139.551
203 139.551
204 139.551
205 139.551
206 139.551
207 139.551
208 139.458
209 138.112
210 136.693
211 136.693
212 136.091
213 132.169
214 132.169
215 132.169
216 132.169
217 132.169
218 132.169
219 131.645
220 129.766
221 129.243
222 128.705
223 128.181
224 128.181
225 125.372
226 125.372
227 125.372
228 125.372
229 125.372
230 123.814
231 123.814
232 123.814
233 123.814
234 123.814
235 123.288
236 123.094
237 123.094
238 123.094
239 122.208
240 122.208
241 122.208
242 122.208
243 121.475
244 120.185
245 120.185
246 120.185
247 118.948
248 117.88
249 116.901
250 115.664
251 115.664
252 115.664
253 115.664
254 115.664
255 115.664
256 115.664
257 115.664
258 115.664
259 115.545
260 115.545
261 115.545
262 115.545
263 115.545
264 114.538
265 114.514
266 114.514
267 114.514
268 114.514
269 114.514
270 114.514
271 113.6
272 112.455
273 111.047
274 110.345
275 109.986
276 109.82
277 109.461
278 108.543
279 108.51
280 107.593
281 107.279
282 106.362
283 106.362
284 106.362
285 106.362
286 106.362
287 106.362
288 105.65
289 105.65
290 105.586
291 104.742
292 104.742
293 104.742
294 104.742
295 103.593
296 103.593
297 102.521
298 102.521
299 102.521
300 102.521
301 99.1349
302 99.1349
303 99.1349
304 99.1349
305 99.1349
306 97.7827
307 97.7827
308 97.7827
309 97.7827
310 97.7827
311 97.7827
312 97.7827
313 97.7827
314 97.7827
315 97.7827
316 97.2948
317 97.2948
318 97.1308
319 97.1308
320 97.1308
321 96.5195
322 96.5195
323 96.5195
324 96.5195
325 96.5195
326 96.5195
327 96.5195
328 96.2652
329 96.2652
330 96.2652
331 96.2652
332 96.2652
333 96.2652
334 96.2128
335 96.2128
336 96.2128
337 96.2128
338 96.2128
339 96.2128
340 96.1728
341 96.1728
342 96.1728
343 96.1728
344 96.1728
345 96.1728
346 96.1728
347 94.2493
348 94.1487
349 94.1487
350 94.1487
351 94.1487
352 94.1487
353 94.1487
354 94.1487
355 94.1487
356 94.1487
357 94.1487
358 94.1487
359 94.1487
360 94.1487
361 94.1487
362 94.1487
363 94.1487
364 94.1487
365 94.1487
366 94.1487
367 94.1487
368 94.1487
369 94.1487
370 94.1487
371 94.1487
372 94.1487
373 94.1487
374 94.1487
375 94.1487
376 94.1487
377 92.266
378 92.266
379 92.266
380 92.266
381 92.266
382 92.266
383 92.266
384 92.266
385 92.266
386 92.266
387 91.8127
388 91.8127
389 91.8127
390 91.8127
391 91.8127
392 91.8127
393 91.8127
394 91.8127
395 91.8127
396 91.8127
397 91.8127
398 91.8127
399 91.8127
400 91.8127
401 91.8127
402 91.8127
403 91.8127
404 91.8127
405 91.8127
406 91.8127
407 91.8127
408 91.8127
409 91.8127
410 91.8127
411 91.8127
412 91.8127
413 91.8127
414 91.8127
415 91.8127
416 91.8127
417 91.8127
418 91.8127
419 91.8127
420 91.8127
421 91.8127
422 91.8127
423 89.6146
424 89.6146
425 89.6146
426 89.6146
427 89.6089
428 88.3727
429 88.3727
430 88.3727
431 88.3727
432 88.3727
433 88.3727
434 88.3727
435 88.3727
436 88.3727
437 88.3727
438 88.3727
439 88.3727
440 86.4383
441 86.4383
442 83.524
443 83.524
444 83.524
445 83.524
446 83.524
447 83.524
448 83.524
449 83.524
450 83.524
451 83.524
452 83.524
453 83.524
454 83.524
455 83.524
456 83.524
457 83.524
458 83.524
459 83.524
460 83.524
461 83.524
462 83.524
463 83.524
464 83.3463
465 83.3463
466 83.3463
467 83.3463
468 83.3463
469 83.3463
470 83.3463
471 83.3463
472 83.3463
473 83.3463
474 83.3463
475 83.3463
476 83.3463
477 83.3463
478 83.3463
479 83.3463
480 83.3463
481 83.3463
482 83.3463
483 83.3463
484 83.3463
485 83.3463
486 83.3463
487 83.3463
488 83.3463
489 83.3463
490 83.3463
491 83.3463
492 83.3463
493 83.3463
494 83.3463
495 83.3463
496 83.3463
497 83.3463
498 83.3463
499 83.3463
500 83.3463
501 83.3463
502 83.3463
503 83.3463
504 83.3463
505 83.3463
506 83.3463
507 83.3463
508 83.3463
509 83.3463
510 83.3463
511 83.3463
512 83.3463
513 83.3463
514 83.3463
515 83.3463
516 83.3463
517 83.3463
518 83.3463
519 83.3463
520 83.3463
521 83.3463
522 83.3463
523 82.5624
524 82.5624
525 82.5624
526 82.5624
527 82.5624
528 82.5624
529 82.5624
530 82.5624
531 82.5624
532 82.5624
533 82.5624
534 82.5624
535 81.9453
536 81.9453
537 81.9453
538 81.3106
539 81.3106
540 81.3106
541 81.3106
542 81.3106
543 81.3106
544 81.3106
545 81.092
546 81.092
547 81.092
548 80.7544
549 80.7544
550 80.7544
551 80.7544
552 80.7544
553 80.7544
554 80.7544
555 80.7544
556 80.7544
557 76.8133
558 76.8133
559 76.8133
560 76.8133
561 75.9685
562 75.9685
563 75.9685
564 75.9685
565 75.9685
566 75.9685
567 75.9685
568 75.9685
569 75.9685
570 75.9685
571 75.9685
572 75.9685
573 75.9685
574 74.8364
575 74.8364
576 74.8364
577 74.8364
578 74.8364
579 74.8364
580 74.8364
581 74.8364
582 74.8364
583 74.8364
584 74.8364
585 74.8364
586 74.8364
587 74.8364
588 74.8364
589 74.8364
590 74.8364
591 74.8364
592 74.8364
593 74.8364
594 74.8364
595 74.8364
596 74.8364
597 74.8364
598 74.8364
599 74.8364
600 74.8364
601 74.8364
602 74.8364
603 74.8364
604 74.8364
605 74.8364
606 74.8364
607 74.8364
608 74.8364
609 74.8364
610 74.8364
611 74.8364
612 74.8364
613 74.8364
614 74.8364
615 74.8364
616 74.8364
617 74.8364
618 74.8364
619 74.8364
620 74.8364
621 74.8364
622 74.8364
623 74.8364
624 74.8364
625 74.8364
626 74.8364
627 74.8364
628 74.8364
629 74.8364
630 74.8364
631 74.8364
632 74.8364
633 74.8364
634 74.8364
635 74.8364
636 74.8364
637 74.8364
638 74.8364
639 74.8364
640 74.8364
641 74.8364
642 74.8364
643 74.8364
644 74.8364
645 74.8364
646 74.8364
647 74.8364
648 74.8364
649 74.8364
650 74.8364
651 74.8364
652 74.4154
653 74.4154
654 74.4154
655 74.4154
656 74.4154
657 74.4154
658 74.4154
659 74.4154
660 74.4154
661 74.4154
662 74.4154
663 74.4154
664 74.4154
665 74.4154
666 74.4154
667 74.4154
668 74.4154
669 74.4154
670 74.4154
671 74.4154
672 74.4154
673 74.4154
674 74.4154
675 74.4154
676 74.4154
677 74.4154
678 74.4154
679 74.4154
680 74.4154
681 74.1333
682 74.0676
683 74.0676
684 74.0676
685 74.0676
686 74.0676
687 74.0676
688 74.0676
689 74.0676
690 74.0676
691 73.9936
692 73.6409
693 73.6409
694 73.6409
695 73.6409
696 73.6013
697 73.6013
698 73.6013
699 73.6013
700 73.6013
701 73.6013
702 73.6013
703 73.6013
704 73.6013
705 73.6013
706 73.6013
707 73.6013
708 73.6013
709 73.6013
710 73.6013
711 73.6013
712 73.6013
713 73.6013
714 73.6013
715 73.6013
716 73.6013
717 73.6013
718 73.6013
719 73.6013
720 73.6013
721 73.6013
722 73.6013
723 73.6013
724 73.6013
725 73.6013
726 73.6013
727 73.6013
728 73.6013
729 73.6013
730 73.6013
731 73.6013
732 73.6013
733 73.6013
734 73.6013
735 73.6013
736 73.6013
737 73.6013
738 73.6013
739 73.6013
740 73.6013
741 73.6013
742 73.6013
743 73.6013
744 73.6013
745 73.6013
746 73.6013
747 73.6013
748 73.6013
749 73.6013
750 73.6013
751 73.6013
752 73.6013
753 73.6013
754 72.9126
755 72.9126
756 72.9126
757 72.9126
758 72.9126
759 72.9126
760 72.9126
761 72.9126
762 72.9126
763 72.9126
764 72.9126
765 72.9126
766 72.9126
767 72.9126
768 72.9126
769 72.9126
770 72.9126
771 72.9126
772 72.9126
773 72.9126
774 72.9126
775 72.9126
776 72.9126
777 72.9126
778 72.9126
779 72.9126
780 72.9126
781 72.9126
782 72.9126
783 72.6461
784 72.6461
785 72.6461
786 72.6461
787 72.6461
788 72.6461
789 72.6461
790 72.6461
791 72.6461
792 72.6461
793 72.6461
794 72.6461
795 72.6461
796 72.6461
797 72.6461
798 72.6461
799 71.9162
800 71.9162
801 71.9162
802 71.9162
803 71.9162
804 71.9162
805 68.8967
806 68.8967
807 68.0054
808 68.0054
809 68.0054
810 68.0054
811 68.0054
812 68.0054
813 68.0054
814 68.0054
815 68.0054
816 68.0054
817 68.0054
818 68.0054
819 67.8559
820 67.8559
821 67.8559
822 67.8559
823 67.8559
824 67.8559
825 67.8559
826 67.8559
827 67.8559
828 67.8559
829 67.8559
830 67.8559
831 67.8559
832 67.8559
833 67.8559
834 67.8559
835 67.8559
836 67.8559
837 67.8559
838 67.8559
839 67.8559
840 67.8559
841 67.8559
842 67.8559
843 67.8559
844 67.8559
845 67.8559
846 67.8559
847 67.8559
848 67.8559
849 67.8559
850 67.8559
851 67.8559
852 67.8559
853 67.8559
854 67.8559
855 67.8559
856 67.8559
857 67.8559
858 67.8559
859 67.8559
860 67.8559
861 67.8559
862 67.8559
863 67.8559
864 67.8559
865 67.8559
866 67.8559
867 67.8559
868 67.8559
869 67.8559
870 67.8559
871 67.8559
872 67.8559
873 67.8559
874 67.8559
875 67.8559
876 67.8559
877 67.515
878 67.515
879 67.515
880 67.515
881 67.2927
882 67.2927
883 67.2927
884 67.2927
885 67.2927
886 67.2927
887 67.2927
888 67.2927
889 67.2927
890 67.2927
891 67.2927
892 67.2927
893 67.2927
894 67.2927
895 67.2927
896 67.2927
897 67.2927
898 67.2927
899 67.2927
900 67.2927
901 67.2927
902 67.2927
903 67.2927
904 67.2927
905 67.2927
906 67.2927
907 67.2927
908 67.2927
909 67.2927
910 67.2927
911 67.2927
912 67.2927
913 67.2927
914 67.2927
915 67.2927
916 67.2927
917 67.2927
918 67.2927
919 67.2927
920 67.2927
921 67.2927
922 67.2927
923 67.2927
924 67.2927
925 67.2927
926 67.2927
927 67.2927
928 67.2927
929 67.2927
930 67.2927
931 67.2927
932 67.2927
933 67.2927
934 67.2927
935 67.2927
936 67.2927
937 67.2927
938 67.2927
939 67.2927
940 67.2927
941 67.2927
942 67.2927
943 67.2927
944 67.2927
945 67.2927
946 67.1155
947 66.7383
948 66.7383
949 66.7383
950 66.7383
951 66.7383
952 66.7383
953 66.7383
954 66.7383
955 66.7383
956 66.7383
957 66.6318
958 66.6318
959 66.6318
960 66.6318
961 66.6318
962 66.6318
963 66.6318
964 66.6318
965 66.6318
966 66.6318
967 66.6318
968 66.6318
969 66.6318
970 66.6318
971 66.6318
972 66.6318
973 66.6318
974 66.6318
975 66.6318
976 66.6318
977 66.6318
978 66.6318
979 66.6318
980 66.6318
981 65.7281
982 65.7281
983 65.7281
984 65.7281
985 65.7281
986 65.7281
987 65.7281
988 65.7281
989 65.7281
990 65.7281
991 65.7281
992 65.7281
993 65.7281
994 65.7281
995 65.7281
996 65.7281
997 65.7281
998 65.7281
999 65.7281
1000 65.7281
1001 65.7281
1002 65.7281
1003 65.7281
1004 65.7281
1005 65.7281
1006 65.6595
1007 65.6595
1008 65.6595
1009 65.6595
1010 65.6595
1011 65.6595
1012 65.6595
1013 65.6595
1014 65.6595
1015 65.6595
1016 65.6595
1017 65.6595
1018 65.6595
1019 65.6595
1020 65.6595
1021 65.6595
1022 65.6595
1023 65.6595
1024 65.6595
1025 65.6595
1026 65.6595
1027 65.6595
1028 65.6595
1029 65.6595
1030 65.6595
1031 65.6595
1032 65.6595
1033 65.6595
1034 65.6595
1035 65.6595
1036 65.6595
1037 65.6595
1038 65.6595
1039 65.6595
1040 65.6595
1041 65.6595
1042 65.6595
1043 65.6595
1044 65.6595
1045 65.6595
1046 65.6595
1047 65.6595
1048 65.6595
1049 65.6595
1050 65.6595
1051 65.6595
1052 65.6595
1053 65.4111
1054 65.4111
1055 65.4111
1056 65.4111
1057 65.4111
1058 65.4111
1059 65.4111
1060 65.4111
1061 65.4111
1062 65.4111
1063 65.4111
1064 65.4111
1065 64.5605
1066 64.5605
1067 64.5605
1068 64.5605
1069 64.5605
1070 64.5605
1071 64.5605
1072 64.5605
1073 64.5605
1074 64.5605
1075 64.5605
1076 64.5605
1077 64.5605
1078 64.5605
1079 64.5605
1080 64.5605
1081 64.5605
1082 64.5605
1083 64.3555
1084 64.3555
1085 64.3555
1086 64.3555
1087 64.3555
1088 64.3555
1089 64.3555
1090 64.3555
1091 64.3555
1092 64.3555
1093 64.3555
1094 64.3555
1095 64.3555
1096 64.3555
1097 64.3555
1098 64.3555
1099 64.3555
1100 64.3555
1101 64.3555
1102 64.3555
1103 64.3555
1104 64.3555
1105 64.3555
1106 64.3555
1107 64.3555
1108 64.3555
1109 64.3555
1110 64.3555
1111 64.3555
1112 64.3555
1113 64.3555
1114 64.3555
1115 64.3555
1116 64.3555
1117 64.3555
1118 64.3555
1119 64.3555
1120 64.3555
1121 64.3555
1122 64.3555
1123 64.3555
1124 64.3555
1125 64.3294
1126 64.3294
1127 64.3294
1128 64.3294
1129 64.3294
1130 64.3294
1131 64.3294
1132 64.3294
1133 64.3294
1134 64.3294
1135 64.3294
1136 64.3294
1137 64.3294
1138 64.3294
1139 64.3294
1140 64.3294
1141 64.3294
1142 64.3294
1143 64.3294
1144 64.3294
1145 64.3294
1146 64.3294
1147 64.3294
1148 64.3294
1149 64.3294
1150 64.3294
1151 64.3294
1152 64.3294
1153 64.3294
1154 64.3294
1155 64.3294
1156 64.3294
1157 64.3294
1158 64.3294
1159 64.3294
1160 64.3294
1161 64.3294
1162 64.3294
1163 64.3294
1164 64.3294
1165 64.3294
1166 64.3294
1167 64.3294
1168 64.3294
1169 64.3294
1170 64.3294
1171 64.3294
1172 64.3294
1173 64.3294
1174 64.3294
1175 64.3294
1176 64.3294
1177 64.3294
1178 64.3294
1179 64.3294
1180 64.3294
1181 64.3294
1182 64.3294
1183 64.3294
1184 64.3294
1185 64.3294
1186 64.3294
1187 64.3294
1188 64.3294
1189 64.3294
1190 64.3294
1191 64.3294
1192 64.3294
1193 64.3294
1194 64.3294
1195 64.3294
1196 64.3294
1197 64.3294
1198 64.3294
1199 64.3294
1200 64.3294
1201 64.3294
1202 64.3294
1203 64.3294
1204 64.3294
1205 64.3294
1206 64.3294
1207 64.3294
1208 64.3294
1209 64.3294
1210 64.3294
1211 64.3294
1212 64.3294
1213 64.3294
1214 64.3294
1215 64.3294
1216 64.3294
1217 64.3294
1218 64.3294
1219 64.3294
1220 64.3294
1221 64.3294
1222 64.3294
1223 64.3294
1224 64.3294
1225 64.3294
1226 64.3294
1227 64.3294
1228 64.3294
1229 64.3294
1230 64.3294
1231 64.3294
1232 64.3294
1233 64.3294
1234 64.3294
1235 64.3294
1236 64.3294
1237 64.3294
1238 64.3294
1239 64.3294
1240 64.3294
1241 64.3294
1242 64.3294
1243 64.3294
1244 64.3294
1245 64.3294
1246 64.3294
1247 64.3294
1248 64.3294
1249 64.3294
1250 64.3294
1251 64.3294
1252 64.3294
1253 64.3294
1254 64.3294
1255 64.3294
1256 64.3294
1257 64.3294
1258 64.3294
1259 64.3294
1260 64.3294
1261 64.3294
1262 64.3294
1263 64.3294
1264 64.3294
1265 64.3294
1266 64.3294
1267 64.3294
1268 64.3294
1269 64.3294
1270 64.3294
1271 64.3294
1272 64.3294
1273 64.3294
1274 64.3294
1275 64.3294
1276 64.3294
1277 64.3294
1278 64.3294
1279 64.3294
1280 64.3294
1281 64.3294
1282 64.3294
1283 64.3294
1284 64.3294
1285 64.3294
1286 64.3294
1287 64.3294
1288 64.3294
1289 64.3294
1290 64.3294
1291 64.3294
1292 64.3294
1293 64.3294
1294 64.3294
1295 64.3294
1296 64.3294
1297 64.3294
1298 64.3294
1299 64.3294
1300 64.3294
1301 64.3294
1302 64.3294
1303 64.3294
1304 64.3294
1305 64.3294
1306 64.3294
1307 64.3294
1308 64.3294
1309 64.3294
1310 64.3294
1311 64.3294
1312 64.3294
1313 64.3294
1314 64.3294
1315 64.3294
1316 64.3294
1317 64.3294
1318 64.3294
1319 64.3294
1320 64.3294
1321 64.3294
1322 64.3294
1323 64.3294
1324 64.3294
1325 64.3294
1326 64.3294
1327 64.3294
1328 64.3294
1329 64.3294
1330 64.0783
1331 64.0783
1332 64.0783
1333 63.3926
1334 63.3926
1335 63.3926
1336 63.3926
1337 63.3926
1338 63.3926
1339 63.3926
1340 63.3926
1341 63.3926
1342 63.3926
1343 63.3926
1344 63.3926
1345 63.3926
1346 63.3926
1347 63.3926
1348 63.3926
1349 63.3926
1350 63.3926
1351 63.3926
1352 63.3926
1353 63.3926
1354 63.3926
1355 63.3926
1356 63.3926
1357 63.3926
1358 63.3926
1359 63.3926
1360 63.3926
1361 63.3926
1362 63.3926
1363 63.3926
1364 63.3926
1365 63.3926
1366 63.3926
1367 63.3926
1368 63.3926
1369 63.3926
1370 63.3926
1371 62.9733
1372 62.9733
1373 62.9733
1374 62.9733
1375 62.9733
1376 62.9733
1377 62.9733
1378 62.9733
1379 62.9733
1380 62.9733
1381 62.9733
1382 62.9733
1383 62.9733
1384 62.9733
1385 62.9733
1386 62.9733
1387 62.9733
1388 62.9733
1389 62.9733
1390 62.9733
1391 62.9733
1392 62.9733
1393 62.9733
1394 62.9733
1395 62.9733
1396 62.9733
1397 62.9733
1398 62.9733
1399 62.9733
1400 62.9733
1401 62.9733
1402 62.9733
1403 62.9733
1404 62.9733
1405 62.8928
1406 62.8928
1407 62.8928
1408 62.8928
1409 62.8928
1410 62.8928
1411 62.8928
1412 62.8928
1413 62.8928
1414 62.8928
1415 62.8928
1416 62.8928
1417 62.8928
1418 62.8928
1419 62.8928
1420 62.8928
1421 62.8928
1422 62.8928
1423 62.8928
1424 62.8928
1425 62.8928
1426 62.8928
1427 62.8928
1428 62.8928
1429 62.8928
1430 62.8928
1431 62.8928
1432 62.8928
1433 62.8928
1434 62.8928
1435 62.8928
1436 62.8928
1437 62.8928
1438 62.8928
1439 62.8928
1440 62.8928
1441 62.8928
1442 62.8928
1443 62.8928
1444 62.8928
1445 62.8928
1446 62.8928
1447 62.8928
1448 62.8928
1449 62.8928
1450 62.8928
1451 62.8928
1452 62.8928
1453 62.8928
1454 62.8928
1455 62.8928
1456 62.8928
1457 62.8928
1458 62.8928
1459 62.8928
1460 62.8928
1461 62.8928
1462 62.8928
1463 62.8928
1464 62.8928
1465 62.8928
1466 62.8928
1467 62.8928
1468 62.8928
1469 62.8928
1470 62.8928
1471 62.8928
1472 62.8928
1473 62.8928
1474 62.8928
1475 62.8928
1476 62.8928
1477 62.8928
1478 62.8928
1479 62.8928
1480 62.8928
1481 62.8928
1482 62.8928
1483 62.8928
1484 62.8928
1485 62.8928
1486 62.8928
1487 62.8928
1488 62.8928
1489 62.8928
1490 62.8928
1491 62.8928
1492 62.8928
1493 62.8928
1494 62.8928
1495 62.8928
1496 62.8928
1497 62.8928
1498 62.8928
1499 62.8928
1500 62.8928
1501 62.8928
1502 62.8928
1503 62.8928
1504 62.8928
1505 62.8928
1506 62.8928
1507 62.8928
1508 62.8928
1509 62.8928
1510 62.8928
1511 62.8928
1512 62.8928
1513 62.8928
1514 62.8928
1515 62.8928
1516 62.8928
1517 62.8928
1518 62.8928
1519 62.8928
1520 62.8928
1521 62.8928
1522 62.8928
1523 62.8928
1524 62.8928
1525 62.8928
1526 62.8928
1527 62.8928
1528 62.8928
1529 62.8928
1530 62.8928
1531 62.8928
1532 62.8928
1533 62.8928
1534 62.8928
1535 62.8928
1536 62.8928
1537 62.8928
1538 62.8928
1539 62.8928
1540 62.8928
1541 62.8928
1542 62.8928
1543 62.8928
1544 62.8928
1545 62.8928
1546 62.8928
1547 62.8928
1548 62.6886
1549 62.6886
1550 62.6886
1551 62.6886
1552 62.6886
1553 62.6886
1554 62.6886
1555 62.6886
1556 62.6886
1557 62.6886
1558 62.6886
1559 62.6886
1560 62.6886
1561 62.6886
1562 62.6886
1563 62.6886
1564 62.6886
1565 62.6886
1566 62.6886
1567 62.6886
1568 62.6886
1569 62.6886
1570 62.6886
1571 62.6886
1572 62.6886
1573 62.6886
1574 62.6886
1575 62.6886
1576 62.6886
1577 62.6886
1578 62.6886
1579 62.6886
1580 62.6886
1581 62.6886
1582 62.6886
1583 62.6886
1584 62.6886
1585 62.6886
1586 62.6886
1587 62.6886
1588 62.6886
1589 62.6886
1590 62.6886
1591 62.6886
1592 62.6886
1593 62.6886
1594 62.6886
1595 62.6886
1596 62.6886
1597 62.6886
1598 62.6886
1599 62.6886
1600 62.6886
1601 62.6886
1602 62.6886
1603 62.6886
1604 62.6886
1605 62.6886
1606 62.6886
1607 62.6886
1608 62.6886
1609 62.6886
1610 62.6886
1611 62.6886
1612 62.6886
1613 62.6886
1614 62.6886
1615 62.6886
1616 62.6886
1617 62.6886
1618 62.6886
1619 62.6886
1620 62.3444
1621 60.8156
1622 60.8156
1623 60.8156
1624 60.8156
1625 60.8156
1626 60.8156
1627 60.8156
1628 60.8156
1629 60.8156
1630 60.8156
1631 60.8156
1632 60.8156
1633 60.8156
1634 60.8156
1635 60.8156
1636 60.8156
1637 60.8156
1638 60.8156
1639 60.8156
1640 60.8156
1641 60.8156
1642 60.8156
1643 60.8156
1644 60.8156
1645 60.8156
1646 60.8156
1647 60.8156
1648 60.8156
1649 60.8156
1650 60.8156
1651 60.8156
1652 60.8156
1653 60.8156
1654 60.8156
1655 60.8156
1656 60.8156
1657 60.8156
1658 60.8156
1659 60.8156
1660 60.8156
1661 60.8156
1662 60.8156
1663 60.8156
1664 60.8156
1665 60.8156
1666 60.8156
1667 60.8156
1668 60.8156
1669 60.8156
1670 60.8156
1671 60.8156
1672 60.8156
1673 60.8156
1674 60.8156
1675 60.8156
1676 60.8156
1677 60.8156
1678 60.8156
1679 60.8156
1680 60.8156
1681 60.8156
1682 60.8156
1683 60.8156
1684 60.8156
1685 60.8156
1686 60.8156
1687 60.8156
1688 60.8156
1689 60.8156
1690 60.8156
1691 60.8156
1692 60.8156
1693 60.8156
1694 60.8156
1695 60.8156
1696 60.8156
1697 60.8156
1698 60.8156
1699 60.8156
1700 60.8156
1701 60.8156
1702 60.8156
1703 60.8156
1704 60.8156
1705 60.8156
1706 60.8156
1707 60.8156
1708 60.8156
1709 60.8156
1710 60.8156
1711 60.39
1712 60.39
1713 60.39
1714 60.39
1715 60.39
1716 60.39
1717 60.39
1718 60.39
1719 60.39
1720 60.39
1721 60.39
1722 60.39
1723 60.39
1724 60.39
1725 60.39
1726 60.39
1727 60.39
1728 60.39
1729 60.39
1730 60.39
1731 60.39
1732 60.39
1733 60.39
1734 60.39
1735 60.39
1736 60.39
1737 60.39
1738 60.39
1739 60.39
1740 60.39
1741 60.39
1742 60.39
1743 60.39
1744 60.39
1745 60.39
1746 60.39
1747 60.39
1748 60.39
1749 60.39
1750 60.39
1751 60.39
1752 60.39
1753 60.39
1754 60.39
1755 60.39
1756 60.39
1757 60.39
1758 60.39
1759 60.39
1760 60.39
1761 60.39
1762 60.39
1763 60.39
1764 60.39
1765 60.39
1766 60.39
1767 60.39
1768 60.39
1769 60.39
1770 60.39
1771 60.39
1772 60.39
1773 60.39
1774 60.39
1775 60.39
1776 60.39
1777 60.39
1778 60.39
1779 60.39
1780 60.39
1781 60.39
1782 60.39
1783 60.39
1784 60.39
1785 60.39
1786 60.39
1787 60.39
1788 60.39
1789 60.39
1790 60.39
1791 60.39
1792 60.39
1793 60.39
1794 60.39
1795 60.39
1796 60.39
1797 60.39
1798 60.39
1799 60.39
1800 60.39
1801 60.39
1802 60.39
1803 60.39
1804 60.39
1805 60.39
1806 60.39
1807 60.39
1808 60.39
1809 60.39
1810 60.39
1811 60.39
1812 60.39
1813 60.39
1814 60.39
1815 60.39
1816 60.39
1817 60.39
1818 60.39
1819 60.39
1820 60.39
1821 60.39
1822 60.39
1823 60.39
1824 60.39
1825 60.39
1826 60.39
1827 60.39
1828 60.39
1829 60.39
1830 60.39
1831 60.39
1832 60.39
1833 60.39
1834 60.39
1835 60.39
1836 60.39
1837 60.39
1838 60.39
1839 60.39
1840 60.39
1841 60.39
1842 60.39
1843 60.39
1844 60.39
1845 60.39
1846 60.39
1847 60.39
1848 60.39
1849 60.39
1850 60.39
1851 60.39
1852 60.39
1853 60.39
1854 60.39
1855 60.39
1856 60.39
1857 60.39
1858 60.39
1859 60.39
1860 60.39
1861 60.39
1862 60.39
1863 60.39
1864 60.39
1865 60.39
1866 60.39
1867 60.39
1868 60.39
1869 60.39
1870 60.39
1871 60.39
1872 60.39
1873 60.39
1874 60.39
1875 60.39
1876 60.39
1877 60.39
1878 60.39
1879 60.39
1880 60.39
1881 60.39
1882 60.39
1883 60.39
1884 60.39
1885 60.39
1886 60.39
1887 60.39
1888 60.39
1889 60.39
1890 60.39
1891 60.39
1892 60.39
1893 60.39
1894 60.39
1895 60.39
1896 60.39
1897 60.39
1898 60.39
1899 60.39
1900 60.39
1901 60.39
1902 60.39
1903 60.39
1904 60.39
1905 60.39
1906 60.39
1907 60.39
1908 60.39
1909 60.39
1910 60.39
1911 60.39
1912 60.39
1913 60.39
1914 60.39
1915 60.39
1916 60.39
1917 60.39
1918 60.39
1919 60.39
1920 60.39
1921 60.39
1922 60.39
1923 60.39
1924 60.39
1925 60.39
1926 60.39
1927 60.39
1928 60.39
1929 60.39
1930 60.39
1931 60.39
1932 60.39
1933 60.39
1934 60.39
1935 60.39
1936 60.39
1937 60.39
1938 60.39
1939 60.39
1940 60.39
1941 60.39
1942 60.39
1943 60.39
1944 60.39
1945 60.39
1946 60.39
1947 60.39
1948 60.39
1949 60.39
1950 60.39
1951 60.39
1952 60.39
1953 60.39
1954 60.39
1955 60.39
1956 60.39
1957 60.39
1958 60.39
1959 60.39
1960 60.39
1961 60.39
1962 60.39
1963 60.39
1964 60.39
1965 60.39
1966 60.39
1967 60.39
1968 60.39
1969 60.39
1970 60.39
1971 60.39
1972 60.39
1973 60.39
1974 60.39
1975 60.39
1976 60.39
1977 60.39
1978 60.39
1979 60.39
1980 60.39
1981 60.39
1982 60.39
1983 60.39
1984 60.39
1985 60.39
1986 60.39
1987 60.39
1988 60.39
1989 60.39
1990 60.39
1991 60.39
1992 60.39
1993 60.39
1994 60.39
1995 60.39
1996 60.39
1997 60.39
1998 60.39
1999 60.39
2000 60.39
2001 60.39
2002 60.39
2003 60.39
2004 60.39
2005 60.39
2006 60.39
2007 60.39
2008 60.39
2009 60.39
2010 60.39
2011 60.39
2012 60.39
2013 60.39
2014 60.39
2015 60.39
2016 60.39
2017 60.39
2018 60.39
2019 60.39
2020 60.39
2021 60.39
2022 60.39
2023 60.39
2024 60.39
2025 60.39
2026 60.39
2027 60.39
2028 60.39
2029 60.39
2030 60.39
2031 60.39
2032 60.39
2033 60.39
2034 60.39
2035 60.39
2036 60.39
2037 60.39
2038 60.39
2039 60.39
2040 60.39
2041 60.39
2042 60.39
2043 60.39
2044 60.39
2045 60.39
2046 60.39
2047 60.39
2048 60.39
2049 60.39
2050 60.39
2051 60.39
2052 60.39
2053 60.39
2054 60.39
2055 60.39
2056 60.39
2057 60.39
2058 60.39
2059 60.39
2060 60.39
2061 60.39
2062 60.39
2063 60.39
2064 60.39
2065 60.39
2066 60.39
2067 60.39
2068 60.39
2069 60.39
2070 60.39
2071 60.39
2072 60.39
2073 60.39
2074 60.39
2075 60.39
2076 60.39
2077 60.39
2078 60.39
2079 60.39
2080 60.39
2081 60.39
2082 60.39
2083 60.39
2084 60.39
2085 60.39
2086 60.39
2087 60.39
2088 60.39
2089 60.39
2090 60.39
2091 60.39
2092 60.39
2093 60.39
2094 60.39
2095 60.39
2096 60.39
2097 60.39
2098 60.39
2099 60.39
2100 60.39
2101 60.39
2102 60.39
2103 60.39
2104 60.39
2105 60.39
2106 60.39
2107 60.39
2108 60.39
2109 60.39
2110 60.39
2111 60.39
2112 60.39
2113 60.39
2114 60.39
2115 60.39
2116 60.39
2117 60.39
2118 60.39
2119 60.39
2120 60.39
2121 60.39
2122 60.39
2123 60.39
2124 60.39
2125 60.39
2126 60.39
2127 60.39
2128 60.39
2129 60.39
2130 60.39
2131 60.39
2132 60.39
2133 60.39
2134 60.39
2135 60.39
2136 60.39
2137 60.39
2138 60.39
2139 60.39
2140 60.39
2141 60.39
2142 60.39
2143 60.39
2144 60.39
2145 60.39
2146 60.39
2147 60.39
2148 60.39
2149 60.39
2150 60.39
2151 60.39
2152 60.39
2153 60.39
2154 60.39
2155 60.39
2156 60.39
2157 60.39
2158 60.39
2159 60.39
2160 60.39
2161 60.39
2162 60.39
2163 60.39
2164 60.39
2165 60.39
2166 60.39
2167 60.39
2168 60.39
2169 60.39
2170 60.39
2171 60.39
2172 60.39
2173 60.39
2174 60.39
2175 60.39
2176 60.39
2177 60.39
2178 60.39
2179 60.39
2180 60.39
2181 60.39
2182 60.39
2183 60.39
2184 60.39
2185 60.39
2186 60.39
2187 60.39
2188 60.39
2189 60.39
2190 60.39
2191 60.39
2192 60.39
2193 60.39
2194 60.39
2195 60.39
2196 60.39
2197 60.39
2198 60.39
2199 60.39
2200 60.39
2201 60.39
2202 60.39
2203 60.39
2204 60.39
2205 60.39
2206 60.39
2207 60.39
2208 60.39
2209 60.39
2210 60.39
2211 60.39
2212 60.39
2213 60.39
2214 60.39
2215 60.39
2216 60.39
2217 60.39
2218 60.39
2219 60.39
2220 60.39
2221 60.39
2222 60.39
2223 60.39
2224 60.39
2225 60.39
2226 60.39
2227 60.39
2228 60.39
2229 60.39
2230 60.39
2231 60.39
2232 60.39
2233 60.39
2234 60.39
2235 60.39
2236 60.39
2237 60.39
2238 60.39
2239 60.39
2240 60.39
2241 60.39
2242 60.39
2243 60.39
2244 60.39
2245 60.39
2246 60.39
2247 60.39
2248 60.39
2249 60.39
2250 60.39
2251 60.39
2252 60.39
2253 60.39
2254 60.39
2255 60.39
2256 60.39
2257 60.39
2258 60.39
2259 60.39
2260 60.39
2261 60.39
2262 60.39
2263 60.39
2264 60.39
2265 60.39
2266 60.39
2267 60.39
2268 60.39
2269 60.39
2270 60.39
2271 60.39
2272 60.39
2273 60.39
2274 60.39
2275 60.39
2276 60.39
2277 60.39
2278 60.39
2279 60.39
2280 60.39
2281 60.39
2282 60.39
2283 60.39
2284 60.39
2285 60.39
2286 60.39
2287 60.39
2288 60.39
2289 60.39
2290 60.39
2291 60.39
2292 60.39
2293 60.39
2294 60.39
2295 60.39
2296 60.39
2297 60.39
2298 60.39
2299 60.39
2300 60.39
2301 60.39
2302 60.39
2303 60.39
2304 60.39
2305 60.39
2306 60.39
2307 60.39
2308 60.39
2309 60.39
2310 60.39
2311 60.39
2312 60.39
2313 60.39
2314 60.39
2315 60.39
2316 60.39
2317 60.39
2318 60.39
2319 60.39
2320 60.39
2321 60.39
2322 60.39
2323 60.39
2324 60.39
2325 60.39
2326 60.39
2327 60.39
2328 60.39
2329 60.39
2330 60.39
2331 60.39
2332 60.39
2333 60.39
2334 60.39
2335 60.39
2336 60.39
2337 60.39
2338 60.39
2339 60.39
2340 60.39
2341 60.39
2342 60.39
2343 60.39
2344 60.39
2345 60.39
2346 60.39
2347 60.39
2348 60.39
2349 60.39
2350 60.39
2351 60.39
2352 60.39
2353 60.39
2354 60.39
2355 60.39
2356 60.39
2357 60.39
2358 60.39
2359 60.39
2360 60.39
2361 60.39
2362 60.39
2363 60.39
2364 60.39
2365 60.39
2366 60.39
2367 60.39
2368 60.39
2369 60.39
2370 60.39
2371 60.39
2372 60.39
2373 60.39
2374 60.39
2375 60.39
2376 60.39
2377 60.39
2378 60.39
2379 60.39
2380 60.39
2381 60.39
2382 60.39
2383 60.39
2384 60.39
2385 60.39
2386 60.39
2387 60.39
2388 60.39
2389 60.39
2390 60.39
2391 60.39
2392 60.39
2393 60.39
2394 60.39
2395 60.39
2396 60.39
2397 60.39
2398 60.39
2399 60.39
2400 60.39
2401 60.39
2402 60.39
2403 60.39
2404 60.39
2405 60.39
2406 60.39
2407 60.39
2408 60.39
2409 60.39
2410 60.39
2411 60.39
2412 60.39
2413 60.39
2414 60.39
2415 60.39
2416 60.39
2417 60.39
2418 60.39
2419 60.39
2420 60.39
2421 60.39
2422 60.39
2423 60.39
2424 60.39
2425 60.39
2426 60.39
2427 60.39
2428 60.39
2429 60.39
2430 60.39
2431 60.39
2432 60.39
2433 60.39
2434 60.39
2435 60.39
2436 60.39
2437 60.39
2438 60.39
2439 60.39
2440 60.39
2441 60.39
2442 60.39
2443 60.39
2444 60.39
2445 60.39
2446 60.39
2447 60.39
2448 60.39
2449 60.39
2450 60.39
2451 60.39
2452 60.39
2453 60.39
2454 60.39
2455 60.39
2456 60.39
2457 60.39
2458 60.39
2459 60.39
2460 60.39
2461 60.39
2462 60.39
2463 60.39
2464 60.39
2465 60.39
2466 60.39
2467 60.39
2468 60.39
2469 60.39
2470 60.39
2471 60.39
2472 60.39
2473 60.39
2474 60.39
2475 60.39
2476 60.39
2477 60.39
2478 60.39
2479 60.39
2480 60.39
2481 60.39
2482 60.39
2483 60.39
2484 60.39
2485 60.39
2486 60.39
2487 60.39
2488 60.39
2489 60.39
2490 60.39
2491 60.39
2492 60.39
2493 60.39
2494 60.39
2495 60.39
2496 60.39
2497 60.39
2498 60.39
2499 60.39
2500 60.39
2501 60.39
2502 60.39
2503 60.39
2504 60.39
2505 60.39
2506 60.39
2507 60.39
2508 60.39
2509 60.39
2510 60.39
2511 60.39
2512 60.39
2513 60.39
2514 60.39
2515 60.39
2516 60.39
2517 60.39
2518 60.39
2519 60.39
2520 60.39
2521 60.39
2522 60.39
2523 60.39
2524 60.39
2525 60.39
2526 60.39
2527 60.39
2528 60.39
2529 60.39
2530 60.39
2531 60.39
2532 60.39
2533 60.39
2534 60.39
2535 60.39
2536 60.39
2537 60.39
2538 60.39
2539 60.39
2540 60.39
2541 60.39
2542 60.39
2543 60.39
2544 60.39
2545 60.39
2546 60.39
2547 60.39
2548 60.39
2549 60.39
2550 60.39
2551 60.39
2552 60.39
2553 60.39
2554 60.39
2555 60.39
2556 60.39
2557 60.39
2558 60.39
2559 60.39
2560 60.39
2561 60.39
2562 60.39
2563 60.39
2564 60.39
2565 60.39
2566 60.39
2567 60.39
2568 60.39
2569 60.39
2570 60.39
2571 60.39
2572 60.39
2573 60.39
2574 60.39
2575 60.39
2576 60.39
2577 60.39
2578 60.39
2579 60.39
2580 60.39
2581 60.39
2582 60.39
2583 60.39
2584 60.39
2585 60.39
2586 60.39
2587 60.39
2588 60.39
2589 60.39
2590 60.39
2591 60.39
2592 60.39
2593 60.39
2594 60.39
2595 60.39
2596 60.39
2597 60.39
2598 60.39
2599 60.39
2600 60.39
2601 60.39
2602 60.39
2603 60.39
2604 60.39
2605 60.39
2606 60.39
2607 60.39
2608 60.39
2609 60.39
2610 60.39
2611 60.39
2612 60.39
2613 60.39
2614 60.39
2615 60.39
2616 60.39
2617 60.39
2618 60.39
2619 60.39
2620 60.39
2621 60.39
2622 60.39
2623 60.39
2624 60.39
2625 60.39
2626 60.39
2627 60.39
2628 60.39
2629 60.39
2630 60.39
2631 60.39
2632 60.39
2633 60.39
2634 60.39
2635 60.39
2636 60.39
2637 60.39
2638 60.39
2639 60.39
2640 60.39
2641 60.39
2642 60.39
2643 60.39
2644 60.39
2645 60.39
2646 59.8392
2647 59.8392
2648 59.8392
2649 59.8392
2650 59.8392
2651 59.8392
2652 59.8392
2653 59.8392
2654 59.8392
2655 59.8392
2656 59.8392
2657 59.8392
2658 59.8392
2659 59.8392
2660 59.8392
2661 59.8392
2662 59.8392
2663 59.8392
2664 59.8392
2665 59.8392
2666 59.8392
2667 59.8392
2668 59.8392
2669 59.8392
2670 59.8392
2671 59.8392
2672 59.8392
2673 59.8392
2674 59.8392
2675 59.8392
2676 59.8392
2677 59.8392
2678 59.8392
2679 59.8392
2680 59.8392
2681 59.8392
2682 59.8392
2683 59.8392
2684 59.8392
2685 59.8392
2686 59.8392
2687 59.8392
2688 59.8392
2689 59.8392
2690 59.8392
2691 59.8392
2692 59.8392
2693 59.8392
2694 59.8392
2695 59.8392
2696 59.8392
2697 59.8392
2698 59.8392
2699 59.8392
2700 59.8392
2701 59.8392
2702 59.8392
2703 59.8392
2704 59.8392
2705 59.8392
2706 59.8392
2707 59.8392
2708 59.8392
2709 59.8392
2710 59.8392
2711 59.8392
2712 59.8392
2713 59.8392
2714 59.8392
2715 59.8392
2716 59.8392
2717 59.8392
2718 59.8392
2719 59.8392
2720 59.8392
2721 59.8392
2722 59.8392
2723 59.8392
2724 59.8392
2725 59.8392
2726 59.8392
2727 59.8392
2728 59.8392
2729 59.8392
2730 59.8392
2731 59.8392
2732 59.8392
2733 59.8392
2734 59.8392
2735 59.8392
2736 59.8392
2737 59.8392
2738 59.8392
2739 59.8392
2740 59.8392
2741 59.8392
2742 59.8392
2743 59.8392
2744 59.8392
2745 59.8392
2746 59.8392
2747 59.8392
2748 59.8392
2749 59.8392
2750 59.8392
2751 59.8392
2752 59.8392
2753 59.8392
2754 59.8392
2755 59.8392
2756 59.8392
2757 59.8392
2758 59.8392
2759 59.8392
2760 59.8392
2761 59.8392
2762 59.8392
2763 59.8392
2764 59.8392
2765 59.8392
2766 59.8392
2767 59.8392
2768 59.8392
2769 59.8392
2770 59.8392
2771 59.8392
2772 59.8392
2773 59.8392
2774 59.8392
2775 59.8392
2776 59.8392
2777 59.8392
2778 59.8392
2779 59.8392
2780 59.8392
2781 59.8392
2782 59.8392
2783 59.8392
2784 59.8392
2785 59.8392
2786 59.8392
2787 59.8392
2788 59.8392
2789 59.8392
2790 59.8392
2791 59.8392
2792 59.8392
2793 59.8392
2794 59.8392
2795 59.8392
2796 59.8392
2797 59.8392
2798 59.8392
2799 59.8392
2800 59.8392
2801 59.8392
2802 59.8392
2803 59.8392
2804 59.8392
2805 59.8392
2806 59.8392
2807 59.8392
2808 59.8392
2809 59.8392
2810 59.8392
2811 59.8392
2812 59.8392
2813 59.8392
2814 59.8392
2815 59.8392
2816 59.8392
2817 59.8392
2818 59.8392
2819 59.8392
2820 59.8392
2821 59.8392
2822 59.8392
2823 59.8392
2824 59.8392
2825 59.8392
2826 59.8392
2827 59.8392
2828 59.8392
2829 59.8392
2830 59.8392
2831 59.8392
2832 59.8392
2833 59.8392
2834 59.8392
2835 59.8392
2836 59.8392
2837 59.8392
2838 59.8392
2839 59.8392
2840 59.8392
2841 59.8392
2842 59.8392
2843 59.8392
2844 59.8392
2845 59.8392
2846 59.8392
2847 59.8392
2848 59.8392
2849 59.8392
2850 59.8392
2851 59.8392
2852 59.8392
2853 59.8392
2854 59.8392
2855 59.8392
2856 59.8392
2857 59.8392
2858 59.8392
2859 59.8392
2860 59.8392
2861 59.8392
2862 59.8392
2863 59.8392
2864 59.8392
2865 59.8392
2866 59.8392
2867 59.8392
2868 59.8392
2869 59.8392
2870 59.8392
2871 59.8392
2872 59.8392
2873 59.8392
2874 59.8392
2875 59.8392
2876 59.8392
2877 59.8392
2878 59.8392
2879 59.8392
2880 59.8392
2881 59.8392
2882 59.8392
2883 59.8392
2884 59.8392
2885 59.8392
2886 59.8392
2887 59.8392
2888 59.8392
2889 59.8392
2890 59.8392
2891 59.8392
2892 59.8392
2893 59.8392
2894 59.8392
2895 59.8392
2896 59.8392
2897 59.8392
2898 59.8392
2899 59.8392
2900 59.8392
2901 59.8392
2902 59.8392
2903 59.8392
2904 59.8392
2905 59.8392
2906 59.8392
2907 59.8392
2908 59.8392
2909 59.8392
2910 59.8392
2911 59.8392
2912 59.8392
2913 59.8392
2914 59.8392
2915 59.8392
2916 59.8392
2917 59.8392
2918 59.8392
2919 59.8392
2920 59.8392
2921 59.8392
2922 59.8392
2923 59.8392
2924 59.8392
2925 59.8392
2926 59.8392
2927 59.8392
2928 59.8392
2929 59.8392
2930 59.8392
2931 59.8392
2932 59.8392
2933 59.8392
2934 59.8392
2935 59.8392
2936 59.8392
2937 59.8392
2938 59.8392
2939 59.8392
2940 59.8392
2941 59.8392
2942 59.8392
2943 59.8392
2944 59.8392
2945 59.8392
2946 59.8392
2947 59.8392
2948 59.8392
2949 59.8392
2950 59.8392
2951 59.8392
2952 59.8392
2953 59.8392
2954 59.8392
2955 59.8392
2956 59.8392
2957 59.8392
2958 59.8392
2959 59.8392
2960 59.8392
2961 59.8392
2962 59.8392
2963 59.8392
2964 59.8392
2965 59.8392
2966 59.8392
2967 59.8392
2968 59.8392
2969 59.8392
2970 59.8392
2971 59.8392
2972 59.8392
2973 59.8392
2974 59.8392
2975 59.8392
2976 59.8392
2977 59.8392
2978 59.8392
2979 59.8392
2980 59.8392
2981 59.8392
2982 59.8392
2983 59.8392
2984 59.8392
2985 59.8392
2986 59.8392
2987 59.8392
2988 59.8392
2989 59.8392
2990 59.8392
2991 59.8392
2992 59.8392
2993 59.8392
2994 59.8392
2995 59.8392
2996 59.8392
2997 59.8392
2998 59.8392
2999 59.8392
3000 59.8392
3001 59.8392
3002 59.8392
3003 59.8392
3004 59.8392
3005 59.8392
3006 59.8392
3007 59.8392
3008 59.8392
3009 59.8392
3010 59.8392
3011 59.8392
3012 59.8392
3013 59.8392
3014 59.8392
3015 59.8392
3016 59.8392
3017 59.8392
3018 59.8392
3019 59.8392
3020 59.8392
3021 59.8392
3022 59.8392
3023 59.8392
3024 59.8392
3025 59.8392
3026 59.8392
3027 59.8392
3028 59.8392
3029 59.8392
3030 59.8392
3031 59.8392
3032 59.8392
3033 59.8392
3034 59.8392
3035 59.8392
3036 59.8392
3037 59.8392
3038 59.8392
3039 59.8392
3040 59.8392
3041 59.8392
3042 59.8392
3043 59.8392
3044 59.8392
3045 59.8392
3046 59.8392
3047 59.8392
3048 59.8392
3049 59.8392
3050 59.8392
3051 59.8392
3052 59.8392
3053 59.8392
3054 59.8392
3055 59.8392
3056 59.8392
3057 59.8392
3058 59.8392
3059 59.8392
3060 59.8392
3061 59.8392
3062 59.8392
3063 59.8392
3064 59.8392
3065 59.8392
3066 59.8392
3067 59.8392
3068 59.8392
3069 59.8392
3070 59.8392
3071 59.8392
3072 59.8392
3073 59.8392
3074 59.8392
3075 59.8392
3076 59.8392
3077 59.8392
3078 59.8392
3079 59.8392
3080 59.8392
3081 59.8392
3082 59.8392
3083 59.8392
3084 59.8392
3085 59.8392
3086 59.8392
3087 59.8392
3088 59.8392
3089 59.8392
3090 59.8392
3091 59.8392
3092 59.8392
3093 59.8392
3094 59.8392
3095 59.8392
3096 59.8392
3097 59.8392
3098 59.8392
3099 59.8392
3100 59.8392
3101 59.8392
3102 59.8392
3103 59.8392
3104 59.8392
3105 59.8392
3106 59.8392
3107 59.8392
3108 59.8392
3109 59.8392
3110 59.8392
3111 59.8392
3112 59.8392
3113 59.8392
3114 59.8392
3115 59.8392
3116 59.8392
3117 59.8392
3118 59.8392
3119 59.8392
3120 59.8392
3121 59.8392
3122 59.8392
3123 59.8392
3124 59.8392
3125 59.8392
3126 59.8392
3127 59.8392
3128 59.8392
3129 59.8392
3130 59.8392
3131 59.8392
3132 59.8392
3133 59.8392
3134 59.8392
3135 59.8392
3136 59.8392
3137 59.8392
3138 59.8392
3139 59.8392
3140 59.8392
3141 59.8392
3142 59.8392
3143 59.8392
3144 59.8392
3145 59.8392
3146 59.8392
3147 59.8392
3148 59.8392
3149 59.8392
3150 59.8392
3151 59.8392
3152 59.8392
3153 59.8392
3154 59.8392
3155 59.8392
3156 59.8392
3157 59.8392
3158 59.8392
3159 59.8392
3160 59.8392
3161 59.8392
3162 59.8392
3163 59.8392
3164 59.8392
3165 59.8392
3166 59.8392
3167 59.8392
3168 59.8392
3169 59.8392
3170 59.8392
3171 59.8392
3172 59.8392
3173 59.8392
3174 59.8392
3175 59.8392
3176 59.8392
3177 59.8392
3178 59.8392
3179 59.8392
3180 59.8392
3181 59.8392
3182 59.8392
3183 59.8392
3184 59.8392
3185 59.8392
3186 59.8392
3187 59.8392
3188 59.8392
3189 59.8392
3190 59.8392
3191 59.8392
3192 59.8392
3193 59.8392
3194 59.8392
3195 59.8392
3196 59.8392
3197 59.8392
3198 59.8392
3199 59.8392
3200 59.8392
3201 59.8392
3202 59.8392
3203 59.8392
3204 59.8392
3205 59.8392
3206 59.8392
3207 59.8392
3208 59.8392
3209 59.8392
3210 59.8392
3211 59.8392
3212 59.8392
3213 59.8392
3214 59.8392
3215 59.8392
3216 59.8392
3217 59.8392
3218 59.8392
3219 59.8392
3220 59.8392
3221 59.8392
3222 59.8392
3223 59.8392
3224 59.8392
3225 59.8392
3226 59.8392
3227 59.8392
3228 59.8392
3229 59.8392
3230 59.8392
3231 59.8392
3232 59.8392
3233 59.8392
3234 59.8392
3235 59.8392
3236 59.8392
3237 59.8392
3238 59.8392
3239 59.8392
3240 59.8392
3241 59.8392
3242 59.8392
3243 59.8392
3244 59.8392
3245 59.8392
3246 59.8392
3247 59.8392
3248 59.8392
3249 59.8392
3250 59.8392
3251 59.8392
3252 59.8392
3253 59.8392
3254 59.8392
3255 59.8392
3256 59.8392
3257 59.8392
3258 59.8392
3259 59.8392
3260 59.8392
3261 59.8392
3262 59.8392
3263 59.8392
3264 59.8392
3265 59.8392
3266 59.8392
3267 59.8392
3268 59.8392
3269 59.8392
3270 59.8392
3271 59.8392
3272 59.8392
3273 59.8392
3274 59.8392
3275 59.8392
3276 59.8392
3277 59.8392
3278 59.8392
3279 59.8392
3280 59.8392
3281 59.8392
3282 59.8392
3283 59.8392
3284 59.8392
3285 59.8392
3286 59.8392
3287 59.8392
3288 59.8392
3289 59.8392
3290 59.8392
3291 59.8392
3292 59.8392
3293 59.8392
3294 59.8392
3295 59.8392
3296 59.8392
3297 59.8392
3298 59.8392
3299 59.8392
3300 59.8392
3301 59.8392
3302 59.8392
3303 59.8392
3304 59.8392
3305 59.8392
3306 59.8392
3307 59.8392
3308 59.8392
3309 59.8392
3310 59.8392
3311 59.8392
3312 59.8392
3313 59.8392
3314 59.8392
3315 59.8392
3316 59.8392
3317 59.8392
3318 59.8392
3319 59.8392
3320 59.8392
3321 59.8392
3322 59.8392
3323 59.8392
3324 59.8392
3325 59.8392
3326 59.8392
3327 59.8392
3328 59.8392
3329 59.8392
3330 59.8392
3331 59.8392
3332 59.8392
3333 59.8392
3334 59.8392
3335 59.8392
3336 59.8392
3337 59.8392
3338 59.8392
3339 59.8392
3340 59.8392
3341 59.8392
3342 59.8392
3343 59.8392
3344 59.8392
3345 59.8392
3346 59.8392
3347 59.8392
3348 59.8392
3349 59.8392
3350 59.8392
3351 59.8392
3352 59.8392
3353 59.8392
3354 59.8392
3355 59.8392
3356 59.8392
3357 59.8392
3358 59.8392
3359 59.8392
3360 59.8392
3361 59.8392
3362 59.8392
3363 59.8392
3364 59.8392
3365 59.8392
3366 59.8392
3367 59.8392
3368 59.8392
3369 59.8392
3370 59.8392
3371 59.8392
3372 59.8392
3373 59.8392
3374 59.8392
3375 59.8392
3376 59.8392
3377 59.8392
3378 59.8392
3379 59.8392
3380 59.8392
3381 59.8392
3382 59.8392
3383 59.8392
3384 59.8392
3385 59.8392
3386 59.8392
3387 59.8392
3388 59.8392
3389 59.8392
3390 59.8392
3391 59.8392
3392 59.8392
3393 59.8392
3394 59.8392
3395 59.8392
3396 59.8392
3397 59.8392
3398 59.8392
3399 59.8392
3400 59.8392
3401 59.8392
3402 59.8392
3403 59.8392
3404 59.8392
3405 59.8392
3406 59.8392
3407 59.8392
3408 59.8392
3409 59.8392
3410 59.8392
3411 59.8392
3412 59.8392
3413 59.8392
3414 59.8392
3415 59.8392
3416 59.8392
3417 59.8392
3418 59.8392
3419 59.8392
3420 59.8392
3421 59.8392
3422 59.8392
3423 59.8392
3424 59.8392
3425 59.8392
3426 59.8392
3427 59.8392
3428 59.8392
3429 59.8392
3430 59.8392
3431 59.8392
3432 59.8392
3433 59.8392
3434 59.8392
3435 59.8392
3436 59.8392
3437 59.8392
3438 59.8392
3439 59.8392
3440 59.8392
3441 59.8392
3442 59.8392
3443 59.8392
3444 59.8392
3445 59.8392
3446 59.8392
3447 59.8392
3448 59.8392
3449 59.8392
3450 59.8392
3451 59.8392
3452 59.8392
3453 59.8392
3454 59.8392
3455 59.8392
3456 59.8392
3457 59.8392
3458 59.8392
3459 59.8392
3460 59.8392
3461 59.8392
3462 59.8392
3463 59.8392
3464 59.8392
3465 59.8392
3466 59.8392
3467 59.8392
3468 59.8392
3469 59.8392
3470 59.8392
3471 59.8392
3472 59.8392
3473 59.8392
3474 59.8392
3475 59.8392
3476 59.8392
3477 59.8392
3478 59.8392
3479 59.8392
3480 59.8392
3481 59.8392
3482 59.8392
3483 59.8392
3484 59.8392
3485 59.8392
3486 59.8392
3487 59.8392
3488 59.8392
3489 59.8392
3490 59.8392
3491 59.8392
3492 59.8392
3493 59.8392
3494 59.8392
3495 59.8392
3496 59.8392
3497 59.8392
3498 59.8392
3499 59.8392
3500 59.8392
3501 59.8392
3502 59.8392
3503 59.8392
3504 59.8392
3505 59.8392
3506 59.8392
3507 59.8392
3508 59.8392
3509 59.8392
3510 59.8392
3511 59.8392
3512 59.8392
3513 59.8392
3514 59.8392
3515 59.8392
3516 59.8392
3517 59.8392
3518 59.8392
3519 59.8392
3520 59.8392
3521 59.8392
3522 59.8392
3523 59.8392
3524 59.8392
3525 59.8392
3526 59.8392
3527 59.8392
3528 59.8392
3529 59.8392
3530 59.8392
3531 59.8392
3532 59.8392
3533 59.8392
3534 59.8392
3535 59.8392
3536 59.8392
3537 59.8392
3538 59.8392
3539 59.8392
3540 59.8392
3541 59.8392
3542 59.8392
3543 59.8392
3544 59.8392
3545 59.8392
3546 59.8392
3547 59.8392
3548 59.8392
3549 59.8392
3550 59.8392
3551 59.8392
3552 59.8392
3553 59.8392
3554 59.8392
3555 59.8392
3556 59.8392
3557 59.8392
3558 59.8392
3559 59.8392
3560 59.8392
3561 59.8392
3562 59.8392
3563 59.8392
3564 59.8392
3565 59.8392
3566 59.8392
3567 59.8392
3568 59.8392
3569 59.8392
3570 59.8392
3571 59.8392
3572 59.8392
3573 59.8392
3574 59.8392
3575 59.8392
3576 59.8392
3577 59.8392
3578 59.8392
3579 59.8392
3580 59.8392
3581 59.8392
3582 59.8392
3583 59.8392
3584 59.8392
3585 59.8392
3586 59.8392
3587 59.8392
3588 59.8392
3589 59.8392
3590 59.8392
3591 59.8392
3592 59.8392
3593 59.8392
3594 59.8392
3595 59.8392
3596 59.8392
3597 59.8392
3598 59.8392
3599 59.8392
3600 59.8392
3601 59.8392
3602 59.8392
3603 59.8392
3604 59.8392
3605 59.8392
3606 59.8392
3607 59.8392
3608 59.8392
3609 59.8392
3610 59.8392
3611 59.8392
3612 59.8392
3613 59.8392
3614 59.8392
3615 59.8392
3616 59.8392
3617 59.8392
3618 59.8392
3619 59.8392
3620 59.8392
3621 59.8392
3622 59.8392
3623 59.8392
3624 59.8392
3625 59.8392
3626 59.8392
3627 59.8392
3628 59.8392
3629 59.8392
3630 59.8392
3631 59.8392
3632 59.8392
3633 59.8392
3634 59.8392
3635 59.8392
3636 59.8392
3637 59.8392
3638 59.8392
3639 59.8392
3640 59.8392
3641 59.8392
3642 59.8392
3643 59.8392
3644 59.8392
3645 59.8392
3646 59.8392
3647 59.8392
3648 59.8392
3649 59.8392
3650 59.8392
3651 59.8392
3652 59.8392
3653 59.8392
3654 59.8392
3655 59.8392
3656 59.8392
3657 59.8392
3658 59.8392
3659 59.8392
3660 59.8392
3661 59.8392
3662 59.8392
3663 59.8392
3664 59.8392
3665 59.8392
3666 59.8392
3667 59.8392
3668 59.8392
3669 59.8392
3670 59.8392
3671 59.8392
3672 59.8392
3673 59.8392
3674 59.8392
3675 59.8392
3676 59.8392
3677 59.8392
3678 59.8392
3679 59.8392
3680 59.8392
3681 59.8392
3682 59.8392
3683 59.8392
3684 59.8392
3685 59.8392
3686 59.8392
3687 59.8392
3688 59.8392
3689 59.8392
3690 59.8392
3691 59.8392
3692 59.8392
3693 59.8392
3694 59.8392
3695 59.8392
3696 59.8392
3697 59.8392
3698 59.8392
3699 59.8392
3700 59.8392
3701 59.8392
3702 59.8392
3703 59.8392
3704 59.8392
3705 59.8392
3706 59.8392
3707 59.8392
3708 59.8392
3709 59.8392
3710 59.8392
3711 59.8392
3712 59.8392
3713 59.8392
3714 59.8392
3715 59.8392
3716 59.8392
3717 59.8392
3718 59.8392
3719 59.8392
3720 59.8392
3721 59.8392
3722 59.8392
3723 59.8392
3724 59.8392
3725 59.8392
3726 59.8392
3727 59.8392
3728 59.8392
3729 59.8392
3730 59.8392
3731 59.8392
3732 59.8392
3733 59.8392
3734 59.8392
3735 59.8392
3736 59.8392
3737 59.8392
3738 59.8392
3739 59.8392
3740 59.8392
3741 59.8392
3742 59.8392
3743 59.8392
3744 59.8392
3745 59.8392
3746 59.8392
3747 59.8392
3748 59.8392
3749 59.8392
3750 59.8392
3751 59.8392
3752 59.8392
3753 59.8392
3754 59.8392
3755 59.8392
3756 59.8392
3757 59.8392
3758 59.8392
3759 59.8392
3760 59.8392
3761 59.8392
3762 59.8392
3763 59.8392
3764 59.8392
3765 59.8392
3766 59.8392
3767 59.8392
3768 59.8392
3769 59.8392
3770 59.8392
3771 59.8392
3772 59.8392
3773 59.8392
3774 59.8392
3775 59.8392
3776 59.8392
3777 59.8392
3778 59.8392
3779 59.8392
3780 59.8392
3781 59.8392
3782 59.8392
3783 59.8392
3784 59.8392
3785 59.8392
3786 59.8392
3787 59.8392
3788 59.8392
3789 59.8392
3790 59.8392
3791 59.8392
3792 59.8392
3793 59.8392
3794 59.8392
3795 59.8392
3796 59.8392
3797 59.8392
3798 59.8392
3799 59.8392
3800 59.8392
3801 59.8392
3802 59.8392
3803 59.8392
3804 59.8392
3805 59.8392
3806 59.8392
3807 59.8392
3808 59.8392
3809 59.8392
3810 59.8392
3811 59.8392
3812 59.8392
3813 59.8392
3814 59.8392
3815 59.8392
3816 59.8392
3817 59.8392
3818 59.8392
3819 59.8392
3820 59.8392
3821 59.8392
3822 59.8392
3823 59.8392
3824 59.8392
3825 59.8392
3826 59.8392
3827 59.8392
3828 59.8392
3829 59.8392
3830 59.8392
3831 59.8392
3832 59.8392
3833 59.8392
3834 59.8392
3835 59.8392
3836 59.8392
3837 59.8392
3838 59.8392
3839 59.8392
3840 59.8392
3841 59.8392
3842 59.8392
3843 59.8392
3844 59.8392
3845 59.8392
3846 59.8392
3847 59.8392
3848 59.8392
3849 59.8392
3850 59.8392
3851 59.8392
3852 59.8392
3853 59.8392
3854 59.8392
3855 59.8392
3856 59.8392
3857 59.8392
3858 59.8392
3859 59.8392
3860 59.8392
3861 59.8392
3862 59.8392
3863 59.8392
3864 59.8392
3865 59.8392
3866 59.8392
3867 59.8392
3868 59.8392
3869 59.8392
3870 59.8392
3871 59.8392
3872 59.8392
3873 59.8392
3874 59.8392
3875 59.8392
3876 59.8392
3877 59.8392
3878 59.8392
3879 59.8392
3880 59.8392
3881 59.8392
3882 59.8392
3883 59.8392
3884 59.8392
3885 59.8392
3886 59.8392
3887 59.8392
3888 59.8392
3889 59.8392
3890 59.8392
3891 59.8392
3892 59.8392
3893 59.8392
3894 59.8392
3895 59.8392
3896 59.8392
3897 59.8392
3898 59.8392
3899 59.8392
3900 59.8392
3901 59.8392
3902 59.8392
3903 59.8392
3904 59.8392
3905 59.8392
3906 59.8392
3907 59.8392
3908 59.8392
3909 59.8392
3910 59.8392
3911 59.8392
3912 59.8392
3913 59.8392
3914 59.8392
3915 59.8392
3916 59.8392
3917 59.8392
3918 59.8392
3919 59.8392
3920 59.8392
3921 59.8392
3922 59.8392
3923 59.8392
3924 59.8392
3925 59.8392
3926 59.8392
3927 59.8392
3928 59.8392
3929 59.8392
3930 59.8392
3931 59.8392
3932 59.8392
3933 59.8392
3934 59.8392
3935 59.8392
3936 59.8392
3937 59.8392
3938 59.8392
3939 59.8392
3940 59.8392
3941 59.8392
3942 59.8392
3943 59.8392
3944 59.8392
3945 59.8392
3946 59.8392
3947 59.8392
3948 59.8392
3949 59.8392
3950 59.8392
3951 59.8392
3952 59.8392
3953 59.8392
3954 59.8392
3955 59.8392
3956 59.8392
3957 59.8392
3958 59.8392
3959 59.8392
3960 59.8392
3961 59.8392
3962 59.8392
3963 59.8392
3964 59.8392
3965 59.8392
3966 59.8392
3967 59.8392
3968 59.8392
3969 59.8392
3970 59.8392
3971 59.8392
3972 59.8392
3973 59.8392
3974 59.8392
3975 59.8392
3976 59.8392
3977 59.8392
3978 59.8392
3979 59.8392
3980 59.8392
3981 59.8392
3982 59.8392
3983 59.8392
3984 59.8392
3985 59.8392
3986 59.8392
3987 59.8392
3988 59.8392
3989 59.8392
3990 59.8392
3991 59.8392
3992 59.8392
3993 59.8392
3994 59.8392
3995 59.8392
3996 59.8392
3997 59.8392
3998 59.8392
3999 59.8392
4000 59.8392
4001 59.8392
4002 59.8392
4003 59.8392
4004 59.8392
4005 59.8392
4006 59.8392
4007 59.8392
4008 59.8392
4009 59.8392
4010 59.8392
4011 59.8392
4012 59.8392
4013 59.8392
4014 59.8392
4015 59.8392
4016 59.8392
4017 59.8392
4018 59.8392
4019 59.8392
4020 59.8392
4021 59.8392
4022 59.8392
4023 59.8392
4024 59.8392
4025 59.8392
4026 59.8392
4027 59.8392
4028 59.8392
4029 59.8392
4030 59.8392
4031 59.8392
4032 59.8392
4033 59.8392
4034 59.8392
4035 59.8392
4036 59.8392
4037 59.8392
4038 59.8392
4039 59.8392
4040 59.8392
4041 59.8392
4042 59.8392
4043 59.8392
4044 59.8392
4045 59.8392
4046 59.8392
4047 59.8392
4048 59.8392
4049 59.8392
4050 59.8392
4051 59.8392
4052 59.8392
4053 59.8392
4054 59.8392
4055 59.8392
4056 59.8392
4057 59.8392
4058 59.8392
4059 59.8392
4060 59.8392
4061 59.8392
4062 59.8392
4063 59.8392
4064 59.8392
4065 59.8392
4066 59.8392
4067 59.8392
4068 59.8392
4069 59.8392
4070 59.8392
4071 59.8392
4072 59.8392
4073 59.8392
4074 59.8392
4075 59.8392
4076 59.8392
4077 59.8392
4078 59.8392
4079 59.8392
4080 59.8392
4081 59.8392
4082 59.8392
4083 59.8392
4084 59.8392
4085 59.8392
4086 59.8392
4087 59.8392
4088 59.8392
4089 59.8392
4090 59.8392
4091 59.8392
4092 59.8392
4093 59.8392
4094 59.8392
4095 59.8392
4096 59.8392
4097 59.8392
4098 59.8392
4099 59.8392
4100 59.8392
4101 59.8392
4102 59.8392
4103 59.8392
4104 59.8392
4105 59.8392
4106 59.8392
4107 59.8392
4108 59.8392
4109 59.8392
4110 59.8392
4111 59.8392
4112 59.8392
4113 59.8392
4114 59.8392
4115 59.8392
4116 59.8392
4117 59.8392
4118 59.8392
4119 59.8392
4120 59.8392
4121 59.8392
4122 59.8392
4123 59.8392
4124 59.8392
4125 59.8392
4126 59.8392
4127 59.8392
4128 59.8392
4129 59.8392
4130 59.8392
4131 59.8392
4132 59.8392
4133 59.8392
4134 59.8392
4135 59.8392
4136 59.8392
4137 59.8392
4138 59.8392
4139 59.8392
4140 59.8392
4141 59.8392
4142 59.8392
4143 59.8392
4144 59.8392
4145 59.8392
4146 59.8392
4147 59.8392
4148 59.8392
4149 59.8392
4150 59.8392
4151 59.8392
4152 59.8392
4153 59.8392
4154 59.8392
4155 59.8392
4156 59.8392
4157 59.8392
4158 59.8392
4159 59.8392
4160 59.8392
4161 59.8392
4162 59.8392
4163 59.8392
4164 59.8392
4165 59.8392
4166 59.8392
4167 59.8392
4168 59.8392
4169 59.8392
4170 59.8392
4171 59.8392
4172 59.8392
4173 59.8392
4174 59.8392
4175 59.8392
4176 59.8392
4177 59.8392
4178 59.8392
4179 59.8392
4180 59.8392
4181 59.8392
4182 59.8392
4183 59.8392
4184 59.8392
4185 59.8392
4186 59.8392
4187 59.8392
4188 59.8392
4189 59.8392
4190 59.8392
4191 59.8392
4192 59.8392
4193 59.8392
4194 59.8392
4195 59.8392
4196 59.8392
4197 59.8392
4198 59.8392
4199 59.8392
4200 59.8392
4201 59.8392
4202 59.8392
4203 59.8392
4204 59.8392
4205 59.8392
4206 59.8392
4207 59.8392
4208 59.8392
4209 59.8392
4210 59.8392
4211 59.8392
4212 59.8392
4213 59.8392
4214 59.8392
4215 59.8392
4216 59.8392
4217 59.8392
4218 59.8392
4219 59.8392
4220 59.8392
4221 59.8392
4222 59.8392
4223 59.8392
4224 59.8392
4225 59.8392
4226 59.8392
4227 59.8392
4228 59.8392
4229 59.8392
4230 59.8392
4231 59.8392
4232 59.8392
4233 59.8392
4234 59.8392
4235 59.8392
4236 59.8392
4237 59.8392
4238 59.8392
4239 59.8392
4240 59.8392
4241 59.8392
4242 59.8392
4243 59.8392
4244 59.8392
4245 59.8392
4246 59.8392
4247 59.8392
4248 59.8392
4249 59.8392
4250 59.8392
4251 59.8392
4252 59.8392
4253 59.8392
4254 59.8392
4255 59.8392
4256 59.8392
4257 59.8392
4258 59.8392
4259 59.8392
4260 59.8392
4261 59.8392
4262 59.8392
4263 59.8392
4264 59.8392
4265 59.8392
4266 59.8392
4267 59.8392
4268 59.8392
4269 59.8392
4270 59.8392
4271 59.8392
4272 59.8392
4273 59.8392
4274 59.8392
4275 59.8392
4276 59.8392
4277 59.8392
4278 59.8392
4279 59.8392
4280 59.8392
4281 59.8392
4282 59.8392
4283 59.8392
4284 59.8392
4285 59.8392
4286 59.8392
4287 59.8392
4288 59.8392
4289 59.8392
4290 59.8392
4291 59.8392
4292 59.8392
4293 59.8392
4294 59.8392
4295 59.8392
4296 59.8392
4297 59.8392
4298 59.8392
4299 59.8392
4300 59.8392
4301 59.8392
4302 59.8392
4303 59.8392
4304 59.8392
4305 59.8392
4306 59.8392
4307 59.8392
4308 59.8392
4309 59.8392
4310 59.8392
4311 59.8392
4312 59.8392
4313 59.8392
4314 59.8392
4315 59.8392
4316 59.8392
4317 59.8392
4318 59.8392
4319 59.8392
4320 59.8392
4321 59.8392
4322 59.8392
4323 59.8392
4324 59.8392
4325 59.8392
4326 59.8392
4327 59.8392
4328 59.8392
4329 59.8392
4330 59.8392
4331 59.8392
4332 59.8392
4333 59.8392
4334 59.8392
4335 59.8392
4336 59.8392
4337 59.8392
4338 59.8392
4339 59.8392
4340 59.8392
4341 59.8392
4342 59.8392
4343 59.8392
4344 59.8392
4345 59.8392
4346 59.8392
4347 59.8392
4348 59.8392
4349 59.8392
4350 59.8392
4351 59.8392
4352 59.8392
4353 59.8392
4354 59.8392
4355 59.8392
4356 59.8392
4357 59.8392
4358 59.8392
4359 59.8392
4360 59.8392
4361 59.8392
4362 59.8392
4363 59.8392
4364 59.8392
4365 59.8392
4366 59.8392
4367 59.8392
4368 59.8392
4369 59.8392
4370 59.8392
4371 59.8392
4372 59.8392
4373 59.8392
4374 59.8392
4375 59.8392
4376 59.8392
4377 59.8392
4378 59.8392
4379 59.8392
4380 59.8392
4381 59.8392
4382 59.8392
4383 59.8392
4384 59.8392
4385 59.8392
4386 59.8392
4387 59.8392
4388 59.8392
4389 59.8392
4390 59.8392
4391 59.8392
4392 59.8392
4393 59.8392
4394 59.8392
4395 59.8392
4396 59.8392
4397 59.8392
4398 59.8392
4399 59.8392
4400 59.8392
4401 59.8392
4402 59.8392
4403 59.8392
4404 59.8392
4405 59.8392
4406 59.8392
4407 59.8392
4408 59.8392
4409 59.8392
4410 59.8392
4411 59.8392
4412 59.8392
4413 59.8392
4414 59.8392
4415 59.8392
4416 59.8392
4417 59.8392
4418 59.8392
4419 59.8392
4420 59.8392
4421 59.8392
4422 59.8392
4423 59.8392
4424 59.8392
4425 59.8392
4426 59.8392
4427 59.8392
4428 59.8392
4429 59.8392
4430 59.8392
4431 59.8392
4432 59.8392
4433 59.8392
4434 59.8392
4435 59.8392
4436 59.8392
4437 59.8392
4438 59.8392
4439 59.8392
4440 59.8392
4441 59.8392
4442 59.8392
4443 59.8392
4444 59.8392
4445 59.8392
4446 59.8392
4447 59.8392
4448 59.8392
4449 59.8392
4450 59.8392
4451 59.8392
4452 59.8392
4453 59.8392
4454 59.8392
4455 59.8392
4456 59.8392
4457 59.8392
4458 59.8392
4459 59.8392
4460 59.8392
4461 59.8392
4462 59.8392
4463 59.8392
4464 59.8392
4465 59.8392
4466 59.8392
4467 59.8392
4468 59.8392
4469 59.8392
4470 59.8392
4471 59.8392
4472 59.8392
4473 59.8392
4474 59.8392
4475 59.8392
4476 59.8392
4477 59.8392
4478 59.8392
4479 59.8392
4480 59.8392
4481 59.8392
4482 59.8392
4483 59.8392
4484 59.8392
4485 59.8392
4486 59.8392
4487 59.8392
4488 59.8392
4489 59.8392
4490 59.8392
4491 59.8392
4492 59.8392
4493 59.8392
4494 59.8392
4495 59.8392
4496 59.8392
4497 59.8392
4498 59.8392
4499 59.8392
4500 59.8392
4501 59.8392
4502 59.8392
4503 59.8392
4504 59.8392
4505 59.8392
4506 59.8392
4507 59.8392
4508 59.8392
4509 59.8392
4510 59.8392
4511 59.8392
4512 59.8392
4513 59.8392
4514 59.8392
4515 59.8392
4516 59.8392
4517 59.8392
4518 59.8392
4519 59.8392
4520 59.8392
4521 59.8392
4522 59.8392
4523 59.8392
4524 59.8392
4525 59.8392
4526 59.8392
4527 59.8392
4528 59.8392
4529 59.8392
4530 59.8392
4531 59.8392
4532 59.8392
4533 59.8392
4534 59.8392
4535 59.8392
4536 59.8392
4537 59.8392
4538 59.8392
4539 59.8392
4540 59.8392
4541 59.8392
4542 59.8392
4543 59.8392
4544 59.8392
4545 59.8392
4546 59.8392
4547 59.8392
4548 59.8392
4549 59.8392
4550 59.8392
4551 59.8392
4552 59.8392
4553 59.8392
4554 59.8392
4555 59.8392
4556 59.8392
4557 59.8392
4558 59.8392
4559 59.8392
4560 59.8392
4561 59.8392
4562 59.8392
4563 59.8392
4564 59.8392
4565 59.8392
4566 59.8392
4567 59.8392
4568 59.8392
4569 59.8392
4570 59.8392
4571 59.8392
4572 59.8392
4573 59.8392
4574 59.8392
4575 59.8392
4576 59.8392
4577 59.8392
4578 59.8392
4579 59.8392
4580 59.8392
4581 59.8392
4582 59.8392
4583 59.8392
4584 59.8392
4585 59.8392
4586 59.8392
4587 59.8392
4588 59.8392
4589 59.8392
4590 59.8392
4591 59.8392
4592 59.8392
4593 59.8392
4594 59.8392
4595 59.8392
4596 59.8392
4597 59.8392
4598 59.8392
4599 59.8392
4600 59.8392
4601 59.8392
4602 59.8392
4603 59.8392
4604 59.8392
4605 59.8392
4606 59.8392
4607 59.8392
4608 59.8392
4609 59.8392
4610 59.8392
4611 59.8392
4612 59.8392
4613 59.8392
4614 59.8392
4615 59.8392
4616 59.8392
4617 59.8392
4618 59.8392
4619 59.8392
4620 59.8392
4621 59.8392
4622 59.8392
4623 59.8392
4624 59.8392
4625 59.8392
4626 59.8392
4627 59.8392
4628 59.8392
4629 59.8392
4630 59.8392
4631 59.8392
4632 59.8392
4633 59.8392
4634 59.8392
4635 59.8392
4636 59.8392
4637 59.8392
4638 59.8392
4639 59.8392
4640 59.8392
4641 59.8392
4642 59.8392
4643 59.8392
4644 59.8392
4645 59.8392
4646 59.8392
4647 59.8392
4648 59.8392
4649 59.8392
4650 59.8392
4651 59.8392
4652 59.8392
4653 59.8392
4654 59.8392
4655 59.8392
4656 59.8392
4657 59.8392
4658 59.8392
4659 59.8392
4660 59.8392
4661 59.8392
4662 59.8392
4663 59.8392
4664 59.8392
4665 59.8392
4666 59.8392
4667 59.8392
4668 59.8392
4669 59.8392
4670 59.8392
4671 59.8392
4672 59.8392
4673 59.8392
4674 59.8392
4675 59.8392
4676 59.8392
4677 59.8392
4678 59.8392
4679 59.8392
4680 59.8392
4681 59.8392
4682 59.8392
4683 59.8392
4684 59.8392
4685 59.8392
4686 59.8392
4687 59.8392
4688 59.8392
4689 59.8392
4690 59.8392
4691 59.8392
4692 59.8392
4693 59.8392
4694 59.8392
4695 59.8392
4696 59.8392
4697 59.8392
4698 59.8392
4699 59.8392
4700 59.8392
4701 59.8392
4702 59.8392
4703 59.8392
4704 59.8392
4705 59.8392
4706 59.8392
4707 59.8392
4708 59.8392
4709 59.8392
4710 59.8392
4711 59.8392
4712 59.8392
4713 59.8392
4714 59.8392
4715 59.8392
4716 59.8392
4717 59.8392
4718 59.8392
4719 59.8392
4720 59.8392
4721 59.8392
4722 59.8392
4723 59.8392
4724 59.8392
4725 59.8392
4726 59.8392
4727 59.8392
4728 59.8392
4729 59.8392
4730 59.8392
4731 59.8392
4732 59.8392
4733 59.8392
4734 59.8392
4735 59.8392
4736 59.8392
4737 59.8392
4738 59.8392
4739 59.8392
4740 59.8392
4741 59.8392
4742 59.8392
4743 59.8392
4744 59.8392
4745 59.8392
4746 59.8392
4747 59.8392
4748 59.8392
4749 59.8392
4750 59.8392
4751 59.8392
4752 59.8392
4753 59.8392
4754 59.8392
4755 59.8392
4756 59.8392
4757 59.8392
4758 59.8392
4759 59.8392
4760 59.8392
4761 59.8392
4762 59.8392
4763 59.8392
4764 59.8392
4765 59.8392
4766 59.8392
4767 59.8392
4768 59.8392
4769 59.8392
4770 59.8392
4771 59.8392
4772 59.8392
4773 59.8392
4774 59.8392
4775 59.8392
4776 59.8392
4777 59.8392
4778 59.8392
4779 59.8392
4780 59.8392
4781 59.8392
4782 59.8392
4783 59.8392
4784 59.8392
4785 59.8392
4786 59.8392
4787 59.8392
4788 59.8392
4789 59.8392
4790 59.8392
4791 59.8392
4792 59.8392
4793 59.8392
4794 59.8392
4795 59.8392
4796 59.8392
4797 59.8392
4798 59.8392
4799 59.8392
4800 59.8392
4801 59.8392
4802 59.8392
4803 59.8392
4804 59.8392
4805 59.8392
4806 59.8392
4807 59.8392
4808 59.8392
4809 59.8392
4810 59.8392
4811 59.8392
4812 59.8392
4813 59.8392
4814 59.8392
4815 59.8392
4816 59.8392
4817 59.8392
4818 59.8392
4819 59.8392
4820 59.8392
4821 59.8392
4822 59.8392
4823 59.8392
4824 59.8392
4825 59.8392
4826 59.8392
4827 59.8392
4828 59.8392
4829 59.8392
4830 59.8392
4831 59.8392
4832 59.8392
4833 59.8392
4834 59.8392
4835 59.8392
4836 59.8392
4837 59.8392
4838 59.8392
4839 59.8392
4840 59.8392
4841 59.8392
4842 59.8392
4843 59.8392
4844 59.8392
4845 59.8392
4846 59.8392
4847 59.8392
4848 59.8392
4849 59.8392
4850 59.8392
4851 59.8392
4852 59.8392
4853 59.8392
4854 59.8392
4855 59.8392
4856 59.8392
4857 59.8392
4858 59.8392
4859 59.8392
4860 59.8392
4861 59.8392
4862 59.8392
4863 59.8392
4864 59.8392
4865 59.8392
4866 59.8392
4867 59.8392
4868 59.8392
4869 59.8392
4870 59.8392
4871 59.8392
4872 59.8392
4873 59.8392
4874 59.8392
4875 59.8392
4876 59.8392
4877 59.8392
4878 59.8392
4879 59.8392
4880 59.8392
4881 59.8392
4882 59.8392
4883 59.8392
4884 59.8392
4885 59.8392
4886 59.8392
4887 59.8392
4888 59.8392
4889 59.8392
4890 59.8392
4891 59.8392
4892 59.8392
4893 59.8392
4894 59.8392
4895 59.8392
4896 59.8392
4897 59.8392
4898 59.8392
4899 59.8392
4900 59.8392
4901 59.8392
4902 59.8392
4903 59.8392
4904 59.8392
4905 59.8392
4906 59.8392
4907 59.8392
4908 59.8392
4909 59.8392
4910 59.8392
4911 59.8392
4912 59.8392
4913 59.8392
4914 59.8392
4915 59.8392
4916 59.8392
4917 59.8392
4918 59.8392
4919 59.8392
4920 59.8392
4921 59.8392
4922 59.8392
4923 59.8392
4924 59.8392
4925 59.8392
4926 59.8392
4927 59.8392
4928 59.8392
4929 59.8392
4930 59.8392
4931 59.8392
4932 59.8392
4933 59.8392
4934 59.8392
4935 59.8392
4936 59.8392
4937 59.8392
4938 59.8392
4939 59.8392
4940 59.8392
4941 59.8392
4942 59.8392
4943 59.8392
4944 59.8392
4945 59.8392
4946 59.8392
4947 59.8392
4948 59.8392
4949 59.8392
4950 59.8392
4951 59.8392
4952 59.8392
4953 59.8392
4954 59.8392
4955 59.8392
4956 59.8392
4957 59.8392
4958 59.8392
4959 59.8392
4960 59.8392
4961 59.8392
4962 59.8392
4963 59.8392
4964 59.8392
4965 59.8392
4966 59.8392
4967 59.8392
4968 59.8392
4969 59.8392
4970 59.8392
4971 59.8392
4972 59.8392
4973 59.8392
4974 59.8392
4975 59.8392
4976 59.8392
4977 59.8392
4978 59.8392
4979 59.8392
4980 59.8392
4981 59.8392
4982 59.8392
4983 59.8392
4984 59.8392
4985 59.8392
4986 59.8392
4987 59.8392
4988 59.8392
4989 59.8392
4990 59.8392
4991 59.8392
4992 59.8392
4993 59.8392
4994 59.8392
4995 59.8392
4996 59.8392
4997 59.8392
4998 59.8392
4999 59.8392
