0 2153.64
1 2035.38
2 1882.54
3 1771.58
4 1598.62
5 1540.69
6 1457.05
7 1429.24
8 1377.78
9 1320.23
10 1281.45
11 1222.87
12 1175.52
13 1136.46
14 1120.44
15 1094.86
16 1070.9
17 1021.26
18 1001.09
19 952.826
20 938.952
21 902.376
22 878.645
23 874.035
24 848.152
25 826.96
26 796.957
27 765.092
28 742
29 717.011
30 705.609
31 693.973
32 679.129
33 672.757
34 672.253
35 638.03
36 628.99
37 626.596
38 613.179
39 603.98
40 595.04
41 590.812
42 588.503
43 576.512
44 564.539
45 560.498
46 546.13
47 540.941
48 533.094
49 524.38
50 522.486
51 515.576
52 512.784
53 509.855
54 501.947
55 488.043
56 482.67
57 482.67
58 475.726
59 474.083
60 462.218
61 454.579
62 430.997
63 430.514
64 429.191
65 422.988
66 418.664
67 418.135
68 403.552
69 400.371
70 395.586
71 386.539
72 385.353
73 376.662
74 368.662
75 355.971
76 355.971
77 355.971
78 355.971
79 355.971
80 346.849
81 339.888
82 339.888
83 328.409
84 327.128
85 319.483
86 319.483
87 319.483
88 319.483
89 319.483
90 318.95
91 315.037
92 314.105
93 313.336
94 313.336
95 312.835
96 303.975
97 302.202
98 299.839
99 296.582
100 292.766
101 291.576
102 288.614
103 286.406
104 284.838
105 282.347
106 280.138
107 277.119
108 277.119
109 277.119
110 277.119
111 277.119
112 275.826
113 273.933
114 272.251
115 270.11
116 268.472
117 268.367
118 268.367
119 268.173
120 268.173
121 266.897
122 266.897
123 266.897
124 266.897
125 264.784
126 262.875
127 262.425
128 260.516
129 259.465
130 259.465
131 259.465
132 259.465
133 257.349
134 256.063
135 255.205
136 252.873
137 251.734
138 249.828
139 247.271
140 245.97
141 245.97
142 245.705
143 245.705
144 237.158
145 229.931
146 229.666
147 229.603
148 228.138
149 222.566
150 222.566
151 222.566
152 222.566
153 222.566
154 222.566
155 222.398
156 222.398
157 222.398
158 222.398
159 222.398
160 221.34
161 221.34
162 221.34
163 221.34
164 219.956
165 219.692
166 204.289
167 204.289
168 203.665
169 202.536
170 197.958
171 192.597
172 178.517
173 177.918
174 176.722
175 174.821
176 174.821
177 174.821
178 174.812
179 174.161
180 174.161
181 174.161
182 174.161
183 174.018
184 171.652
185 171.652
186 171.652
187 171.652
188 171.652
189 169.943
190 169.943
191 169.943
192 169.477
193 169.477
194 169.461
195 169.461
196 169.211
197 167.247
198 166.98
199 166.98
200 166.98
201 154.012
202 150.805
203 149.666
204 149.666
205 147.479
206 140.946
207 140.946
208 140.946
209 140.946
210 138.565
211 137.84
212 137.84
213 137.84
214 137.84
215 135.235
216 135.235
217 131.858
218 131.858
219 131.858
220 131.436
221 130.339
222 127.815
223 127.048
224 127.048
225 126.177
226 126.177
227 126.177
228 125.215
229 125.215
230 125.215
231 123.874
232 123.302
233 123.302
234 122.934
235 122.934
236 122.934
237 122.934
238 122.491
239 122.491
240 122.392
241 122.392
242 122.269
243 121.95
244 121.314
245 120.38
246 119.642
247 119.513
248 118.298
249 116.518
250 116.518
251 116.518
252 116.518
253 115.696
254 115.696
255 115.696
256 115.696
257 115.696
258 115.696
259 114.888
260 114.888
261 114.888
262 114.888
263 114.888
264 114.282
265 114.282
266 114.282
267 112.098
268 111.729
269 111.729
270 111.729
271 111.729
272 111.729
273 111.729
274 111.729
275 111.729
276 111.729
277 111.729
278 111.729
279 110.862
280 110.862
281 110.862
282 110.862
283 110.862
284 110.862
285 110.551
286 108.952
287 108.73
288 108.143
289 108.143
290 108.143
291 108.143
292 106.502
293 106.502
294 106.34
295 105.297
296 105.297
297 104.113
298 104.113
299 104.019
300 104.019
301 104.019
302 103.458
303 103.458
304 103.458
305 103.458
306 103.458
307 103.458
308 103.239
309 103.239
310 103.239
311 103.239
312 103.239
313 103.239
314 103.073
315 103.073
316 103.073
317 103.073
318 103.021
319 103.021
320 102.315
321 101.872
322 101.872
323 101.872
324 101.872
325 101.872
326 101.872
327 101.872
328 101.872
329 101.872
330 101.097
331 101.097
332 101.097
333 101.097
334 101.097
335 101.097
336 101.097
337 101.097
338 101.097
339 101.097
340 101.097
341 101.097
342 101.097
343 101.097
344 100.63
345 100.63
346 100.63
347 100.63
348 100.63
349 99.4979
350 99.4979
351 99.4979
352 99.4979
353 98.9682
354 98.9682
355 98.9682
356 98.9682
357 98.9682
358 98.9682
359 98.8348
360 98.8348
361 98.8348
362 97.8567
363 96.5912
364 93.998
365 93.998
366 93.998
367 93.998
368 93.998
369 93.998
370 93.998
371 93.998
372 93.998
373 93.5143
374 92.6701
375 92.6701
376 92.6701
377 92.6701
378 92.6701
379 92.6701
380 92.2461
381 92.2461
382 92.2461
383 90.9984
384 90.9984
385 90.9984
386 90.9984
387 90.9984
388 90.9984
389 90.9984
390 90.9984
391 87.5222
392 87.5222
393 87.5222
394 87.5222
395 86.2526
396 86.2526
397 86.2526
398 86.2526
399 86.2526
400 86.2526
401 86.2526
402 86.2526
403 86.2526
404 86.2526
405 86.2526
406 86.2526
407 86.2526
408 86.2526
409 85.3498
410 85.3498
411 85.3498
412 85.3498
413 85.3498
414 85.3498
415 85.3498
416 85.3498
417 84.726
418 84.726
419 84.726
420 84.726
421 84.726
422 84.726
423 84.726
424 84.726
425 84.726
426 84.726
427 84.726
428 84.726
429 84.726
430 84.726
431 84.726
432 84.3524
433 84.3524
434 84.3524
435 84.3524
436 84.3524
437 84.3524
438 84.3524
439 84.3524
440 84.3524
441 84.3524
442 84.0949
443 84.0949
444 84.0949
445 84.0949
446 84.0949
447 84.0949
448 84.0949
449 84.0949
450 84.0949
451 84.0949
452 84.0949
453 82.3324
454 82.3324
455 82.3324
456 82.3324
457 82.3324
458 82.3324
459 82.1074
460 82.1074
461 80.9103
462 80.9103
463 80.9103
464 80.9103
465 80.9103
466 80.9103
467 80.9103
468 80.9103
469 80.9103
470 80.9103
471 80.0102
472 80.0102
473 79.5684
474 79.5684
475 78.9199
476 78.9199
477 78.9199
478 78.9199
479 78.9199
480 78.9199
481 78.9199
482 78.9199
483 78.9199
484 78.9199
485 78.9199
486 78.9199
487 78.9199
488 78.9199
489 78.3086
490 77.9912
491 77.9912
492 77.9912
493 77.9912
494 77.9912
495 77.9912
496 77.9912
497 77.9912
498 77.9912
499 77.9912
500 77.9912
501 77.9912
502 77.4124
503 77.4124
504 77.4124
505 77.4124
506 77.4124
507 77.4124
508 77.4124
509 77.4124
510 77.4124
511 77.4124
512 77.4124
513 77.4124
514 77.3467
515 77.2786
516 77.269
517 77.269
518 77.0459
519 77.0459
520 77.0459
521 77.0459
522 77.0459
523 77.0459
524 77.0459
525 76.298
526 76.298
527 76.298
528 75.5552
529 75.5552
530 75.5552
531 75.5552
532 75.5552
533 75.5552
534 75.5552
535 75.5552
536 75.5552
537 75.5552
538 75.5552
539 75.5552
540 75.5552
541 75.5552
542 75.5552
543 75.5552
544 75.5552
545 75.5552
546 75.5552
547 75.5552
548 74.6036
549 74.6036
550 74.6036
551 74.3727
552 74.1946
553 74.1946
554 74.1946
555 74.1946
556 74.1946
557 74.1946
558 74.1946
559 74.1946
560 74.1946
561 74.1946
562 74.1946
563 74.1946
564 74.1946
565 74.1946
566 74.1946
567 74.1946
568 74.1946
569 73.6645
570 71.6186
571 70.1221
572 70.1221
573 70.1221
574 70.1221
575 70.1221
576 70.1221
577 70.1221
578 70.1221
579 70.1221
580 70.1221
581 70.1221
582 70.1221
583 70.1221
584 70.1221
585 70.1221
586 70.1221
587 70.1221
588 70.1221
589 70.1221
590 70.1221
591 70.1221
592 70.1221
593 70.1221
594 70.1221
595 70.1221
596 70.1221
597 70.1221
598 70.1221
599 70.1221
600 70.1221
601 70.1221
602 70.1221
603 70.1221
604 70.1221
605 70.1221
606 70.1221
607 70.1221
608 70.1221
609 70.1221
610 70.1221
611 70.1221
612 70.1221
613 70.1221
614 70.1221
615 70.1221
616 70.1221
617 70.1221
618 70.1221
619 70.1221
620 70.1221
621 70.1221
622 70.1221
623 69.9559
624 69.8775
625 69.8775
626 69.8775
627 69.8775
628 69.8775
629 69.8775
630 69.8775
631 69.8775
632 69.8775
633 69.8775
634 69.8775
635 69.8775
636 69.8775
637 69.8775
638 69.8775
639 69.8775
640 69.8775
641 69.8775
642 69.8775
643 69.8775
644 69.8775
645 69.8775
646 69.8775
647 69.8775
648 69.8775
649 69.8775
650 69.8775
651 68.6919
652 68.6919
653 68.6919
654 68.6919
655 68.6919
656 68.6919
657 68.6919
658 68.5957
659 68.0373
660 68.0373
661 68.0373
662 68.0373
663 68.0373
664 68.0373
665 68.0373
666 68.0373
667 67.7403
668 67.7403
669 67.7403
670 67.7403
671 67.7403
672 67.7403
673 67.7403
674 67.7403
675 67.7403
676 67.7403
677 67.7403
678 67.7403
679 67.7403
680 67.7403
681 67.7403
682 67.7403
683 67.7403
684 67.7403
685 67.7403
686 67.7403
687 67.7403
688 67.7403
689 67.7403
690 67.7403
691 67.7403
692 67.7403
693 67.7403
694 67.7403
695 67.7403
696 67.2648
697 67.131
698 67.131
699 67.131
700 67.131
701 67.131
702 67.131
703 66.4846
704 66.4846
705 66.4846
706 66.4846
707 66.4846
708 66.0009
709 66.0009
710 66.0009
711 66.0009
712 66.0009
713 66.0009
714 66.0009
715 66.0009
716 66.0009
717 66.0009
718 66.0009
719 66.0009
720 66.0009
721 66.0009
722 66.0009
723 66.0009
724 66.0009
725 66.0009
726 66.0009
727 66.0009
728 66.0009
729 66.0009
730 66.0009
731 66.0009
732 66.0009
733 66.0009
734 65.1783
735 65.1783
736 65.1783
737 65.1783
738 65.1783
739 65.1783
740 65.1783
741 65.1783
742 65.1783
743 65.1783
744 65.1783
745 65.1783
746 65.1783
747 65.1783
748 65.1783
749 65.1783
750 65.1783
751 65.1783
752 65.1783
753 65.1783
754 65.1783
755 65.1783
756 65.1783
757 65.1783
758 65.1783
759 65.1783
760 65.1783
761 65.1783
762 65.1783
763 65.1783
764 65.1783
765 65.1783
766 65.1783
767 65.1783
768 65.1783
769 65.1783
770 65.1783
771 65.1783
772 65.1783
773 65.1783
774 65.1783
775 65.1783
776 65.1783
777 65.1783
778 65.1783
779 65.1783
780 64.2996
781 64.2996
782 64.2996
783 64.2996
784 64.2996
785 64.2996
786 64.2996
787 64.2996
788 64.2996
789 64.2996
790 64.2996
791 64.2996
792 64.2996
793 64.2996
794 64.2996
795 64.2996
796 64.2996
797 64.2996
798 64.2996
799 64.2996
800 64.2996
801 63.9858
802 63.9858
803 63.9858
804 63.9858
805 63.9858
806 63.9858
807 63.9858
808 63.9858
809 63.9858
810 63.9858
811 63.9858
812 63.9858
813 63.9858
814 63.9858
815 63.9858
816 63.9858
817 63.9858
818 63.9858
819 63.9858
820 63.9858
821 63.9858
822 63.9858
823 63.9858
824 63.9858
825 63.9858
826 63.9858
827 63.9858
828 63.9858
829 63.9858
830 63.9858
831 63.9858
832 63.9858
833 63.9858
834 63.9858
835 63.9858
836 63.9858
837 63.9858
838 63.9858
839 63.9858
840 63.9858
841 63.9858
842 63.9858
843 63.9858
844 63.9858
845 63.9858
846 63.9858
847 63.9858
848 63.9858
849 63.9858
850 63.9858
851 63.9858
852 63.9858
853 63.9858
854 63.9858
855 63.9858
856 63.9858
857 63.9858
858 63.9858
859 63.9858
860 63.9858
861 63.9858
862 63.9858
863 63.9858
864 63.9858
865 63.9858
866 63.9858
867 63.9858
868 63.9858
869 63.9858
870 63.9858
871 63.9858
872 63.9858
873 63.9858
874 63.9858
875 63.9858
876 63.9858
877 63.9858
878 63.9858
879 63.9858
880 63.9858
881 63.9858
882 63.9858
883 63.9858
884 63.9858
885 63.9858
886 63.9858
887 63.9858
888 63.9858
889 63.9858
890 63.9858
891 63.9858
892 63.2558
893 63.2558
894 63.2558
895 63.2558
896 63.2558
897 63.2558
898 63.2558
899 63.2558
900 63.2558
901 63.2558
902 63.2558
903 63.2558
904 63.2558
905 63.2558
906 63.2558
907 63.2558
908 63.2558
909 63.2558
910 63.2558
911 63.2558
912 63.2558
913 63.2558
914 63.2558
915 63.2558
916 63.2558
917 63.2558
918 63.2558
919 63.2558
920 63.2558
921 63.2558
922 63.2558
923 63.2558
924 63.2558
925 63.2558
926 63.2558
927 63.2558
928 63.2558
929 63.2558
930 63.2558
931 63.2558
932 63.2558
933 63.2558
934 63.2558
935 63.1738
936 63.1738
937 63.1738
938 63.1738
939 63.1738
940 63.1738
941 63.1738
942 63.1738
943 63.1738
944 63.1738
945 63.1738
946 63.1738
947 63.1738
948 63.1738
949 63.1738
950 63.1738
951 63.1738
952 63.1738
953 63.1738
954 63.1738
955 63.1738
956 63.1738
957 63.1738
958 63.1738
959 63.1738
960 63.1738
961 63.1738
962 63.1738
963 63.1738
964 63.1738
965 63.1738
966 63.1738
967 63.1738
968 63.1738
969 63.1738
970 63.1738
971 63.1738
972 63.1738
973 63.1738
974 63.1738
975 63.1738
976 63.1738
977 63.1738
978 63.1738
979 63.1738
980 63.1738
981 63.1738
982 63.1257
983 63.1257
984 63.1257
985 63.1257
986 63.1257
987 63.1257
988 63.1257
989 63.1257
990 63.1257
991 63.1257
992 63.1257
993 63.1257
994 63.1257
995 63.1257
996 63.1257
997 63.1257
998 63.1222
999 63.1222
1000 63.1222
1001 63.1222
1002 63.1222
1003 63.1222
1004 63.1222
1005 63.1222
1006 63.1222
1007 63.1222
1008 63.1222
1009 63.1222
1010 63.1222
1011 63.1222
1012 63.1222
1013 63.1222
1014 63.1222
1015 63.1222
1016 63.1222
1017 63.1222
1018 63.1222
1019 63.1222
1020 63.1222
1021 63.1222
1022 63.1222
1023 63.1222
1024 63.1222
1025 63.1222
1026 63.1222
1027 63.1222
1028 63.1222
1029 63.1222
1030 63.1222
1031 63.1222
1032 63.1222
1033 63.1222
1034 63.1222
1035 63.1222
1036 63.1222
1037 63.1222
1038 63.1222
1039 63.1222
1040 63.1222
1041 63.1222
1042 63.1222
1043 63.1222
1044 63.1222
1045 63.1222
1046 63.0826
1047 63.0826
1048 63.0826
1049 63.0826
1050 63.0826
1051 63.0826
1052 63.0826
1053 63.0826
1054 63.0826
1055 63.0826
1056 63.0826
1057 63.0826
1058 63.0826
1059 63.0826
1060 63.0826
1061 63.0826
1062 63.0826
1063 63.0826
1064 63.0826
1065 63.0826
1066 63.0826
1067 63.0826
1068 63.0826
1069 63.0826
1070 63.0826
1071 63.0826
1072 63.0826
1073 63.0826
1074 63.0826
1075 63.0826
1076 63.0826
1077 63.0826
1078 63.0826
1079 63.0826
1080 63.0826
1081 63.0826
1082 63.0826
1083 63.0826
1084 63.0826
1085 63.0826
1086 63.0826
1087 63.0826
1088 63.0826
1089 63.0826
1090 63.0826
1091 63.0826
1092 63.0826
1093 63.0826
1094 63.0826
1095 63.0826
1096 63.0826
1097 63.0826
1098 63.0826
1099 63.0826
1100 63.0826
1101 63.0826
1102 63.0826
1103 63.0826
1104 63.0826
1105 63.0826
1106 63.0826
1107 63.0826
1108 63.0826
1109 63.0826
1110 63.0826
1111 63.0826
1112 63.0826
1113 63.0826
1114 63.0826
1115 63.0826
1116 63.0826
1117 63.0826
1118 63.0826
1119 63.0826
1120 63.0826
1121 63.0826
1122 63.0826
1123 63.0826
1124 63.0826
1125 63.0826
1126 63.0826
1127 62.405
1128 62.405
1129 62.405
1130 62.405
1131 62.405
1132 62.405
1133 62.405
1134 62.405
1135 62.405
1136 62.405
1137 62.405
1138 62.405
1139 62.405
1140 62.405
1141 62.405
1142 62.405
1143 62.405
1144 62.405
1145 62.405
1146 62.405
1147 62.405
1148 62.405
1149 62.405
1150 62.405
1151 62.405
1152 62.405
1153 62.405
1154 62.405
1155 62.405
1156 62.405
1157 62.405
1158 62.405
1159 62.405
1160 62.405
1161 62.405
1162 62.405
1163 62.405
1164 62.405
1165 62.405
1166 62.405
1167 62.405
1168 62.405
1169 62.405
1170 62.405
1171 62.405
1172 62.405
1173 62.405
1174 62.405
1175 62.405
1176 62.405
1177 62.405
1178 62.405
1179 62.405
1180 62.405
1181 62.405
1182 62.405
1183 62.405
1184 62.405
1185 62.405
1186 62.405
1187 62.405
1188 62.405
1189 62.405
1190 62.405
1191 62.405
1192 62.405
1193 62.405
1194 62.405
1195 62.405
1196 62.405
1197 62.405
1198 62.2986
1199 62.2986
1200 62.2986
1201 62.2986
1202 62.2986
1203 62.2986
1204 62.2986
1205 62.2986
1206 62.2986
1207 62.2986
1208 62.2986
1209 62.2986
1210 62.2986
1211 62.2986
1212 62.2986
1213 62.2986
1214 62.2986
1215 62.2986
1216 62.2986
1217 62.2986
1218 61.8318
1219 61.8318
1220 61.8318
1221 61.8318
1222 61.8318
1223 61.8318
1224 61.8318
1225 61.8318
1226 61.8318
1227 61.8318
1228 61.8318
1229 61.8318
1230 61.8318
1231 61.8318
1232 61.8318
1233 61.8318
1234 61.8318
1235 61.8318
1236 61.8318
1237 61.8318
1238 61.8318
1239 61.8318
1240 61.8318
1241 61.8318
1242 61.8318
1243 61.8318
1244 61.8318
1245 61.8318
1246 61.8318
1247 61.8318
1248 61.8318
1249 61.8318
1250 61.8318
1251 61.8318
1252 61.8318
1253 61.8318
1254 61.8318
1255 61.8318
1256 61.8318
1257 61.8318
1258 61.8318
1259 61.8318
1260 61.8318
1261 61.8318
1262 61.8318
1263 61.8318
1264 61.8318
1265 61.8318
1266 61.8318
1267 61.8318
1268 61.8318
1269 61.8318
1270 61.8318
1271 61.8318
1272 61.8318
1273 61.8318
1274 61.8318
1275 61.8318
1276 61.8318
1277 61.8318
1278 61.8318
1279 61.8318
1280 61.8318
1281 61.8318
1282 61.8318
1283 61.8318
1284 61.8318
1285 61.8318
1286 61.8318
1287 61.8318
1288 61.8318
1289 61.8318
1290 61.8318
1291 61.8318
1292 61.8318
1293 61.8318
1294 61.8318
1295 61.8318
1296 61.8318
1297 61.8318
1298 61.8318
1299 61.8318
1300 61.8318
1301 61.8318
1302 61.8318
1303 61.8318
1304 61.8318
1305 61.8318
1306 61.8318
1307 61.8318
1308 61.8318
1309 61.8318
1310 61.8318
1311 61.8318
1312 61.8318
1313 61.8318
1314 61.8318
1315 61.8318
1316 61.8318
1317 61.8318
1318 61.8318
1319 61.8318
1320 61.8318
1321 61.8318
1322 61.8318
1323 61.8318
1324 61.8318
1325 61.8318
1326 61.8318
1327 61.8318
1328 61.8318
1329 61.8318
1330 61.8318
1331 61.8318
1332 61.8318
1333 61.8318
1334 61.8318
1335 61.8318
1336 61.8318
1337 61.8318
1338 61.8318
1339 61.8318
1340 61.8318
1341 61.8318
1342 61.8318
1343 61.8318
1344 61.8318
1345 61.8318
1346 61.8318
1347 61.8318
1348 61.8318
1349 61.8318
1350 61.8318
1351 61.8318
1352 61.8318
1353 61.8318
1354 61.8318
1355 61.8318
1356 61.8318
1357 61.8318
1358 61.8318
1359 61.8318
1360 61.8318
1361 61.8318
1362 61.8318
1363 61.4917
1364 61.4917
1365 61.4917
1366 61.4917
1367 61.4917
1368 61.4917
1369 61.4917
1370 61.4917
1371 61.4917
1372 61.4917
1373 61.4917
1374 61.4917
1375 61.4917
1376 61.4917
1377 61.4917
1378 61.4062
1379 61.2366
1380 61.1737
1381 61.1737
1382 61.1737
1383 61.1737
1384 61.1737
1385 61.1737
1386 61.1737
1387 61.1737
1388 61.1737
1389 61.1737
1390 61.1737
1391 61.1737
1392 61.1737
1393 61.1737
1394 61.1737
1395 61.1737
1396 61.1737
1397 61.1737
1398 61.1737
1399 61.1737
1400 61.1737
1401 61.1737
1402 61.1737
1403 61.1737
1404 61.1737
1405 61.1737
1406 61.1737
1407 61.1737
1408 61.1737
1409 61.1737
1410 61.1737
1411 61.1737
1412 61.1737
1413 61.1737
1414 61.1737
1415 61.1737
1416 61.1737
1417 61.1737
1418 61.1737
1419 61.1737
1420 61.1737
1421 61.1737
1422 61.1737
1423 61.1737
1424 61.1737
1425 61.1737
1426 61.1737
1427 61.1737
1428 61.1737
1429 61.1737
1430 61.1737
1431 61.1635
1432 60.9886
1433 60.9886
1434 60.9886
1435 60.9886
1436 60.9886
1437 60.9886
1438 60.9886
1439 60.9886
1440 60.9886
1441 60.9886
1442 60.9886
1443 60.9886
1444 60.9886
1445 60.9886
1446 60.9886
1447 60.9886
1448 60.9886
1449 60.9886
1450 60.9886
1451 60.9886
1452 60.452
1453 60.452
1454 60.452
1455 60.452
1456 60.452
1457 60.452
1458 60.452
1459 60.452
1460 60.452
1461 60.452
1462 60.452
1463 60.452
1464 60.452
1465 60.452
1466 60.452
1467 60.452
1468 60.452
1469 60.452
1470 60.452
1471 60.452
1472 60.452
1473 60.452
1474 60.452
1475 60.452
1476 60.452
1477 60.452
1478 60.452
1479 60.452
1480 60.452
1481 60.452
1482 60.452
1483 60.452
1484 60.452
1485 60.452
1486 60.452
1487 60.452
1488 60.452
1489 60.452
1490 60.452
1491 60.452
1492 60.452
1493 60.452
1494 60.452
1495 60.452
1496 60.452
1497 60.452
1498 60.452
1499 60.452
1500 60.452
1501 60.452
1502 60.452
1503 60.452
1504 60.452
1505 60.452
1506 60.452
1507 60.452
1508 60.452
1509 60.452
1510 60.452
1511 60.452
1512 60.452
1513 60.452
1514 60.452
1515 60.452
1516 60.452
1517 60.452
1518 60.452
1519 60.452
1520 60.452
1521 60.4025
1522 60.4025
1523 60.4025
1524 60.4025
1525 60.4025
1526 60.4025
1527 60.4025
1528 60.4025
1529 60.4025
1530 60.4025
1531 60.4025
1532 60.4025
1533 60.4025
1534 60.4025
1535 60.4025
1536 60.4025
1537 60.4025
1538 60.4025
1539 60.4025
1540 60.4025
1541 60.4025
1542 60.4025
1543 60.4025
1544 60.248
1545 60.248
1546 60.0909
1547 60.0909
1548 60.0909
1549 60.0909
1550 60.0909
1551 60.0909
1552 60.0909
1553 60.0909
1554 60.0909
1555 60.0909
1556 60.0909
1557 60.0909
1558 60.0909
1559 60.0909
1560 60.0909
1561 60.0909
1562 59.7995
1563 59.7995
1564 59.7995
1565 59.7995
1566 59.7995
1567 59.7995
1568 59.7995
1569 59.7995
1570 59.7995
1571 59.7995
1572 59.7995
1573 59.7995
1574 59.7995
1575 59.7995
1576 59.7995
1577 59.7995
1578 59.7995
1579 59.7995
1580 59.7995
1581 59.7995
1582 59.7995
1583 59.7995
1584 59.7995
1585 59.7995
1586 59.7995
1587 59.7995
1588 59.7995
1589 59.7995
1590 59.5107
1591 59.5107
1592 59.5107
1593 59.5107
1594 59.5107
1595 59.5107
1596 59.5107
1597 59.5107
1598 59.5107
1599 59.5107
1600 59.5107
1601 59.5107
1602 59.5107
1603 59.5107
1604 59.5107
1605 59.5107
1606 59.5107
1607 59.5107
1608 59.5107
1609 59.5107
1610 59.5107
1611 59.5107
1612 59.5107
1613 59.5107
1614 59.5107
1615 59.5107
1616 59.5107
1617 59.5107
1618 59.5107
1619 59.5107
1620 59.5107
1621 59.5107
1622 59.5107
1623 59.5107
1624 59.5107
1625 59.5107
1626 59.5107
1627 59.5107
1628 59.5107
1629 59.5107
1630 59.5107
1631 59.5107
1632 59.5107
1633 59.5107
1634 59.5107
1635 59.5107
1636 59.5107
1637 59.5107
1638 59.5107
1639 59.4812
1640 58.9558
1641 58.9558
1642 58.9558
1643 58.9558
1644 58.9558
1645 58.9558
1646 58.9558
1647 58.9558
1648 58.9558
1649 58.9558
1650 58.9558
1651 58.9558
1652 58.9558
1653 58.9558
1654 58.9558
1655 58.9558
1656 58.9558
1657 58.9558
1658 58.9558
1659 58.9558
1660 58.9558
1661 58.9558
1662 58.9558
1663 58.9558
1664 58.9558
1665 58.9558
1666 58.9558
1667 58.9558
1668 58.9558
1669 58.9558
1670 58.9558
1671 58.9558
1672 58.9558
1673 58.9558
1674 58.9558
1675 58.9558
1676 58.9558
1677 58.9558
1678 58.9558
1679 58.9558
1680 58.9558
1681 58.9558
1682 58.9558
1683 58.9558
1684 58.9558
1685 58.9558
1686 58.9558
1687 58.9558
1688 58.9558
1689 58.9558
1690 58.9558
1691 58.9558
1692 58.9558
1693 58.9558
1694 58.9558
1695 58.9558
1696 58.9558
1697 58.9558
1698 58.9558
1699 58.9558
1700 58.9558
1701 58.9558
1702 58.9558
1703 58.9558
1704 58.9558
1705 58.9558
1706 58.9558
1707 58.9558
1708 58.9558
1709 58.9558
1710 58.9558
1711 58.9558
1712 58.9558
1713 58.9558
1714 58.9558
1715 58.9558
1716 58.9558
1717 58.9558
1718 58.9558
1719 58.9558
1720 58.9558
1721 58.9558
1722 58.9558
1723 58.9558
1724 58.9558
1725 58.9558
1726 58.9558
1727 58.9558
1728 58.9558
1729 58.9558
1730 58.9558
1731 58.9558
1732 58.9558
1733 58.9558
1734 58.9558
1735 58.9558
1736 58.9558
1737 58.9558
1738 58.9558
1739 58.9558
1740 58.9558
1741 58.9558
1742 58.9558
1743 58.9558
1744 58.9558
1745 58.9558
1746 58.9558
1747 58.9558
1748 58.9558
1749 58.9558
1750 58.9558
1751 58.9558
1752 58.9558
1753 58.9558
1754 58.9558
1755 58.9558
1756 58.9558
1757 58.9558
1758 58.9558
1759 58.9558
1760 58.9558
1761 58.9558
1762 58.9558
1763 58.9558
1764 58.9558
1765 58.9558
1766 58.9558
1767 58.9558
1768 58.9558
1769 58.9558
1770 58.9558
1771 58.9558
1772 58.9558
1773 58.9558
1774 58.9558
1775 58.9558
1776 58.9558
1777 58.9558
1778 58.9558
1779 58.9558
1780 58.9558
1781 58.9558
1782 58.9558
1783 58.9558
1784 58.9558
1785 58.9558
1786 58.9558
1787 58.9558
1788 58.9558
1789 58.9558
1790 58.9558
1791 58.9558
1792 58.9558
1793 58.9558
1794 58.9558
1795 58.9558
1796 58.9558
1797 58.9558
1798 58.9558
1799 58.9558
1800 58.9558
1801 58.9558
1802 58.9558
1803 58.9558
1804 58.9558
1805 58.9558
1806 58.9558
1807 58.9558
1808 58.9558
1809 58.9558
1810 58.9558
1811 58.9558
1812 58.9558
1813 58.9558
1814 58.9558
1815 58.9558
1816 58.9558
1817 58.9558
1818 58.9558
1819 58.9558
1820 58.9558
1821 58.9558
1822 58.9558
1823 58.9558
1824 58.9558
1825 58.9558
1826 58.9558
1827 58.9558
1828 58.9558
1829 58.9558
1830 58.9558
1831 58.9558
1832 58.9558
1833 58.9558
1834 58.9558
1835 58.9558
1836 58.9558
1837 58.9558
1838 58.9558
1839 58.9558
1840 58.9558
1841 58.9558
1842 58.9558
1843 58.9558
1844 58.9558
1845 58.9558
1846 58.9558
1847 58.9558
1848 58.9558
1849 58.9558
1850 58.9558
1851 58.9558
1852 58.9558
1853 58.9558
1854 58.9558
1855 58.9558
1856 58.9558
1857 58.9558
1858 58.9558
1859 58.9558
1860 58.9558
1861 58.9558
1862 58.9558
1863 58.9558
1864 58.9558
1865 58.9558
1866 58.9558
1867 58.9558
1868 58.9558
1869 58.9558
1870 58.9558
1871 58.9558
1872 58.9558
1873 58.9558
1874 58.9558
1875 58.9558
1876 58.9558
1877 58.9558
1878 58.9558
1879 58.9558
1880 58.9558
1881 58.9558
1882 58.9558
1883 58.9558
1884 58.9558
1885 58.9558
1886 58.9558
1887 58.9558
1888 58.9558
1889 58.9558
1890 58.9558
1891 58.9558
1892 58.9558
1893 58.9558
1894 58.9558
1895 58.9558
1896 58.9558
1897 58.9558
1898 58.9558
1899 58.9558
1900 58.9558
1901 58.9558
1902 58.9558
1903 58.9558
1904 58.9558
1905 58.9558
1906 58.9558
1907 58.9558
1908 58.9558
1909 58.9558
1910 58.9558
1911 58.9558
1912 58.9558
1913 58.9558
1914 58.9558
1915 58.9558
1916 58.9558
1917 58.9558
1918 58.9558
1919 58.9558
1920 58.9558
1921 58.9558
1922 58.9558
1923 58.9558
1924 58.9558
1925 58.9558
1926 58.9558
1927 58.9558
1928 58.9558
1929 58.9558
1930 58.9558
1931 58.9558
1932 58.9558
1933 58.9558
1934 58.9558
1935 58.9558
1936 58.9558
1937 58.9558
1938 58.9558
1939 58.9558
1940 58.9558
1941 58.9558
1942 58.9558
1943 58.9558
1944 58.9558
1945 58.9558
1946 58.9558
1947 58.9558
1948 58.9558
1949 58.9558
1950 58.9558
1951 58.9558
1952 58.9558
1953 58.9558
1954 58.9558
1955 58.9558
1956 58.9558
1957 58.9558
1958 58.9558
1959 58.9558
1960 58.9558
1961 58.9558
1962 58.9558
1963 58.9558
1964 58.9558
1965 58.9558
1966 58.9558
1967 58.9558
1968 58.9558
1969 58.9558
1970 58.9558
1971 58.9558
1972 58.9558
1973 58.9558
1974 58.9558
1975 58.9558
1976 58.9558
1977 58.9558
1978 58.9558
1979 58.9558
1980 58.9558
1981 58.9558
1982 58.9558
1983 58.9558
1984 58.9558
1985 58.9558
1986 58.9558
1987 58.9558
1988 58.9558
1989 58.9558
1990 58.9558
1991 58.9558
1992 58.9558
1993 58.9558
1994 58.9558
1995 58.9558
1996 58.9558
1997 58.9558
1998 58.9558
1999 58.9558
2000 58.9558
2001 58.9558
2002 58.9558
2003 58.9558
2004 58.9558
2005 58.9558
2006 58.9558
2007 58.9558
2008 58.9558
2009 58.9558
2010 58.9558
2011 58.9558
2012 58.9558
2013 58.9558
2014 58.9558
2015 58.9558
2016 58.9558
2017 58.9558
2018 58.9558
2019 58.9558
2020 58.9558
2021 58.9558
2022 58.9558
2023 58.9558
2024 58.9558
2025 58.9558
2026 58.9558
2027 58.9558
2028 58.9558
2029 58.9558
2030 58.9558
2031 58.9558
2032 58.9558
2033 58.9558
2034 58.9558
2035 58.9558
2036 58.9558
2037 58.9558
2038 58.9558
2039 58.9558
2040 58.9558
2041 58.9558
2042 58.9558
2043 58.9558
2044 58.9558
2045 58.9558
2046 58.9558
2047 58.9558
2048 58.9558
2049 58.9558
2050 58.9558
2051 58.9558
2052 58.9558
2053 58.9558
2054 58.9558
2055 58.9558
2056 58.9558
2057 58.9558
2058 58.9558
2059 58.9558
2060 58.9558
2061 58.9558
2062 58.9558
2063 58.9558
2064 58.9558
2065 58.9558
2066 58.9558
2067 58.9558
2068 58.9558
2069 58.9558
2070 58.9558
2071 58.9558
2072 58.9558
2073 58.9558
2074 58.9558
2075 58.9558
2076 58.9558
2077 58.9558
2078 58.9558
2079 58.9558
2080 58.9558
2081 58.9558
2082 58.9558
2083 58.9558
2084 58.9558
2085 58.9558
2086 58.9558
2087 58.9558
2088 58.9558
2089 58.9558
2090 58.9558
2091 58.9558
2092 58.9558
2093 58.9558
2094 58.9558
2095 58.9558
2096 58.9558
2097 58.9558
2098 58.9558
2099 58.9558
2100 58.9558
2101 58.9558
2102 58.9558
2103 58.9558
2104 58.9558
2105 58.9558
2106 58.9558
2107 58.9558
2108 58.9558
2109 58.9558
2110 58.9558
2111 58.9558
2112 58.9558
2113 58.9558
2114 58.9558
2115 58.9558
2116 58.9558
2117 58.9558
2118 58.9558
2119 58.9558
2120 58.9558
2121 58.9558
2122 58.9558
2123 58.9558
2124 58.9558
2125 58.9558
2126 58.9558
2127 58.9558
2128 58.9558
2129 58.9558
2130 58.9558
2131 58.9558
2132 58.9558
2133 58.9558
2134 58.9558
2135 58.9558
2136 58.9558
2137 58.9558
2138 58.9558
2139 58.9558
2140 58.9558
2141 58.9558
2142 58.9558
2143 58.9558
2144 58.9558
2145 58.9558
2146 58.9558
2147 58.9558
2148 58.9558
2149 58.9558
2150 58.9558
2151 58.9558
2152 58.9558
2153 58.9558
2154 58.9558
2155 58.9558
2156 58.9558
2157 58.9558
2158 58.9558
2159 58.9558
2160 58.9558
2161 58.9558
2162 58.9558
2163 58.9558
2164 58.9558
2165 58.9558
2166 58.9558
2167 58.9558
2168 58.9558
2169 58.9558
2170 58.9558
2171 58.9558
2172 58.9558
2173 58.9558
2174 58.9558
2175 58.9558
2176 58.9558
2177 58.9558
2178 58.9558
2179 58.9558
2180 58.9558
2181 58.9558
2182 58.9558
2183 58.9558
2184 58.9558
2185 58.9558
2186 58.9558
2187 58.9558
2188 58.9558
2189 58.9558
2190 58.9558
2191 58.9558
2192 58.9558
2193 58.9558
2194 58.9558
2195 58.9558
2196 58.9558
2197 58.9558
2198 58.9558
2199 58.9558
2200 58.9558
2201 58.9558
2202 58.9558
2203 58.9558
2204 58.9558
2205 58.9558
2206 58.9558
2207 58.9558
2208 58.9558
2209 58.9558
2210 58.9558
2211 58.9558
2212 58.9558
2213 58.9558
2214 58.9558
2215 58.9558
2216 58.9558
2217 58.9558
2218 58.9558
2219 58.9558
2220 58.9558
2221 58.9558
2222 58.9558
2223 58.9558
2224 58.9558
2225 58.9558
2226 58.9558
2227 58.9558
2228 58.9558
2229 58.9558
2230 58.9558
2231 58.9558
2232 58.9558
2233 58.9558
2234 58.9558
2235 58.9558
2236 58.9558
2237 58.9558
2238 58.9558
2239 58.9558
2240 58.9558
2241 58.9558
2242 58.9558
2243 58.9558
2244 58.9558
2245 58.9558
2246 58.9558
2247 58.9558
2248 58.9558
2249 58.9558
2250 58.9558
2251 58.9558
2252 58.9558
2253 58.9558
2254 58.9558
2255 58.9558
2256 58.9558
2257 58.9558
2258 58.9558
2259 58.9558
2260 58.9558
2261 58.9558
2262 58.9558
2263 58.9558
2264 58.9558
2265 58.9558
2266 58.9558
2267 58.9558
2268 58.9558
2269 58.9558
2270 58.9558
2271 58.9558
2272 58.9558
2273 58.9558
2274 58.9558
2275 58.9558
2276 58.9558
2277 58.9558
2278 58.9558
2279 58.9558
2280 58.9558
2281 58.9558
2282 58.9558
2283 58.9558
2284 58.9558
2285 58.9558
2286 58.9558
2287 58.9558
2288 58.9558
2289 58.9558
2290 58.9558
2291 58.9558
2292 58.9558
2293 58.9558
2294 58.9558
2295 58.9558
2296 58.9558
2297 58.9558
2298 58.9558
2299 58.9558
2300 58.9558
2301 58.9558
2302 58.9558
2303 58.9558
2304 58.9558
2305 58.9558
2306 58.9558
2307 58.9558
2308 58.9558
2309 58.9558
2310 58.9558
2311 58.9558
2312 58.9558
2313 58.9558
2314 58.9558
2315 58.9558
2316 58.9558
2317 58.9558
2318 58.9558
2319 58.9558
2320 58.9558
2321 58.9558
2322 58.9558
2323 58.9558
2324 58.9558
2325 58.9558
2326 58.9558
2327 58.9558
2328 58.9558
2329 58.9558
2330 58.9558
2331 58.9558
2332 58.9558
2333 58.9558
2334 58.9558
2335 58.9558
2336 58.9558
2337 58.9558
2338 58.9558
2339 58.9558
2340 58.9558
2341 58.9558
2342 58.9558
2343 58.9558
2344 58.9558
2345 58.9558
2346 58.9558
2347 58.9558
2348 58.9558
2349 58.9558
2350 58.9558
2351 58.9558
2352 58.9558
2353 58.9558
2354 58.9558
2355 58.9558
2356 58.9558
2357 58.9558
2358 58.9558
2359 58.9558
2360 58.9558
2361 58.9558
2362 58.9558
2363 58.9558
2364 58.9558
2365 58.9558
2366 58.9558
2367 58.9558
2368 58.9558
2369 58.9558
2370 58.9558
2371 58.9558
2372 58.9558
2373 58.9558
2374 58.9558
2375 58.9558
2376 58.9558
2377 58.9558
2378 58.9558
2379 58.9558
2380 58.9558
2381 58.9558
2382 58.9558
2383 58.9558
2384 58.9558
2385 58.9558
2386 58.9558
2387 58.9558
2388 58.9558
2389 58.9558
2390 58.9558
2391 58.9558
2392 58.9558
2393 58.9558
2394 58.9558
2395 58.9558
2396 58.9558
2397 58.9558
2398 58.9558
2399 58.9558
2400 58.9558
2401 58.9558
2402 58.9558
2403 58.9558
2404 58.9558
2405 58.9558
2406 58.9558
2407 58.9558
2408 58.9558
2409 58.9558
2410 58.9558
2411 58.9558
2412 58.9558
2413 58.9558
2414 58.9558
2415 58.9558
2416 58.9558
2417 58.9558
2418 58.9558
2419 58.9558
2420 58.9558
2421 58.9558
2422 58.9558
2423 58.9558
2424 58.9558
2425 58.9558
2426 58.9558
2427 58.9558
2428 58.9558
2429 58.9558
2430 58.9558
2431 58.9558
2432 58.9558
2433 58.9558
2434 58.9558
2435 58.9558
2436 58.9558
2437 58.9558
2438 58.9558
2439 58.9558
2440 58.9558
2441 58.9558
2442 58.9558
2443 58.9558
2444 58.9558
2445 58.9558
2446 58.9558
2447 58.9558
2448 58.9558
2449 58.9558
2450 58.9558
2451 58.9558
2452 58.9558
2453 58.9558
2454 58.9558
2455 58.9558
2456 58.9558
2457 58.9558
2458 58.9558
2459 58.9558
2460 58.9558
2461 58.9558
2462 58.9558
2463 58.9558
2464 58.9558
2465 58.9558
2466 58.9558
2467 58.9558
2468 58.9558
2469 58.9558
2470 58.9558
2471 58.9558
2472 58.9558
2473 58.9558
2474 58.9558
2475 58.9558
2476 58.9558
2477 58.9558
2478 58.9558
2479 58.9558
2480 58.9558
2481 58.9558
2482 58.9558
2483 58.9558
2484 58.9558
2485 58.9558
2486 58.9558
2487 58.9558
2488 58.9558
2489 58.9558
2490 58.9558
2491 58.9558
2492 58.9558
2493 58.9558
2494 58.9558
2495 58.9558
2496 58.9558
2497 58.9558
2498 58.9558
2499 58.9558
2500 58.9558
2501 58.9558
2502 58.9558
2503 58.9558
2504 58.9558
2505 58.9558
2506 58.9558
2507 58.9558
2508 58.9558
2509 58.9558
2510 58.9558
2511 58.9558
2512 58.9558
2513 58.9558
2514 58.9558
2515 58.9558
2516 58.9558
2517 58.9558
2518 58.9558
2519 58.9558
2520 58.9558
2521 58.9558
2522 58.9558
2523 58.9558
2524 58.9558
2525 58.9558
2526 58.9558
2527 58.9558
2528 58.9558
2529 58.9558
2530 58.9558
2531 58.9558
2532 58.9558
2533 58.9558
2534 58.9558
2535 58.9558
2536 58.9558
2537 58.9558
2538 58.9558
2539 58.9558
2540 58.9558
2541 58.9558
2542 58.9558
2543 58.9558
2544 58.9558
2545 58.9558
2546 58.9558
2547 58.9558
2548 58.9558
2549 58.9558
2550 58.9558
2551 58.9558
2552 58.9558
2553 58.9558
2554 58.9558
2555 58.9558
2556 58.9558
2557 58.9558
2558 58.9558
2559 58.9558
2560 58.9558
2561 58.9558
2562 58.9558
2563 58.9558
2564 58.9558
2565 58.9558
2566 58.9558
2567 58.9558
2568 58.9558
2569 58.9558
2570 58.9558
2571 58.9558
2572 58.9558
2573 58.9558
2574 58.9558
2575 58.9558
2576 58.9558
2577 58.9558
2578 58.9558
2579 58.9558
2580 58.9558
2581 58.9558
2582 58.9558
2583 58.9558
2584 58.9558
2585 58.9558
2586 58.9558
2587 58.9558
2588 58.9558
2589 58.9558
2590 58.9558
2591 58.9558
2592 58.9558
2593 58.9558
2594 58.9558
2595 58.9558
2596 58.9558
2597 58.9558
2598 58.9558
2599 58.9558
2600 58.9558
2601 58.9558
2602 58.9558
2603 58.9558
2604 58.9558
2605 58.9558
2606 58.9558
2607 58.9558
2608 58.9558
2609 58.9558
2610 58.9558
2611 58.9558
2612 58.9558
2613 58.9558
2614 58.9558
2615 58.9558
2616 58.9558
2617 58.9558
2618 58.9558
2619 58.9558
2620 58.9558
2621 58.9558
2622 58.9558
2623 58.9558
2624 58.9558
2625 58.9558
2626 58.9558
2627 58.9558
2628 58.9558
2629 58.9558
2630 58.9558
2631 58.9558
2632 58.9558
2633 58.9558
2634 58.9558
2635 58.9558
2636 58.9558
2637 58.9558
2638 58.9558
2639 58.9558
2640 58.9558
2641 58.9558
2642 58.9558
2643 58.9558
2644 58.9558
2645 58.9558
2646 58.9558
2647 58.9558
2648 58.9558
2649 58.9558
2650 58.9558
2651 58.9558
2652 58.9558
2653 58.9558
2654 58.9558
2655 58.9558
2656 58.9558
2657 58.9558
2658 58.9558
2659 58.9558
2660 58.9558
2661 58.9558
2662 58.9558
2663 58.9558
2664 58.9558
2665 58.9558
2666 58.9558
2667 58.9558
2668 58.9558
2669 58.9558
2670 58.9558
2671 58.9558
2672 58.9558
2673 58.9558
2674 58.9558
2675 58.9558
2676 58.9558
2677 58.9558
2678 58.9558
2679 58.9558
2680 58.9558
2681 58.9558
2682 58.9558
2683 58.9558
2684 58.9558
2685 58.9558
2686 58.9558
2687 58.9558
2688 58.9558
2689 58.9558
2690 58.9558
2691 58.9558
2692 58.9558
2693 58.9558
2694 58.9558
2695 58.9558
2696 58.9558
2697 58.9558
2698 58.9558
2699 58.9558
2700 58.9558
2701 58.9558
2702 58.9558
2703 58.9558
2704 58.9558
2705 58.9558
2706 58.9558
2707 58.9558
2708 58.9558
2709 58.9558
2710 58.9558
2711 58.9558
2712 58.9558
2713 58.9558
2714 58.9558
2715 58.9558
2716 58.9558
2717 58.9558
2718 58.9558
2719 58.9558
2720 58.9558
2721 58.9558
2722 58.9558
2723 58.9558
2724 58.9558
2725 58.9558
2726 58.9558
2727 58.9558
2728 58.9558
2729 58.9558
2730 58.9558
2731 58.9558
2732 58.9558
2733 58.9558
2734 58.9558
2735 58.9558
2736 58.9558
2737 58.9558
2738 58.9558
2739 58.9558
2740 58.9558
2741 58.9558
2742 58.9558
2743 58.9558
2744 58.9558
2745 58.9558
2746 58.9558
2747 58.9558
2748 58.9558
2749 58.9558
2750 58.9558
2751 58.9558
2752 58.9558
2753 58.9558
2754 58.9558
2755 58.9558
2756 58.9558
2757 58.9558
2758 58.9558
2759 58.9558
2760 58.9558
2761 58.9558
2762 58.9558
2763 58.9558
2764 58.9558
2765 58.9558
2766 58.9558
2767 58.9558
2768 58.9558
2769 58.9558
2770 58.9558
2771 58.9558
2772 58.9558
2773 58.9558
2774 58.9558
2775 58.9558
2776 58.9558
2777 58.9558
2778 58.9558
2779 58.9558
2780 58.9558
2781 58.9558
2782 58.9558
2783 58.9558
2784 58.9558
2785 58.9558
2786 58.9558
2787 58.9558
2788 58.9558
2789 58.9558
2790 58.9558
2791 58.9558
2792 58.9558
2793 58.9558
2794 58.9558
2795 58.9558
2796 58.9558
2797 58.9558
2798 58.9558
2799 58.9558
2800 58.9558
2801 58.9558
2802 58.9558
2803 58.9558
2804 58.9558
2805 58.9558
2806 58.9558
2807 58.9558
2808 58.9558
2809 58.9558
2810 58.9558
2811 58.9558
2812 58.9558
2813 58.9558
2814 58.9558
2815 58.9558
2816 58.9558
2817 58.9558
2818 58.9558
2819 58.9558
2820 58.9558
2821 58.9558
2822 58.9558
2823 58.9558
2824 58.9558
2825 58.9558
2826 58.9558
2827 58.9558
2828 58.9558
2829 58.9558
2830 58.9558
2831 58.9558
2832 58.9558
2833 58.9558
2834 58.9558
2835 58.9558
2836 58.9558
2837 58.9558
2838 58.9558
2839 58.9558
2840 58.9558
2841 58.9558
2842 58.9558
2843 58.9558
2844 58.9558
2845 58.9558
2846 58.9558
2847 58.9558
2848 58.9558
2849 58.9558
2850 58.9558
2851 58.9558
2852 58.9558
2853 58.9558
2854 58.9558
2855 58.9558
2856 58.9558
2857 58.9558
2858 58.9558
2859 58.9558
2860 58.9558
2861 58.9558
2862 58.9558
2863 58.9558
2864 58.9558
2865 58.9558
2866 58.9558
2867 58.9558
2868 58.9558
2869 58.9558
2870 58.9558
2871 58.9558
2872 58.9558
2873 58.9558
2874 58.9558
2875 58.9558
2876 58.9558
2877 58.9558
2878 58.9558
2879 58.9558
2880 58.9558
2881 58.9558
2882 58.9558
2883 58.9558
2884 58.9558
2885 58.9558
2886 58.9558
2887 58.9558
2888 58.9558
2889 58.9558
2890 58.9558
2891 58.9558
2892 58.9558
2893 58.9558
2894 58.9558
2895 58.9558
2896 58.9558
2897 58.9558
2898 58.9558
2899 58.9558
2900 58.9558
2901 58.9558
2902 58.9558
2903 58.9558
2904 58.9558
2905 58.9558
2906 58.9558
2907 58.9558
2908 58.9558
2909 58.9558
2910 58.9558
2911 58.9558
2912 58.9558
2913 58.9558
2914 58.9558
2915 58.9558
2916 58.9558
2917 58.9558
2918 58.9558
2919 58.9558
2920 58.9558
2921 58.9558
2922 58.9558
2923 58.9558
2924 58.9558
2925 58.9558
2926 58.9558
2927 58.9558
2928 58.9558
2929 58.9558
2930 58.9558
2931 58.9558
2932 58.9558
2933 58.9558
2934 58.9558
2935 58.9558
2936 58.9558
2937 58.9558
2938 58.9558
2939 58.9558
2940 58.9558
2941 58.9558
2942 58.9558
2943 58.9558
2944 58.9558
2945 58.9558
2946 58.9558
2947 58.9558
2948 58.9558
2949 58.9558
2950 58.9558
2951 58.9558
2952 58.9558
2953 58.9558
2954 58.9558
2955 58.9558
2956 58.9558
2957 58.9558
2958 58.9558
2959 58.9558
2960 58.9558
2961 58.9558
2962 58.9558
2963 58.9558
2964 58.9558
2965 58.9558
2966 58.9558
2967 58.9558
2968 58.9558
2969 58.9558
2970 58.9558
2971 58.9558
2972 58.9558
2973 58.9558
2974 58.9558
2975 58.9558
2976 58.9558
2977 58.9558
2978 58.9558
2979 58.9558
2980 58.9558
2981 58.9558
2982 58.9558
2983 58.9558
2984 58.9558
2985 58.9558
2986 58.9558
2987 58.9558
2988 58.9558
2989 58.9558
2990 58.9558
2991 58.9558
2992 58.9558
2993 58.9558
2994 58.9558
2995 58.9558
2996 58.9558
2997 58.9558
2998 58.9558
2999 58.9558
3000 58.9558
3001 58.9558
3002 58.9558
3003 58.9558
3004 58.9558
3005 58.9558
3006 58.9558
3007 58.9558
3008 58.9558
3009 58.9558
3010 58.9558
3011 58.9558
3012 58.9558
3013 58.9558
3014 58.9558
3015 58.9558
3016 58.9558
3017 58.9558
3018 58.9558
3019 58.9558
3020 58.9558
3021 58.9558
3022 58.9558
3023 58.9558
3024 58.9558
3025 58.9558
3026 58.9558
3027 58.9558
3028 58.9558
3029 58.9558
3030 58.9558
3031 58.9558
3032 58.9558
3033 58.9558
3034 58.9558
3035 58.9558
3036 58.9558
3037 58.9558
3038 58.9558
3039 58.9558
3040 58.9558
3041 58.9558
3042 58.9558
3043 58.9558
3044 58.9558
3045 58.9558
3046 58.9558
3047 58.9558
3048 58.9558
3049 58.9558
3050 58.9558
3051 58.9558
3052 58.9558
3053 58.9558
3054 58.9558
3055 58.9558
3056 58.9558
3057 58.9558
3058 58.9558
3059 58.9558
3060 58.9558
3061 58.9558
3062 58.9558
3063 58.9558
3064 58.9558
3065 58.9558
3066 58.9558
3067 58.9558
3068 58.9558
3069 58.9558
3070 58.9558
3071 58.9558
3072 58.9558
3073 58.9558
3074 58.9558
3075 58.9558
3076 58.9558
3077 58.9558
3078 58.9558
3079 58.9558
3080 58.9558
3081 58.9558
3082 58.9558
3083 58.9558
3084 58.9558
3085 58.9558
3086 58.9558
3087 58.9558
3088 58.9558
3089 58.9558
3090 58.9558
3091 58.9558
3092 58.9558
3093 58.9558
3094 58.9558
3095 58.9558
3096 58.9558
3097 58.9558
3098 58.9558
3099 58.9558
3100 58.9558
3101 58.9558
3102 58.9558
3103 58.9558
3104 58.9558
3105 58.9558
3106 58.9558
3107 58.9558
3108 58.9558
3109 58.9558
3110 58.9558
3111 58.9558
3112 58.9558
3113 58.9558
3114 58.9558
3115 58.9558
3116 58.9558
3117 58.9558
3118 58.9558
3119 58.9558
3120 58.9558
3121 58.9558
3122 58.9558
3123 58.9558
3124 58.9558
3125 58.9558
3126 58.9558
3127 58.9558
3128 58.9558
3129 58.9558
3130 58.9558
3131 58.9558
3132 58.9558
3133 58.9558
3134 58.9558
3135 58.9558
3136 58.9558
3137 58.9558
3138 58.9558
3139 58.9558
3140 58.9558
3141 58.9558
3142 58.9558
3143 58.9558
3144 58.9558
3145 58.9558
3146 58.9558
3147 58.9558
3148 58.9558
3149 58.9558
3150 58.9558
3151 58.9558
3152 58.9558
3153 58.9558
3154 58.9558
3155 58.9558
3156 58.9558
3157 58.9558
3158 58.9558
3159 58.9558
3160 58.9558
3161 58.9558
3162 58.9558
3163 58.9558
3164 58.9558
3165 58.9558
3166 58.9558
3167 58.9558
3168 58.9558
3169 58.9558
3170 58.9558
3171 58.9558
3172 58.9558
3173 58.9558
3174 58.9558
3175 58.9558
3176 58.9558
3177 58.9558
3178 58.9558
3179 58.9558
3180 58.9558
3181 58.9558
3182 58.9558
3183 58.9558
3184 58.9558
3185 58.9558
3186 58.9558
3187 58.9558
3188 58.9558
3189 58.9558
3190 58.9558
3191 58.9558
3192 58.9558
3193 58.9558
3194 58.9558
3195 58.9558
3196 58.9558
3197 58.9558
3198 58.9558
3199 58.9558
3200 58.9558
3201 58.9558
3202 58.9558
3203 58.9558
3204 58.9558
3205 58.9558
3206 58.9558
3207 58.9558
3208 58.9558
3209 58.9558
3210 58.9558
3211 58.9558
3212 58.9558
3213 58.9558
3214 58.9558
3215 58.9558
3216 58.9558
3217 58.9558
3218 58.9558
3219 58.9558
3220 58.9558
3221 58.9558
3222 58.9558
3223 58.9558
3224 58.9558
3225 58.9558
3226 58.9558
3227 58.9558
3228 58.9558
3229 58.9558
3230 58.9558
3231 58.9558
3232 58.9558
3233 58.9558
3234 58.9558
3235 58.9558
3236 58.9558
3237 58.9558
3238 58.9558
3239 58.9558
3240 58.9558
3241 58.9558
3242 58.9558
3243 58.9558
3244 58.9558
3245 58.9558
3246 58.9558
3247 58.9558
3248 58.9558
3249 58.9558
3250 58.9558
3251 58.9558
3252 58.9558
3253 58.9558
3254 58.9558
3255 58.9558
3256 58.9558
3257 58.9558
3258 58.9558
3259 58.9558
3260 58.9558
3261 58.9558
3262 58.9558
3263 58.9558
3264 58.9558
3265 58.9558
3266 58.9558
3267 58.9558
3268 58.9558
3269 58.9558
3270 58.9558
3271 58.9558
3272 58.9558
3273 58.9558
3274 58.9558
3275 58.9558
3276 58.9558
3277 58.9558
3278 58.9558
3279 58.9558
3280 58.9558
3281 58.9558
3282 58.9558
3283 58.9558
3284 58.9558
3285 58.9558
3286 58.9558
3287 58.9558
3288 58.9558
3289 58.9558
3290 58.9558
3291 58.9558
3292 58.9558
3293 58.9558
3294 58.9558
3295 58.9558
3296 58.9558
3297 58.9558
3298 58.9558
3299 58.9558
3300 58.9558
3301 58.9558
3302 58.9558
3303 58.9558
3304 58.9558
3305 58.9558
3306 58.9558
3307 58.9558
3308 58.9558
3309 58.9558
3310 58.9558
3311 58.9558
3312 58.9558
3313 58.9558
3314 58.9558
3315 58.9558
3316 58.9558
3317 58.9558
3318 58.9558
3319 58.9558
3320 58.9558
3321 58.9558
3322 58.9558
3323 58.9558
3324 58.9558
3325 58.9558
3326 58.9558
3327 58.9558
3328 58.9558
3329 58.9558
3330 58.9558
3331 58.9558
3332 58.9558
3333 58.9558
3334 58.9558
3335 58.9558
3336 58.9558
3337 58.9558
3338 58.9558
3339 58.9558
3340 58.9558
3341 58.9558
3342 58.9558
3343 58.9558
3344 58.9558
3345 58.9558
3346 58.9558
3347 58.9558
3348 58.9558
3349 58.9558
3350 58.9558
3351 58.9558
3352 58.9558
3353 58.9558
3354 58.9558
3355 58.9558
3356 58.9558
3357 58.9558
3358 58.9558
3359 58.9558
3360 58.9558
3361 58.9558
3362 58.9558
3363 58.9558
3364 58.9558
3365 58.9558
3366 58.9558
3367 58.9558
3368 58.9558
3369 58.9558
3370 58.9558
3371 58.9558
3372 58.9558
3373 58.9558
3374 58.9558
3375 58.9558
3376 58.9558
3377 58.9558
3378 58.9558
3379 58.9558
3380 58.9558
3381 58.9558
3382 58.9558
3383 58.9558
3384 58.9558
3385 58.9558
3386 58.9558
3387 58.9558
3388 58.9558
3389 58.9558
3390 58.9558
3391 58.9558
3392 58.9558
3393 58.9558
3394 58.9558
3395 58.9558
3396 58.9558
3397 58.9558
3398 58.9558
3399 58.9558
3400 58.9558
3401 58.9558
3402 58.9558
3403 58.9558
3404 58.9558
3405 58.9558
3406 58.9558
3407 58.9558
3408 58.9558
3409 58.9558
3410 58.9558
3411 58.9558
3412 58.9558
3413 58.9558
3414 58.9558
3415 58.9558
3416 58.9558
3417 58.9558
3418 58.9558
3419 58.9558
3420 58.9558
3421 58.9558
3422 58.9558
3423 58.9558
3424 58.9558
3425 58.9558
3426 58.9558
3427 58.9558
3428 58.9558
3429 58.9558
3430 58.9558
3431 58.9558
3432 58.9558
3433 58.9558
3434 58.9558
3435 58.9558
3436 58.9558
3437 58.9558
3438 58.9558
3439 58.9558
3440 58.9558
3441 58.9558
3442 58.9558
3443 58.9558
3444 58.9558
3445 58.9558
3446 58.9558
3447 58.9558
3448 58.9558
3449 58.9558
3450 58.9558
3451 58.9558
3452 58.9558
3453 58.9558
3454 58.9558
3455 58.9558
3456 58.9558
3457 58.9558
3458 58.9558
3459 58.9558
3460 58.9558
3461 58.9558
3462 58.9558
3463 58.9558
3464 58.9558
3465 58.9558
3466 58.9558
3467 58.9558
3468 58.9558
3469 58.9558
3470 58.9558
3471 58.9558
3472 58.9558
3473 58.9558
3474 58.9558
3475 58.9558
3476 58.9558
3477 58.9558
3478 58.9558
3479 58.9558
3480 58.9558
3481 58.9558
3482 58.9558
3483 58.9558
3484 58.9558
3485 58.9558
3486 58.9558
3487 58.9558
3488 58.9558
3489 58.9558
3490 58.9558
3491 58.9558
3492 58.9558
3493 58.9558
3494 58.9558
3495 58.9558
3496 58.9558
3497 58.9558
3498 58.9558
3499 58.9558
3500 58.9558
3501 58.9558
3502 58.9558
3503 58.9558
3504 58.9558
3505 58.9558
3506 58.9558
3507 58.9558
3508 58.9558
3509 58.9558
3510 58.9558
3511 58.9558
3512 58.9558
3513 58.9558
3514 58.9558
3515 58.9558
3516 58.9558
3517 58.9558
3518 58.9558
3519 58.9558
3520 58.9558
3521 58.9558
3522 58.9558
3523 58.9558
3524 58.9558
3525 58.9558
3526 58.9558
3527 58.9558
3528 58.9558
3529 58.9558
3530 58.9558
3531 58.9558
3532 58.9558
3533 58.9558
3534 58.9558
3535 58.9558
3536 58.9558
3537 58.9558
3538 58.9558
3539 58.9558
3540 58.9558
3541 58.9558
3542 58.9558
3543 58.9558
3544 58.9558
3545 58.9558
3546 58.9558
3547 58.9558
3548 58.9558
3549 58.9558
3550 58.9558
3551 58.9558
3552 58.9558
3553 58.9558
3554 58.9558
3555 58.9558
3556 58.9558
3557 58.9558
3558 58.9558
3559 58.9558
3560 58.9558
3561 58.9558
3562 58.9558
3563 58.9558
3564 58.9558
3565 58.9558
3566 58.9558
3567 58.9558
3568 58.9558
3569 58.9558
3570 58.9558
3571 58.9558
3572 58.9558
3573 58.9558
3574 58.9558
3575 58.9558
3576 58.9558
3577 58.9558
3578 58.9558
3579 58.9558
3580 58.9558
3581 58.9558
3582 58.9558
3583 58.9558
3584 58.9558
3585 58.9558
3586 58.9558
3587 58.9558
3588 58.9558
3589 58.9558
3590 58.9558
3591 58.9558
3592 58.9558
3593 58.9558
3594 58.9558
3595 58.9558
3596 58.9558
3597 58.9558
3598 58.9558
3599 58.9558
3600 58.9558
3601 58.9558
3602 58.9558
3603 58.9558
3604 58.9558
3605 58.9558
3606 58.9558
3607 58.9558
3608 58.9558
3609 58.9558
3610 58.9558
3611 58.9558
3612 58.9558
3613 58.9558
3614 58.9558
3615 58.9558
3616 58.9558
3617 58.9558
3618 58.9558
3619 58.9558
3620 58.9558
3621 58.9558
3622 58.9558
3623 58.9558
3624 58.9558
3625 58.9558
3626 58.9558
3627 58.9558
3628 58.9558
3629 58.9558
3630 58.9558
3631 58.9558
3632 58.9558
3633 58.9558
3634 58.9558
3635 58.9558
3636 58.9558
3637 58.9558
3638 58.9558
3639 58.9558
3640 58.9558
3641 58.9558
3642 58.9558
3643 58.9558
3644 58.9558
3645 58.9558
3646 58.9558
3647 58.9558
3648 58.9558
3649 58.9558
3650 58.9558
3651 58.9558
3652 58.9558
3653 58.9558
3654 58.9558
3655 58.9558
3656 58.9558
3657 58.9558
3658 58.9558
3659 58.9558
3660 58.9558
3661 58.9558
3662 58.9558
3663 58.9558
3664 58.9558
3665 58.9558
3666 58.9558
3667 58.9558
3668 58.9558
3669 58.9558
3670 58.9558
3671 58.9558
3672 58.9558
3673 58.9558
3674 58.9558
3675 58.9558
3676 58.9558
3677 58.9558
3678 58.9558
3679 58.9558
3680 58.9558
3681 58.9558
3682 58.9558
3683 58.9558
3684 58.9558
3685 58.9558
3686 58.9558
3687 58.9558
3688 58.9558
3689 58.9558
3690 58.9558
3691 58.9558
3692 58.9558
3693 58.9558
3694 58.9558
3695 58.9558
3696 58.9558
3697 58.9558
3698 58.9558
3699 58.9558
3700 58.9558
3701 58.9558
3702 58.9558
3703 58.9558
3704 58.9558
3705 58.9558
3706 58.9558
3707 58.9558
3708 58.9558
3709 58.9558
3710 58.9558
3711 58.9558
3712 58.9558
3713 58.9558
3714 58.9558
3715 58.9558
3716 58.9558
3717 58.9558
3718 58.9558
3719 58.9558
3720 58.9558
3721 58.9558
3722 58.9558
3723 58.9558
3724 58.9558
3725 58.9558
3726 58.9558
3727 58.9558
3728 58.9558
3729 58.9558
3730 58.9558
3731 58.9558
3732 58.9558
3733 58.9558
3734 58.9558
3735 58.9558
3736 58.9558
3737 58.9558
3738 58.9558
3739 58.9558
3740 58.9558
3741 58.9558
3742 58.9558
3743 58.9558
3744 58.9558
3745 58.9558
3746 58.9558
3747 58.9558
3748 58.9558
3749 58.9558
3750 58.9558
3751 58.9558
3752 58.9558
3753 58.9558
3754 58.9558
3755 58.9558
3756 58.9558
3757 58.9558
3758 58.9558
3759 58.9558
3760 58.9558
3761 58.9558
3762 58.9558
3763 58.9558
3764 58.9558
3765 58.9558
3766 58.9558
3767 58.9558
3768 58.9558
3769 58.9558
3770 58.9558
3771 58.9558
3772 58.9558
3773 58.9558
3774 58.9558
3775 58.9558
3776 58.9558
3777 58.9558
3778 58.9558
3779 58.9558
3780 58.9558
3781 58.9558
3782 58.9558
3783 58.9558
3784 58.9558
3785 58.9558
3786 58.9558
3787 58.9558
3788 58.9558
3789 58.9558
3790 58.9558
3791 58.9558
3792 58.9558
3793 58.9558
3794 58.9558
3795 58.9558
3796 58.9558
3797 58.9558
3798 58.9558
3799 58.9558
3800 58.9558
3801 58.9558
3802 58.9558
3803 58.9558
3804 58.9558
3805 58.9558
3806 58.9558
3807 58.9558
3808 58.9558
3809 58.9558
3810 58.9558
3811 58.9558
3812 58.9558
3813 58.9558
3814 58.9558
3815 58.9558
3816 58.9558
3817 58.9558
3818 58.9558
3819 58.9558
3820 58.9558
3821 58.9558
3822 58.9558
3823 58.9558
3824 58.9558
3825 58.9558
3826 58.9558
3827 58.9558
3828 58.9558
3829 58.9558
3830 58.9558
3831 58.9558
3832 58.9558
3833 58.9558
3834 58.9558
3835 58.9558
3836 58.9558
3837 58.9558
3838 58.9558
3839 58.9558
3840 58.9558
3841 58.9558
3842 58.9558
3843 58.9558
3844 58.9558
3845 58.9558
3846 58.9558
3847 58.9558
3848 58.9558
3849 58.9558
3850 58.9558
3851 58.9558
3852 58.9558
3853 58.9558
3854 58.9558
3855 58.9558
3856 58.9558
3857 58.9558
3858 58.9558
3859 58.9558
3860 58.9558
3861 58.9558
3862 58.9558
3863 58.9558
3864 58.9558
3865 58.9558
3866 58.9558
3867 58.9558
3868 58.9558
3869 58.9558
3870 58.9558
3871 58.9558
3872 58.9558
3873 58.9558
3874 58.9558
3875 58.9558
3876 58.9558
3877 58.9558
3878 58.9558
3879 58.9558
3880 58.9558
3881 58.9558
3882 58.9558
3883 58.9558
3884 58.9558
3885 58.9558
3886 58.9558
3887 58.9558
3888 58.9558
3889 58.9558
3890 58.9558
3891 58.9558
3892 58.9558
3893 58.9558
3894 58.9558
3895 58.9558
3896 58.9558
3897 58.9558
3898 58.9558
3899 58.9558
3900 58.9558
3901 58.9558
3902 58.9558
3903 58.9558
3904 58.9558
3905 58.9558
3906 58.9558
3907 58.9558
3908 58.9558
3909 58.9558
3910 58.9558
3911 58.9558
3912 58.9558
3913 58.9558
3914 58.9558
3915 58.9558
3916 58.9558
3917 58.9558
3918 58.9558
3919 58.9558
3920 58.9558
3921 58.9558
3922 58.9558
3923 58.9558
3924 58.9558
3925 58.9558
3926 58.9558
3927 58.9558
3928 58.9558
3929 58.9558
3930 58.9558
3931 58.9558
3932 58.9558
3933 58.9558
3934 58.9558
3935 58.9558
3936 58.9558
3937 58.9558
3938 58.9558
3939 58.9558
3940 58.9558
3941 58.9558
3942 58.9558
3943 58.9558
3944 58.9558
3945 58.9558
3946 58.9558
3947 58.9558
3948 58.9558
3949 58.9558
3950 58.9558
3951 58.9558
3952 58.9558
3953 58.9558
3954 58.9558
3955 58.9558
3956 58.9558
3957 58.9558
3958 58.9558
3959 58.9558
3960 58.9558
3961 58.9558
3962 58.9558
3963 58.9558
3964 58.9558
3965 58.9558
3966 58.9558
3967 58.9558
3968 58.9558
3969 58.9558
3970 58.9558
3971 58.9558
3972 58.9558
3973 58.9558
3974 58.9558
3975 58.9558
3976 58.9558
3977 58.9558
3978 58.9558
3979 58.9558
3980 58.9558
3981 58.9558
3982 58.9558
3983 58.9558
3984 58.9558
3985 58.9558
3986 58.9558
3987 58.9558
3988 58.9558
3989 58.9558
3990 58.9558
3991 58.9558
3992 58.9558
3993 58.9558
3994 58.9558
3995 58.9558
3996 58.9558
3997 58.9558
3998 58.9558
3999 58.9558
4000 58.9558
4001 58.9558
4002 58.9558
4003 58.9558
4004 58.9558
4005 58.9558
4006 58.9558
4007 58.9558
4008 58.9558
4009 58.9558
4010 58.9558
4011 58.9558
4012 58.9558
4013 58.9558
4014 58.9558
4015 58.9558
4016 58.9558
4017 58.9558
4018 58.9558
4019 58.9558
4020 58.9558
4021 58.9558
4022 58.9558
4023 58.9558
4024 58.9558
4025 58.9558
4026 58.9558
4027 58.9558
4028 58.9558
4029 58.9558
4030 58.9558
4031 58.9558
4032 58.9558
4033 58.9558
4034 58.9558
4035 58.9558
4036 58.9558
4037 58.9558
4038 58.9558
4039 58.9558
4040 58.9558
4041 58.9558
4042 58.9558
4043 58.9558
4044 58.9558
4045 58.9558
4046 58.9558
4047 58.9558
4048 58.9558
4049 58.9558
4050 58.9558
4051 58.9558
4052 58.9558
4053 58.9558
4054 58.9558
4055 58.9558
4056 58.9558
4057 58.9558
4058 58.9558
4059 58.9558
4060 58.9558
4061 58.9558
4062 58.9558
4063 58.9558
4064 58.9558
4065 58.9558
4066 58.9558
4067 58.9558
4068 58.9558
4069 58.9558
4070 58.9558
4071 58.9558
4072 58.9558
4073 58.9558
4074 58.9558
4075 58.9558
4076 58.9558
4077 58.9558
4078 58.9558
4079 58.9558
4080 58.9558
4081 58.9558
4082 58.9558
4083 58.9558
4084 58.9558
4085 58.9558
4086 58.9558
4087 58.9558
4088 58.9558
4089 58.9558
4090 58.9558
4091 58.9558
4092 58.9558
4093 58.9558
4094 58.9558
4095 58.9558
4096 58.9558
4097 58.9558
4098 58.9558
4099 58.9558
4100 58.9558
4101 58.9558
4102 58.9558
4103 58.9558
4104 58.9558
4105 58.9558
4106 58.9558
4107 58.9558
4108 58.9558
4109 58.9558
4110 58.9558
4111 58.9558
4112 58.9558
4113 58.9558
4114 58.9558
4115 58.9558
4116 58.9558
4117 58.9558
4118 58.9558
4119 58.9558
4120 58.9558
4121 58.9558
4122 58.9558
4123 58.9558
4124 58.9558
4125 58.9558
4126 58.9558
4127 58.9558
4128 58.9558
4129 58.9558
4130 58.9558
4131 58.9558
4132 58.9558
4133 58.9558
4134 58.9558
4135 58.9558
4136 58.9558
4137 58.9558
4138 58.9558
4139 58.9558
4140 58.9558
4141 58.9558
4142 58.9558
4143 58.9558
4144 58.9558
4145 58.9558
4146 58.9558
4147 58.9558
4148 58.9558
4149 58.9558
4150 58.9558
4151 58.9558
4152 58.9558
4153 58.9558
4154 58.9558
4155 58.9558
4156 58.9558
4157 58.9558
4158 58.9558
4159 58.9558
4160 58.9558
4161 58.9558
4162 58.9558
4163 58.9558
4164 58.9558
4165 58.9558
4166 58.9558
4167 58.9558
4168 58.9558
4169 58.9558
4170 58.9558
4171 58.9558
4172 58.9558
4173 58.9558
4174 58.9558
4175 58.9558
4176 58.9558
4177 58.9558
4178 58.9558
4179 58.9558
4180 58.9558
4181 58.9558
4182 58.9558
4183 58.9558
4184 58.9558
4185 58.9558
4186 58.9558
4187 58.9558
4188 58.9558
4189 58.9558
4190 58.9558
4191 58.9558
4192 58.9558
4193 58.9558
4194 58.9558
4195 58.9558
4196 58.9558
4197 58.9558
4198 58.9558
4199 58.9558
4200 58.9558
4201 58.9558
4202 58.9558
4203 58.9558
4204 58.9558
4205 58.9558
4206 58.9558
4207 58.9558
4208 58.9558
4209 58.9558
4210 58.9558
4211 58.9558
4212 58.9558
4213 58.9558
4214 58.9558
4215 58.9558
4216 58.9558
4217 58.9558
4218 58.9558
4219 58.9558
4220 58.9558
4221 58.9558
4222 58.9558
4223 58.9558
4224 58.9558
4225 58.9558
4226 58.9558
4227 58.9558
4228 58.9558
4229 58.9558
4230 58.9558
4231 58.9558
4232 58.9558
4233 58.9558
4234 58.9558
4235 58.9558
4236 58.9558
4237 58.9558
4238 58.9558
4239 58.9558
4240 58.9558
4241 58.9558
4242 58.9558
4243 58.9558
4244 58.9558
4245 58.9558
4246 58.9558
4247 58.9558
4248 58.9558
4249 58.9558
4250 58.9558
4251 58.9558
4252 58.9558
4253 58.9558
4254 58.9558
4255 58.9558
4256 58.9558
4257 58.9558
4258 58.9558
4259 58.9558
4260 58.9558
4261 58.9558
4262 58.9558
4263 58.9558
4264 58.9558
4265 58.9558
4266 58.9558
4267 58.9558
4268 58.9558
4269 58.9558
4270 58.9558
4271 58.9558
4272 58.9558
4273 58.9558
4274 58.9558
4275 58.9558
4276 58.9558
4277 58.9558
4278 58.9558
4279 58.9558
4280 58.9558
4281 58.9558
4282 58.9558
4283 58.9558
4284 58.9558
4285 58.9558
4286 58.9558
4287 58.9558
4288 58.9558
4289 58.9558
4290 58.9558
4291 58.9558
4292 58.9558
4293 58.9558
4294 58.9558
4295 58.9558
4296 58.9558
4297 58.9558
4298 58.9558
4299 58.9558
4300 58.9558
4301 58.9558
4302 58.9558
4303 58.9558
4304 58.9558
4305 58.9558
4306 58.9558
4307 58.9558
4308 58.9558
4309 58.9558
4310 58.9558
4311 58.9558
4312 58.9558
4313 58.9558
4314 58.9558
4315 58.9558
4316 58.9558
4317 58.9558
4318 58.9558
4319 58.9558
4320 58.9558
4321 58.9558
4322 58.9558
4323 58.9558
4324 58.9558
4325 58.9558
4326 58.9558
4327 58.9558
4328 58.9558
4329 58.9558
4330 58.9558
4331 58.9558
4332 58.9558
4333 58.9558
4334 58.9558
4335 58.9558
4336 58.9558
4337 58.9558
4338 58.9558
4339 58.9558
4340 58.9558
4341 58.9558
4342 58.9558
4343 58.9558
4344 58.9558
4345 58.9558
4346 58.9558
4347 58.9558
4348 58.9558
4349 58.9558
4350 58.9558
4351 58.9558
4352 58.9558
4353 58.9558
4354 58.9558
4355 58.9558
4356 58.9558
4357 58.9558
4358 58.9558
4359 58.9558
4360 58.9558
4361 58.9558
4362 58.9558
4363 58.9558
4364 58.9558
4365 58.9558
4366 58.9558
4367 58.9558
4368 58.9558
4369 58.9558
4370 58.9558
4371 58.9558
4372 58.9558
4373 58.9558
4374 58.9558
4375 58.9558
4376 58.9558
4377 58.9558
4378 58.9558
4379 58.9558
4380 58.9558
4381 58.9558
4382 58.9558
4383 58.9558
4384 58.9558
4385 58.9558
4386 58.9558
4387 58.9558
4388 58.9558
4389 58.9558
4390 58.9558
4391 58.9558
4392 58.9558
4393 58.9558
4394 58.9558
4395 58.9558
4396 58.9558
4397 58.9558
4398 58.9558
4399 58.9558
4400 58.9558
4401 58.9558
4402 58.9558
4403 58.9558
4404 58.9558
4405 58.9558
4406 58.9558
4407 58.9558
4408 58.9558
4409 58.9558
4410 58.9558
4411 58.9558
4412 58.9558
4413 58.9558
4414 58.9558
4415 58.9558
4416 58.9558
4417 58.9558
4418 58.9558
4419 58.9558
4420 58.9558
4421 58.9558
4422 58.9558
4423 58.9558
4424 58.9558
4425 58.9558
4426 58.9558
4427 58.9558
4428 58.9558
4429 58.9558
4430 58.9558
4431 58.9558
4432 58.9558
4433 58.9558
4434 58.9558
4435 58.9558
4436 58.9558
4437 58.9558
4438 58.9558
4439 58.9558
4440 58.9558
4441 58.9558
4442 58.9558
4443 58.9558
4444 58.9558
4445 58.9558
4446 58.9558
4447 58.9558
4448 58.9558
4449 58.9558
4450 58.9558
4451 58.9558
4452 58.9558
4453 58.9558
4454 58.9558
4455 58.9558
4456 58.9558
4457 58.9558
4458 58.9558
4459 58.9558
4460 58.9558
4461 58.9558
4462 58.9558
4463 58.9558
4464 58.9558
4465 58.9558
4466 58.9558
4467 58.9558
4468 58.9558
4469 58.9558
4470 58.9558
4471 58.9558
4472 58.9558
4473 58.9558
4474 58.9558
4475 58.9558
4476 58.9558
4477 58.9558
4478 58.9558
4479 58.9558
4480 58.9558
4481 58.9558
4482 58.9558
4483 58.9558
4484 58.9558
4485 58.9558
4486 58.9558
4487 58.9558
4488 58.9558
4489 58.9558
4490 58.9558
4491 58.9558
4492 58.9558
4493 58.9558
4494 58.9558
4495 58.9558
4496 58.9558
4497 58.9558
4498 58.9558
4499 58.9558
4500 58.9558
4501 58.9558
4502 58.9558
4503 58.9558
4504 58.9558
4505 58.9558
4506 58.9558
4507 58.9558
4508 58.9558
4509 58.9558
4510 58.9558
4511 58.9558
4512 58.9558
4513 58.9558
4514 58.9558
4515 58.9558
4516 58.9558
4517 58.9558
4518 58.9558
4519 58.9558
4520 58.9558
4521 58.9558
4522 58.9558
4523 58.9558
4524 58.9558
4525 58.9558
4526 58.9558
4527 58.9558
4528 58.9558
4529 58.9558
4530 58.9558
4531 58.9558
4532 58.9558
4533 58.9558
4534 58.9558
4535 58.9558
4536 58.9558
4537 58.9558
4538 58.9558
4539 58.9558
4540 58.9558
4541 58.9558
4542 58.9558
4543 58.9558
4544 58.9558
4545 58.9558
4546 58.9558
4547 58.9558
4548 58.9558
4549 58.9558
4550 58.9558
4551 58.9558
4552 58.9558
4553 58.9558
4554 58.9558
4555 58.9558
4556 58.9558
4557 58.9558
4558 58.9558
4559 58.9558
4560 58.9558
4561 58.9558
4562 58.9558
4563 58.9558
4564 58.9558
4565 58.9558
4566 58.9558
4567 58.9558
4568 58.9558
4569 58.9558
4570 58.9558
4571 58.9558
4572 58.9558
4573 58.9558
4574 58.9558
4575 58.9558
4576 58.9558
4577 58.9558
4578 58.9558
4579 58.9558
4580 58.9558
4581 58.9558
4582 58.9558
4583 58.9558
4584 58.9558
4585 58.9558
4586 58.9558
4587 58.9558
4588 58.9558
4589 58.9558
4590 58.9558
4591 58.9558
4592 58.9558
4593 58.9558
4594 58.9558
4595 58.9558
4596 58.9558
4597 58.9558
4598 58.9558
4599 58.9558
4600 58.9558
4601 58.9558
4602 58.9558
4603 58.9558
4604 58.9558
4605 58.9558
4606 58.9558
4607 58.9558
4608 58.9558
4609 58.9558
4610 58.9558
4611 58.9558
4612 58.9558
4613 58.9558
4614 58.9558
4615 58.9558
4616 58.9558
4617 58.9558
4618 58.9558
4619 58.9558
4620 58.9558
4621 58.9558
4622 58.9558
4623 58.9558
4624 58.9558
4625 58.9558
4626 58.9558
4627 58.9558
4628 58.9558
4629 58.9558
4630 58.9558
4631 58.9558
4632 58.9558
4633 58.9558
4634 58.9558
4635 58.9558
4636 58.9558
4637 58.9558
4638 58.9558
4639 58.9558
4640 58.9558
4641 58.9558
4642 58.9558
4643 58.9558
4644 58.9558
4645 58.9558
4646 58.9558
4647 58.9558
4648 58.9558
4649 58.9558
4650 58.9558
4651 58.9558
4652 58.9558
4653 58.9558
4654 58.9558
4655 58.9558
4656 58.9558
4657 58.9558
4658 58.9558
4659 58.9558
4660 58.9558
4661 58.9558
4662 58.9558
4663 58.9558
4664 58.9558
4665 58.9558
4666 58.9558
4667 58.9558
4668 58.9558
4669 58.9558
4670 58.9558
4671 58.9558
4672 58.9558
4673 58.9558
4674 58.9558
4675 58.9558
4676 58.9558
4677 58.9558
4678 58.9558
4679 58.9558
4680 58.9558
4681 58.9558
4682 58.9558
4683 58.9558
4684 58.9558
4685 58.9558
4686 58.9558
4687 58.9558
4688 58.9558
4689 58.9558
4690 58.9558
4691 58.9558
4692 58.9558
4693 58.9558
4694 58.9558
4695 58.9558
4696 58.9558
4697 58.9558
4698 58.9558
4699 58.9558
4700 58.9558
4701 58.9558
4702 58.9558
4703 58.9558
4704 58.9558
4705 58.9558
4706 58.9558
4707 58.9558
4708 58.9558
4709 58.9558
4710 58.9558
4711 58.9558
4712 58.9558
4713 58.9558
4714 58.9558
4715 58.9558
4716 58.9558
4717 58.9558
4718 58.9558
4719 58.9558
4720 58.9558
4721 58.9558
4722 58.9558
4723 58.9558
4724 58.9558
4725 58.9558
4726 58.9558
4727 58.9558
4728 58.9558
4729 58.9558
4730 58.9558
4731 58.9558
4732 58.9558
4733 58.9558
4734 58.9558
4735 58.9558
4736 58.9558
4737 58.9558
4738 58.9558
4739 58.9558
4740 58.9558
4741 58.9558
4742 58.9558
4743 58.9558
4744 58.9558
4745 58.9558
4746 58.9558
4747 58.9558
4748 58.9558
4749 58.9558
4750 58.9558
4751 58.9558
4752 58.9558
4753 58.9558
4754 58.9558
4755 58.9558
4756 58.9558
4757 58.9558
4758 58.9558
4759 58.9558
4760 58.9558
4761 58.9558
4762 58.9558
4763 58.9558
4764 58.9558
4765 58.9558
4766 58.9558
4767 58.9558
4768 58.9558
4769 58.9558
4770 58.9558
4771 58.9558
4772 58.9558
4773 58.9558
4774 58.9558
4775 58.9558
4776 58.9558
4777 58.9558
4778 58.9558
4779 58.9558
4780 58.9558
4781 58.9558
4782 58.9558
4783 58.9558
4784 58.9558
4785 58.9558
4786 58.9558
4787 58.9558
4788 58.9558
4789 58.9558
4790 58.9558
4791 58.9558
4792 58.9558
4793 58.9558
4794 58.9558
4795 58.9558
4796 58.9558
4797 58.9558
4798 58.9558
4799 58.9558
4800 58.9558
4801 58.9558
4802 58.9558
4803 58.9558
4804 58.9558
4805 58.9558
4806 58.9558
4807 58.9558
4808 58.9558
4809 58.9558
4810 58.9558
4811 58.9558
4812 58.9558
4813 58.9558
4814 58.9558
4815 58.9558
4816 58.9558
4817 58.9558
4818 58.9558
4819 58.9558
4820 58.9558
4821 58.9558
4822 58.9558
4823 58.9558
4824 58.9558
4825 58.9558
4826 58.9558
4827 58.9558
4828 58.9558
4829 58.9558
4830 58.9558
4831 58.9558
4832 58.9558
4833 58.9558
4834 58.9558
4835 58.9558
4836 58.9558
4837 58.9558
4838 58.9558
4839 58.9558
4840 58.9558
4841 58.9558
4842 58.9558
4843 58.9558
4844 58.9558
4845 58.9558
4846 58.9558
4847 58.9558
4848 58.9558
4849 58.9558
4850 58.9558
4851 58.9558
4852 58.9558
4853 58.9558
4854 58.9558
4855 58.9558
4856 58.9558
4857 58.9558
4858 58.9558
4859 58.9558
4860 58.9558
4861 58.9558
4862 58.9558
4863 58.9558
4864 58.9558
4865 58.9558
4866 58.9558
4867 58.9558
4868 58.9558
4869 58.9558
4870 58.9558
4871 58.9558
4872 58.9558
4873 58.9558
4874 58.9558
4875 58.9558
4876 58.9558
4877 58.9558
4878 58.9558
4879 58.9558
4880 58.9558
4881 58.9558
4882 58.9558
4883 58.9558
4884 58.9558
4885 58.9558
4886 58.9558
4887 58.9558
4888 58.9558
4889 58.9558
4890 58.9558
4891 58.9558
4892 58.9558
4893 58.9558
4894 58.9558
4895 58.9558
4896 58.9558
4897 58.9558
4898 58.9558
4899 58.9558
4900 58.9558
4901 58.9558
4902 58.9558
4903 58.9558
4904 58.9558
4905 58.9558
4906 58.9558
4907 58.9558
4908 58.9558
4909 58.9558
4910 58.9558
4911 58.9558
4912 58.9558
4913 58.9558
4914 58.9558
4915 58.9558
4916 58.9558
4917 58.9558
4918 58.9558
4919 58.9558
4920 58.9558
4921 58.9558
4922 58.9558
4923 58.9558
4924 58.9558
4925 58.9558
4926 58.9558
4927 58.9558
4928 58.9558
4929 58.9558
4930 58.9558
4931 58.9558
4932 58.9558
4933 58.9558
4934 58.9558
4935 58.9558
4936 58.9558
4937 58.9558
4938 58.9558
4939 58.9558
4940 58.9558
4941 58.9558
4942 58.9558
4943 58.9558
4944 58.9558
4945 58.9558
4946 58.9558
4947 58.9558
4948 58.9558
4949 58.9558
4950 58.9558
4951 58.9558
4952 58.9558
4953 58.9558
4954 58.9558
4955 58.9558
4956 58.9558
4957 58.9558
4958 58.9558
4959 58.9558
4960 58.9558
4961 58.9558
4962 58.9558
4963 58.9558
4964 58.9558
4965 58.9558
4966 58.9558
4967 58.9558
4968 58.9558
4969 58.9558
4970 58.9558
4971 58.9558
4972 58.9558
4973 58.9558
4974 58.9558
4975 58.9558
4976 58.9558
4977 58.9558
4978 58.9558
4979 58.9558
4980 58.9558
4981 58.9558
4982 58.9558
4983 58.9558
4984 58.9558
4985 58.9558
4986 58.9558
4987 58.9558
4988 58.9558
4989 58.9558
4990 58.9558
4991 58.9558
4992 58.9558
4993 58.9558
4994 58.9558
4995 58.9558
4996 58.9558
4997 58.9558
4998 58.9558
4999 58.9558
