17.0608
16.7926
16.3455
16.6721
17.1129
16.2985
15.8283
15.8574
15.4778
15.4166
15.1419
14.933
15.1249
14.9645
15.2378
15.1506
14.9141
14.9888
15.1217
15.0853
15.2086
15.1535
15.076
15.1025
15.036
14.9186
14.9215
14.9631
14.8731
14.7607
14.7288
14.7471
14.7424
14.8623
14.9503
14.9189
14.9306
14.9514
14.9438
14.9118
14.8874
14.8909
14.9237
14.9365
14.8959
14.9169
14.9494
14.9628
15.0458
15.07
15.0785
15.0728
15.1228
15.1089
15.0567
15.0497
15.0761
15.0653
15.1118
15.1444
15.1371
15.1908
15.1983
15.1558
15.1079
15.1081
15.1097
15.1123
15.1157
15.1033
15.1105
15.1664
15.1764
15.1328
15.0959
15.0998
15.1167
15.1025
15.0889
15.1104
15.1741
15.1742
15.1234
15.1375
15.0834
15.0599
15.068
15.0706
15.0419
15.0083
14.9979
15.0003
15.0005
15.0061
15.02
15.0464
15.0088
14.9825
14.9757
14.9578
14.9697
14.9602
14.9692
14.9229
14.9019
14.9089
14.9384
14.9254
14.92
14.9337
14.9194
14.9234
14.9048
14.9235
14.9202
14.9363
14.9416
14.933
14.9358
14.9277
14.9029
14.8932
14.9035
14.9085
14.895
14.8639
14.8725
14.8571
14.8474
14.8672
14.897
14.902
14.8934
14.8808
14.8967
14.8722
14.8513
14.8696
14.8887
14.8867
14.8675
14.882
14.8985
14.8998
14.8943
14.8934
14.8964
14.9058
14.9329
14.9602
14.9656
14.9652
14.965
15.0126
15.0462
15.052
15.0562
15.0802
15.0779
15.0859
15.077
15.0863
15.1021
15.1119
15.1081
15.1033
15.0973
15.0966
15.0932
15.0919
15.0984
15.1146
15.0939
15.0897
15.0795
15.0769
15.0578
15.0547
15.0502
15.0378
15.0472
15.034
15.0326
15.0166
15.024
15.0238
15.0228
15.0177
15.0104
15.0108
15.0181
15.0225
15.0393
15.0403
15.0522
15.0478
15.0378
15.0513
15.0569
15.0539
15.0407
15.0371
15.0328
15.0344
15.0377
15.0388
15.0463
15.0397
15.0317
15.049
15.0455
15.0589
15.0542
15.0665
15.0505
15.0471
15.0543
15.0551
15.056
15.0643
15.0618
15.0562
15.0532
15.0444
15.0483
15.053
15.0511
15.0485
15.0467
15.0308
15.0439
15.0563
15.0689
15.0641
15.0628
15.0667
15.073
15.0594
15.0556
15.0679
15.0702
15.0586
15.0575
15.0419
15.0365
15.047
15.044
15.0433
15.0366
15.0259
15.0099
15.007
15.0088
15.0002
15.0115
15.0032
15.0023
15.0018
14.991
14.9851
14.9855
14.9822
14.9831
14.9793
14.9894
14.9869
14.9858
14.9949
15.0093
15.0252
15.0233
15.0152
15.0164
15.0144
15.0305
15.0434
15.0479
15.0495
15.0586
15.0625
15.0611
15.0454
15.0365
15.0452
15.0471
15.0432
15.0473
15.0373
15.031
15.0296
15.0234
15.0097
15.0132
15.0158
15.0136
15.0136
15.02
15.024
15.02
15.0208
15.0276
15.0245
15.0276
15.0311
15.0319
15.035
15.0378
15.0389
15.0401
15.038
15.0487
15.0479
15.048
15.046
15.0393
15.0534
15.0542
15.0627
15.0577
15.0569
15.055
15.0555
15.0451
15.0425
15.0416
15.0438
15.0476
15.0528
15.0561
15.0556
15.0582
15.048
15.0426
15.0408
15.0343
15.0387
15.0321
15.0387
15.0358
15.0315
15.0282
15.0241
15.0295
15.0314
15.0231
15.0254
15.0185
15.0262
15.0216
15.0207
15.025
15.0219
15.0164
15.0139
15.0201
15.0158
15.007
15.016
15.0044
15.0082
15.0094
15.0081
15.0073
15.0111
15.0112
15.001
15.0009
15.0107
15.0039
14.9995
14.993
14.9939
14.9987
14.9922
14.9911
15.002
15.0048
15.0048
14.9995
15.0014
14.9988
14.9896
14.9916
14.9817
14.9707
14.9603
14.9637
14.9633
14.9539
14.963
14.9693
14.972
14.9719
14.9799
14.9831
14.9888
14.9914
14.993
14.9908
14.9886
14.9924
14.9839
14.9783
14.977
14.9755
14.9787
14.9713
14.9655
14.9656
14.9578
14.9555
14.9619
14.9614
14.9644
14.9654
14.9695
14.9714
14.9703
14.9626
14.9575
14.9625
14.9616
14.9537
14.9427
14.9472
14.948
14.942
14.9406
14.9419
14.9443
14.9494
14.9439
14.9371
14.9364
14.9403
14.9397
14.9339
14.9251
14.9215
14.9256
14.9271
14.9292
14.9228
14.9296
14.9298
14.9314
14.9289
14.9192
14.9276
14.9425
14.9477
14.943
14.94
14.9356
14.9319
14.9299
14.9294
14.9305
14.9363
14.9405
14.9454
14.939
14.9366
14.9417
14.9375
14.9422
14.9445
14.9412
14.9395
14.9344
14.9289
14.9334
14.9396
14.9416
14.9407
14.9416
14.9375
14.9391
14.937
14.9444
14.9547
14.9549
14.9558
14.9532
14.9618
14.9678
14.966
14.9677
14.9633
14.9647
14.9621
14.9645
14.9647
14.9687
14.9677
14.9627
14.9673
14.9679
14.968
14.9673
14.9768
14.9806
14.981
14.9779
14.9752
14.9731
14.9746
14.9758
14.975
14.9673
14.964
14.9648
14.9695
14.9734
14.9672
14.9674
14.9626
14.9553
14.9543
14.9517
14.9435
14.939
14.9397
14.9377
14.9351
14.9346
14.9333
14.9302
14.9283
14.9291
14.9344
14.9331
14.9364
14.9358
14.9393
14.9411
14.9394
14.9383
14.939
14.9359
14.9302
14.9327
14.9326
14.9296
14.9332
14.934
14.9401
14.9428
14.9363
14.9418
14.9398
14.9478
14.9494
14.9554
14.9566
14.9622
14.9561
14.9535
14.9469
14.9452
14.9409
14.9466
14.9471
14.9466
14.9444
14.9406
14.9398
14.9386
14.9448
14.9416
14.9426
14.9461
14.9473
14.9501
14.9482
14.9509
14.9465
14.9457
14.9489
14.9403
14.9401
14.9341
14.9311
14.9323
14.9339
14.9309
14.936
14.9303
14.9294
14.9235
14.92
14.9224
14.9268
14.9315
14.9289
14.9261
14.9225
14.9237
14.9243
14.925
14.9227
14.9199
14.9171
14.9193
14.9146
14.9134
14.916
14.92
14.9215
14.9205
14.9207
14.9219
14.9208
14.9218
14.9228
14.9248
14.9229
14.9171
14.9173
14.9137
14.9144
14.9164
14.9257
14.9246
14.9214
14.9249
14.9199
14.9252
14.9285
14.9265
14.9271
14.9292
14.9298
14.9264
14.9257
14.923
14.9196
14.9206
14.9218
14.9209
14.9222
14.9191
14.9179
14.9253
14.9298
14.9268
14.9283
14.9286
14.9255
14.9259
14.9266
14.9282
14.9268
14.9256
14.9257
14.9261
14.927
14.9204
14.9207
14.9218
14.9235
14.9205
14.917
14.9155
14.908
14.9051
14.9055
14.9063
14.9075
14.9149
14.9165
14.919
14.92
14.9193
14.9186
14.9168
14.9162
14.9162
14.9154
14.916
14.923
14.9182
14.9162
14.9183
14.9192
14.9261
14.9227
14.9195
14.9205
14.9184
14.9202
14.9193
14.9214
14.9226
14.9212
14.9211
14.9209
14.9233
14.9215
14.9215
14.9217
14.9199
14.9191
14.9183
14.9163
14.9165
14.9186
14.9233
14.9249
14.9223
14.9249
14.9243
14.9257
14.93
14.9285
14.9314
14.9351
14.9373
14.9399
14.9395
14.9388
14.9397
14.9376
14.9395
14.9359
14.9342
14.938
14.9414
14.9428
14.942
14.9421
14.9383
14.9377
14.933
14.9345
14.935
14.9354
14.9312
14.9321
14.9327
14.9364
14.9366
14.9384
14.937
14.9365
14.9349
14.9332
14.9324
14.9357
14.9417
14.9407
14.9415
14.9444
14.9478
14.9561
14.954
14.9559
14.957
14.9621
14.9646
14.9646
14.9611
14.9607
14.963
14.9606
14.959
14.9605
14.9609
14.9624
14.9644
14.9648
14.9618
14.9599
14.9623
14.9648
14.9706
14.9674
14.9644
14.9652
14.9621
14.9605
14.9613
14.9613
14.9572
14.9568
14.9519
14.9509
14.9487
14.9476
14.9487
14.9501
14.9539
14.9517
14.9516
14.9496
14.952
14.9544
14.9544
14.9516
14.9498
14.9507
14.9504
14.9519
14.9546
14.9547
14.9545
14.9548
14.9512
14.9484
14.947
14.9437
14.9473
14.9463
14.9466
14.9465
14.9473
14.9453
14.9437
14.9447
14.9456
14.9486
14.9495
14.9493
14.9494
14.9496
14.9496
14.9485
14.9471
14.95
14.9488
14.9501
14.952
14.9498
14.9494
14.9459
14.9442
14.9459
14.9474
14.9484
14.9457
14.9456
14.9448
14.9469
14.9514
14.9494
14.9502
14.9535
14.9514
14.9481
14.9465
14.9445
14.9448
14.9441
14.944
14.9426
14.9458
14.9494
14.9518
14.9538
14.9546
14.9575
14.9544
14.9504
14.9524
14.948
14.9501
14.9487
14.952
14.9515
14.9546
14.9516
14.9541
14.9523
14.9534
14.9536
14.9547
14.9544
14.959
14.9591
14.9576
14.9594
14.9593
14.9613
14.9586
14.9602
14.956
14.9577
14.9596
14.9565
14.9545
14.9543
14.954
14.9563
14.9572
14.9547
14.9571
14.9558
14.9536
14.9505
14.9455
14.9436
14.9444
14.944
14.9422
14.9421
14.9421
14.9384
14.9348
14.9322
14.9319
14.9304
14.9296
14.9276
14.9275
14.9277
14.9249
14.9264
14.9326
14.9336
14.9319
14.9297
14.9309
14.9308
14.9301
14.93
14.9302
14.9289
14.9292
14.9265
14.9256
14.9284
14.9269
14.9327
14.9326
14.9347
14.9334
14.9371
14.939
14.9387
14.9392
14.939
14.9428
14.9429
14.9396
14.9408
14.9401
14.9367
14.9381
14.9388
14.9404
14.9389
14.9353
14.9337
14.9321
14.9287
14.9304
14.9334
14.9327
14.9296
14.9308
14.9334
14.9353
14.9348
14.9345
14.9341
14.9344
14.9361
14.9352
14.9355
14.9332
14.9314
14.9304
14.9304
14.9281
14.9278
14.9261
14.9241
14.9216
14.92
14.9202
14.9192
14.9225
14.9216
14.9213
14.923
14.9241
14.9229
14.925
14.9267
14.9267
14.9248
14.9262
14.9193
14.9202
14.9152
14.9156
14.9172
14.9161
14.9122
14.9138
