19.9457
18.2916
16.6039
16.3894
16.0364
16.1867
15.9984
16.0165
15.7273
15.7375
15.5947
15.25
15.2871
15.2666
15.2622
15.3959
15.5058
15.4383
15.4571
15.4157
15.2691
15.0638
15.06
15.1796
15.3568
15.2955
15.3369
15.2926
15.3273
15.2814
15.2421
15.1837
15.2408
15.3284
15.3997
15.424
15.4054
15.3236
15.2342
15.2701
15.2375
15.227
15.1962
15.1422
15.0861
15.1045
15.1189
15.0105
14.9786
15.0083
14.9654
15.0057
14.9669
14.9978
14.9588
14.9109
14.9053
14.9129
14.907
14.9337
14.909
14.9132
14.9413
14.94
15.0429
15.0621
15.0363
15.0306
15.024
15.0223
15.0133
15.047
15.0395
15.0299
15.0812
15.133
15.1443
15.1477
15.1713
15.1611
15.1563
15.1824
15.1543
15.1521
15.157
15.129
15.1648
15.1006
15.1227
15.1115
15.115
15.0787
15.118
15.1211
15.0891
15.0806
15.0699
15.0932
15.079
15.0817
15.0824
15.1012
15.0998
15.0832
15.0797
15.1069
15.0835
15.0458
15.0231
15.0003
15.0084
15.0502
15.0485
15.0469
15.0515
15.0594
15.027
15.0129
15.0377
15.0214
15.0251
15.0102
15.0159
15.0459
15.0606
15.0553
15.048
15.0429
15.0469
15.045
15.0191
15.0158
15.0099
15.0202
15.0222
15.0201
15.0182
15.0143
15.0216
15.0392
15.0529
15.0515
15.0375
15.0282
15.0284
15.0167
14.9888
14.9687
14.9521
14.9702
14.9773
14.9858
14.9802
14.9923
14.9755
14.9877
14.981
14.9764
14.9799
14.9757
14.973
14.9695
14.9444
14.9191
14.9104
14.8966
14.896
14.884
14.8926
14.8863
14.9029
14.9118
14.9187
14.947
14.9612
14.9603
14.963
14.9562
14.9598
14.9503
14.9438
14.9371
14.9488
14.9467
14.9359
14.937
14.9448
14.9522
14.9444
14.9448
14.9562
14.9428
14.9319
14.9393
14.9332
14.9316
14.936
14.9295
14.9237
14.9222
14.9233
14.9194
14.9092
14.9181
14.9224
14.9282
14.9226
14.9317
14.9306
14.9246
14.9316
14.9367
14.9365
14.9454
14.9415
14.9334
14.9437
14.9447
14.9377
14.9498
14.9362
14.9322
14.9304
14.9314
14.9454
14.9523
14.9407
14.9386
14.9191
14.9184
14.9143
14.9202
14.9124
14.9031
14.8965
14.9014
14.8934
14.8998
14.9081
14.9126
14.9121
14.9132
14.9166
14.9183
14.9093
14.8969
14.8903
14.895
14.9129
14.915
14.9262
14.9307
14.9246
14.9232
14.9199
14.9146
14.9185
14.9314
14.9363
14.934
14.9299
14.935
14.9352
14.9311
14.9389
14.9353
14.9457
14.9461
14.9587
14.9584
14.9686
14.9711
14.9726
14.9755
14.9767
14.9745
14.9773
14.9843
14.9903
14.9834
14.9883
15.0031
14.9993
14.9959
14.9874
14.988
14.9789
14.9752
14.9741
14.9902
14.9986
15.0045
15.0082
15.003
15.0087
15.0141
15.001
14.9931
14.9937
14.9864
14.9885
14.9872
14.9847
14.9773
14.9712
14.9708
14.9799
14.9849
14.9908
14.9892
14.9933
14.9927
14.9914
14.997
15.0051
15.0142
15.0085
15.0142
15.0173
15.0195
15.0219
15.027
15.0286
15.021
15.0196
15.0166
15.013
15.0047
15.0068
15.0006
15.0046
15.0164
15.0157
15.0123
15.0143
15.0029
15.0108
15.0133
15.0027
15.0104
15.0097
15.0135
15.0147
15.0117
15.0126
15.0128
15.0135
15.0124
15.0096
15.0066
15.009
15.0096
15.0081
14.9973
14.9987
14.9925
14.99
14.9799
14.9807
14.9784
14.9853
14.9882
14.9774
14.9722
14.9717
14.9764
14.9778
14.9828
14.9864
14.9845
14.9842
14.9946
14.997
14.9956
14.9953
14.9992
14.9989
15.0045
15.0073
14.9989
15.013
15.0049
15.0096
15.0099
15.0029
15.0051
14.9992
15.0067
15.0093
15.0039
14.994
14.9973
14.9998
15.0007
15.001
14.9976
15.0052
15.0013
14.9951
15.0018
14.9961
15.0009
15.0013
14.9969
14.9991
14.9935
14.9959
14.9883
14.9839
14.9777
14.9777
14.9823
14.9837
14.9787
14.9761
14.9859
14.9956
14.9968
14.9926
14.9854
14.9848
14.9848
14.9903
14.9929
14.9922
14.9909
14.9883
14.992
15.0057
15.0048
15.0098
15.0075
15.0101
15.0192
15.0174
15.0251
15.0298
15.0249
15.0249
15.0258
15.0228
15.0212
15.0134
15.0188
15.0223
15.0193
15.0168
15.0066
15.0147
15.0112
15.0084
15.0159
15.0148
15.0137
15.0124
15.0147
15.0044
15.0003
14.9986
14.992
14.9919
14.9869
14.9922
14.9936
14.9927
14.9906
14.9872
14.9879
14.9892
14.9914
14.9903
14.9903
14.9865
14.9849
14.9845
14.9786
14.9795
14.9789
14.9797
14.9806
14.9761
14.9719
14.9725
14.9729
14.9679
14.9687
14.9611
14.9547
14.9546
14.9524
14.9536
14.9577
14.9559
14.9558
14.9547
14.9533
14.9583
14.961
14.9582
14.9575
14.9572
14.9527
14.9626
14.9607
14.9683
14.9657
14.9634
14.9635
14.9614
14.9619
14.9595
14.9616
14.962
14.9625
14.9662
14.9669
14.9695
14.9685
14.9593
14.9619
14.9602
14.9591
14.95
14.9585
14.9592
14.9626
14.9623
14.9671
14.9662
14.9604
14.9598
14.9526
14.9543
14.9566
14.9581
14.9632
14.964
14.9621
14.9567
14.9531
14.96
14.9598
14.9628
14.9639
14.9612
14.9602
14.9592
14.9636
14.973
14.9689
14.9682
14.97
14.9695
14.9685
14.9609
14.9585
14.9615
14.9557
14.9513
14.9481
14.9473
14.9545
14.9526
14.947
14.9435
14.9465
14.9533
14.9586
14.9547
14.9539
14.9567
14.9541
14.9563
14.9553
14.9536
14.9497
14.9498
14.951
14.9507
14.9481
14.9483
14.953
14.9518
14.9547
14.9548
14.9633
14.9627
14.9629
14.9624
14.9646
14.9654
14.9622
14.9619
14.9541
14.9479
14.9511
14.9487
14.9503
14.9499
14.9475
14.9388
14.9387
14.9362
14.9387
14.9388
14.9379
14.9359
14.9377
14.9396
14.9364
14.9375
14.9358
14.9359
14.9409
14.9376
14.9344
14.9349
14.9369
14.9396
14.9388
14.9389
14.9347
14.9301
14.928
14.9317
14.9288
14.9301
14.9379
14.9391
14.938
14.9368
14.94
14.9416
14.9398
14.9438
14.9432
14.9503
14.9498
14.9542
14.9519
14.9553
14.9543
14.9571
14.955
14.9601
14.9626
14.9655
14.9624
14.9594
14.9672
14.968
14.9657
14.9634
14.9576
14.9562
14.9549
14.9609
14.9627
14.959
14.9615
14.9642
14.9631
14.9667
14.9662
14.9699
14.9697
14.9744
14.9774
14.974
14.9692
14.9733
14.9687
14.967
14.9719
14.9699
14.9696
14.9643
14.9641
14.9662
14.9669
14.9654
14.9602
14.9546
14.957
14.9614
14.9623
14.9644
14.9657
14.9649
14.9689
14.968
14.9703
14.9701
14.9704
14.9683
14.9661
14.9677
14.9646
14.963
14.964
14.9651
14.9654
14.9714
14.9677
14.97
14.9802
14.9746
14.9767
14.9763
14.9742
14.9765
14.9801
14.985
14.9875
14.9893
14.9931
14.9931
14.9946
14.9982
14.9988
14.9977
14.9992
15.0025
15.0049
15.0096
15.0114
15.0106
15.0148
15.0143
15.0105
15.012
15.0098
15.0102
15.0074
15.0108
15.0108
15.0119
15.0137
15.0137
15.0134
15.0151
15.0168
15.0161
15.0145
15.0115
15.0153
15.0134
15.0157
15.0123
15.0141
15.0124
15.0153
15.0112
15.0127
15.0132
15.0123
15.0149
15.0132
15.0128
15.011
15.0071
15.0073
15.0149
15.0146
15.0094
15.0092
15.0086
15.0124
15.0103
15.0097
15.0115
15.0158
15.0178
15.0176
15.0142
15.0165
15.0138
15.0197
15.0157
15.0147
15.0141
15.0114
15.012
15.0155
15.0167
15.0175
15.0157
15.0162
15.015
15.0122
15.0174
15.0168
15.0169
15.0172
15.011
15.0081
15.0068
15.0099
15.0105
15.0162
15.0188
15.0182
15.0186
15.0211
15.0175
15.0178
15.0194
15.0136
15.0198
15.0192
15.0156
15.015
15.018
15.0215
15.0218
15.02
15.0195
15.016
15.0136
15.0114
15.0097
15.0089
15.0087
15.0104
15.0086
15.0089
15.0078
15.0066
15.0071
15.0098
15.0097
15.0084
15.0057
15.0064
15.0067
15.0087
15.0124
15.0105
15.0094
15.0063
15.0053
15.0042
15.0028
15.0014
15.002
14.9995
15.001
15.0036
15.0007
14.9998
14.9985
14.9977
14.9953
14.9929
14.9934
14.9956
14.9971
14.9959
14.9963
14.9937
14.9942
14.9936
14.9944
14.9924
14.9896
14.9921
14.9902
14.9848
14.9851
14.9844
14.9836
14.9849
14.9867
14.9872
14.9856
14.9842
14.9855
14.9843
14.9838
14.9816
14.9802
14.9837
14.9842
14.9839
14.9779
14.9818
14.9817
14.9834
14.9872
14.9827
14.9835
14.9819
14.982
14.9799
14.981
14.9813
14.9814
14.9818
14.9801
14.981
14.9801
14.9802
14.9834
14.9825
14.9785
14.9774
14.9759
14.9748
14.9751
14.9748
14.9764
14.9737
14.976
14.9757
14.9761
14.9766
14.9774
14.9761
14.9722
14.9735
14.975
14.9772
14.9771
14.9731
14.977
14.9732
14.9746
14.974
14.9774
14.9743
14.9705
14.9716
14.9747
14.9717
14.9722
14.9766
14.978
14.9764
14.978
14.9757
14.9737
14.9742
14.9731
14.9743
14.9777
14.9778
14.976
14.9787
14.9802
14.98
14.9827
14.985
14.9831
14.9839
14.9861
14.985
14.9876
14.9882
14.9892
14.9891
14.991
14.9897
14.9926
14.9962
15.0003
15.0025
15.002
15.0017
15.0017
15.0031
15.0045
15.004
15.0035
15.0055
15.0041
15.0009
14.9999
14.9988
15.0026
15.0026
15.002
15.0019
15.0027
15.0025
15.0056
15.0059
15.0049
15.0029
15.0019
14.9993
14.9981
14.9944
14.9959
14.9951
14.9964
14.9932
14.9896
14.9918
14.9957
14.9914
