0
0.268142
0.473175
0.467545
0.570527
0.938252
0.921858
0.79888
0.800287
0.71841
0.705494
0.677068
0.65171
0.624317
0.642267
0.607094
0.617337
0.586798
0.570752
0.542684
0.53072
0.509018
0.492516
0.472289
0.457849
0.455294
0.438116
0.424221
0.419098
0.420209
0.407679
0.39516
0.383027
0.390466
0.389226
0.379565
0.36935
0.360101
0.350829
0.343435
0.33584
0.327765
0.321727
0.314591
0.310187
0.304095
0.29932
0.293325
0.29901
0.293971
0.288274
0.282734
0.281827
0.276908
0.276785
0.271889
0.268381
0.263938
0.263568
0.261179
0.256966
0.258441
0.254416
0.253986
0.254607
0.25072
0.246955
0.24331
0.239782
0.236659
0.233413
0.236843
0.233792
0.234695
0.234471
0.231397
0.229
0.226494
0.224023
0.222246
0.228557
0.225752
0.228738
0.226439
0.230201
0.228727
0.226228
0.223658
0.222986
0.223049
0.220829
0.218429
0.216068
0.213831
0.212026
0.211456
0.212605
0.212063
0.210022
0.208673
0.206935
0.205112
0.203307
0.206585
0.205686
0.203857
0.204085
0.202602
0.200809
0.199449
0.198165
0.19643
0.195572
0.194752
0.193079
0.192081
0.190507
0.189082
0.187507
0.186116
0.18623
0.184949
0.183727
0.182307
0.181348
0.18257
0.181334
0.180572
0.179428
0.179139
0.180241
0.178942
0.177803
0.176915
0.17631
0.176708
0.176655
0.176319
0.17609
0.17484
0.174646
0.174016
0.173581
0.172376
0.171271
0.170097
0.168963
0.16808
0.16913
0.170208
0.169164
0.168048
0.166947
0.172548
0.174694
0.173667
0.172608
0.173183
0.172105
0.171212
0.170378
0.169577
0.169276
0.168527
0.167546
0.166604
0.165712
0.164724
0.163781
0.162821
0.161995
0.161869
0.162262
0.161381
0.16078
0.159884
0.160121
0.159251
0.158423
0.158027
0.157436
0.15713
0.156275
0.156237
0.155564
0.154725
0.153899
0.153162
0.152523
0.151719
0.1511
0.150375
0.150534
0.149759
0.149462
0.148763
0.148345
0.148217
0.147576
0.146867
0.146726
0.146043
0.145386
0.144681
0.144012
0.143315
0.142819
0.142288
0.14183
0.142214
0.141582
0.141543
0.140955
0.14083
0.141082
0.140468
0.140004
0.139363
0.138728
0.138343
0.137738
0.137233
0.136649
0.136319
0.135767
0.135246
0.134662
0.134096
0.133522
0.133883
0.133943
0.133936
0.13396
0.133471
0.132909
0.132401
0.131995
0.132145
0.131645
0.131671
0.131144
0.131115
0.130579
0.130975
0.130553
0.130448
0.129955
0.129431
0.129084
0.129013
0.129493
0.12901
0.128511
0.12829
0.128284
0.128053
0.127557
0.127063
0.127027
0.126675
0.12619
0.125752
0.125276
0.12486
0.124797
0.124351
0.123889
0.123758
0.124141
0.124692
0.124246
0.124052
0.123603
0.123167
0.123769
0.123996
0.123629
0.123194
0.123089
0.12271
0.12228
0.122857
0.122748
0.122627
0.12221
0.121842
0.121485
0.121475
0.12122
0.120809
0.120551
0.120925
0.120565
0.120182
0.119795
0.119389
0.119157
0.118825
0.118495
0.118102
0.117901
0.117548
0.1172
0.116865
0.116485
0.116145
0.115798
0.115427
0.11506
0.114707
0.114833
0.114466
0.1141
0.113754
0.113593
0.114112
0.113754
0.113708
0.113461
0.113109
0.112772
0.112422
0.112553
0.112236
0.111894
0.111574
0.111297
0.111079
0.110789
0.110454
0.110151
0.110294
0.110096
0.109781
0.109642
0.109404
0.10928
0.109153
0.108869
0.108632
0.108365
0.108125
0.107947
0.10765
0.10766
0.107374
0.107283
0.107247
0.107038
0.106735
0.106517
0.106259
0.106099
0.10583
0.105716
0.105508
0.105578
0.105665
0.106005
0.105777
0.105491
0.105207
0.10492
0.104701
0.104414
0.10463
0.104345
0.104522
0.10446
0.104271
0.104194
0.103918
0.103749
0.103671
0.1034
0.103706
0.103467
0.103193
0.103053
0.102799
0.102564
0.102708
0.102458
0.102662
0.10299
0.103243
0.103032
0.102767
0.102936
0.103078
0.103004
0.102778
0.102516
0.102566
0.102355
0.10226
0.102035
0.10179
0.10156
0.101329
0.101148
0.101254
0.101157
0.100915
0.100678
0.100481
0.100507
0.100424
0.100178
0.100237
0.100019
0.0999792
0.0997382
0.0995442
0.0993085
0.0991545
0.0989356
0.0987046
0.0987723
0.0986675
0.0985571
0.0983273
0.0984108
0.0987889
0.0986586
0.0984295
0.0983782
0.0981582
0.0979382
0.0977389
0.097645
0.097574
0.0975868
0.0973639
0.0972158
0.0969941
0.09695
0.0971281
0.0969712
0.0968382
0.0966291
0.0964331
0.096428
0.096453
0.0962362
0.0960327
0.0958488
0.0961301
0.0962858
0.0972236
0.0971436
0.0970422
0.0968743
0.0967611
0.0966169
0.0964263
0.096216
0.0960121
0.0959753
0.095858
0.0957769
0.0957851
0.0956071
0.0955375
0.0954256
0.0953357
0.0951579
0.0950106
0.0948227
0.0947577
0.0947192
0.0946258
0.0946342
0.0944539
0.0942589
0.0940654
0.0939567
0.0937722
0.0936
0.0937042
0.0940741
0.0938789
0.0936886
0.0935298
0.0937272
0.0937315
0.0935572
0.0933821
0.0932968
0.093116
0.0929619
0.0928034
0.0926152
0.0925167
0.0923353
0.0922834
0.0922114
0.0920281
0.0918436
0.0916627
0.0919666
0.0918652
0.091683
0.0915531
0.0914107
0.0912551
0.091088
0.0909159
0.0907402
0.0908937
0.0907741
0.0906
0.0905462
0.0904525
0.0904863
0.090311
0.0902644
0.0903828
0.090214
0.0900772
0.0902811
0.0902202
0.09005
0.0898992
0.0897649
0.0895955
0.0894351
0.0893201
0.0891704
0.0890053
0.0889957
0.0888383
0.0887343
0.0885703
0.0884741
0.0883283
0.0881805
0.0880236
0.0878628
0.0877533
0.0877794
0.0876542
0.0874926
0.0873836
0.0872971
0.0871405
0.0871947
0.087077
0.0871618
0.0871759
0.0870391
0.0872475
0.0871033
0.0871524
0.0870039
0.0870269
0.0870809
0.0869639
0.0870558
0.0869184
0.0868686
0.0869038
0.0867505
0.0865977
0.0864742
0.086402
0.0862533
0.0861098
0.0861839
0.0860929
0.0859477
0.0858693
0.0857269
0.0856227
0.0854942
0.0853874
0.0853508
0.0852068
0.0851204
0.0854089
0.0852619
0.0853292
0.0852362
0.0850984
0.0849688
0.0848774
0.0848839
0.0849292
0.0847892
0.084854
0.0847829
0.0846755
0.0846463
0.0846352
0.0845329
0.0844404
0.0843734
0.0842409
0.0841025
0.0839646
0.083855
0.0837628
0.0836717
0.0835613
0.0835531
0.0834235
0.083325
0.0832833
0.083161
0.0830301
0.0828942
0.0827681
0.0826405
0.0825123
0.0823841
0.0822725
0.0821608
0.0822287
0.0820959
0.0820438
0.0819155
0.0818075
0.0821968
0.0820717
0.0820044
0.0819498
0.081973
0.0820131
0.0819489
0.0818419
0.0817144
0.0816108
0.081484
0.0814244
0.0812995
0.081217
0.0811606
0.0810392
0.0809222
0.0808009
0.0806855
0.0806188
0.0805022
0.0807146
0.0807136
0.0806424
0.0805315
0.0804074
0.0803426
0.0802199
0.0800994
0.079994
0.0798834
0.0797713
0.0796495
0.079529
0.0794135
0.0795689
0.0794485
0.0793355
0.0792347
0.0791733
0.0791312
0.0790262
0.0792583
0.0791929
0.079075
0.0789606
0.0788512
0.0790838
0.0789826
0.0789046
0.0787935
0.07868
0.0785665
0.0784715
0.0783578
0.0782421
0.0781312
0.0780182
0.0782169
0.0782454
0.0781566
0.0780714
0.077962
0.0781557
0.0781167
0.0780694
0.0779622
0.0778776
0.0777875
0.07768
0.0775937
0.0774911
0.0773909
0.0772796
0.0771692
0.0770964
0.0770058
0.0768958
0.0767863
0.0766981
0.0765935
0.0764892
0.0764061
0.0762982
0.0762189
0.0762549
0.0761641
0.0760995
0.0760345
0.0759297
0.0758361
0.0758534
0.0757622
0.0757106
0.0756932
0.0756211
0.0755614
0.0754576
0.0753562
0.0752577
0.0751822
0.0751022
0.0750891
0.0750029
0.0749947
0.0749661
0.0748777
0.0747794
0.0746771
0.0746699
0.0745708
0.0746155
0.0745292
0.0744294
0.0743294
0.0743437
0.0742481
0.07415
0.0741418
0.0740423
0.073963
0.0738757
0.0737784
0.0736961
0.0736177
0.0735243
0.0735044
0.0736505
0.073559
0.0734648
0.0734249
0.0734058
0.0737829
0.0737162
0.0736432
0.0735551
0.0736335
0.0735792
0.0734825
0.0734692
0.0733738
0.0733132
0.0732536
0.0731762
0.0730954
0.0730012
0.0729224
0.0728551
0.0727617
0.0727293
0.0726613
0.0726074
0.0725592
0.0726977
0.0726768
0.072646
0.0725568
0.0725262
0.0724511
0.0723622
0.0722698
0.0722982
0.0722071
0.0722827
0.072197
0.0721393
0.0720557
0.0719723
0.0718957
0.071903
0.0718447
0.0717542
0.0716934
0.0716456
0.0715949
0.0715052
0.0714708
0.0714058
0.0713232
0.071235
0.071162
0.0711239
0.0710358
0.0709479
0.0708603
0.0708653
0.0708292
0.0707564
0.0707446
0.0707458
0.0706656
0.0705796
0.0704931
0.0704109
0.0703513
0.0702843
0.0702061
0.0701264
0.0701025
0.0700236
0.0699387
0.0698537
0.0697694
0.0696849
0.0696095
0.0695405
0.069519
0.069445
0.0693732
0.0693155
0.0692659
0.0691841
0.069189
0.0691272
0.0690655
0.0689996
0.0689246
0.0688952
0.0688134
0.0687365
0.0686883
0.0687534
0.0687006
0.0686244
0.0686196
0.068569
0.0685701
0.0685066
0.0684558
0.0683758
0.068299
0.0682191
0.0681531
0.06815
0.0681627
0.0681273
0.0680774
0.0680023
0.0679872
0.0679781
0.06802
0.0679713
0.0680328
0.0679849
0.0679207
0.0679222
0.0678459
0.0678422
0.067831
0.0677991
0.067745
0.0676766
0.0675993
0.0675312
0.0674546
0.0675368
0.06746
0.0674009
0.0673492
0.0672729
0.0672264
0.0672061
0.0671492
0.0672056
0.067152
0.0671024
0.0670958
0.0670509
0.0669758
0.0669017
0.066867
0.0667979
0.0667668
0.066735
0.0666745
0.0666347
0.0666335
0.0667504
0.0667021
0.0666324
0.0665598
0.0665083
0.0664348
0.0663615
0.0663896
0.0664116
0.066392
0.0663194
0.0662643
0.066196
0.0661565
0.0660841
0.0660124
0.0659999
0.0659429
0.0661685
0.0661037
0.0660527
0.0660189
0.0659577
0.0658862
0.0658195
0.0657484
0.0656777
0.0656189
0.0655485
0.0655313
0.0654673
0.0654568
0.0654027
0.0655902
0.0655202
0.0654852
0.0654282
0.0654606
0.0654187
0.0653495
0.0652821
0.0652131
0.0652512
0.0651821
0.0651945
0.0651366
0.0650723
0.0650916
0.0650391
0.0649744
0.0649258
0.0648767
0.0649047
0.0648567
0.0648083
0.06483
0.0647853
0.0647838
0.0647191
0.0647256
0.0646683
0.0646537
0.0646133
0.0645477
0.0644813
0.0644158
0.0643497
0.0643046
0.0642439
0.0641784
0.0641565
0.0641148
0.064056
0.0639902
0.0639692
0.0639042
0.0638602
0.0638276
0.0638089
0.0637654
0.0637006
0.0636435
0.0636684
0.0636098
0.0635459
0.0635021
0.0634475
0.0633946
0.0633654
0.0633247
0.0632607
0.0632246
0.0631766
0.0634943
0.0634366
0.0635658
0.0635034
0.0634598
0.0634065
0.0634626
0.0634195
