0
1.65405
1.93917
1.38787
1.13152
0.936022
0.813184
0.704471
0.685283
0.613019
0.572592
0.626079
0.577099
0.534682
0.497782
0.484456
0.468147
0.446503
0.422769
0.403207
0.410601
0.442019
0.422382
0.421737
0.44159
0.428659
0.414545
0.401917
0.389359
0.37894
0.368615
0.361651
0.35514
0.355489
0.352478
0.343404
0.334511
0.3357
0.338981
0.33234
0.325765
0.318088
0.312127
0.309695
0.307892
0.301691
0.295551
0.308973
0.304281
0.299613
0.296793
0.293799
0.290797
0.28703
0.284445
0.283405
0.278444
0.273705
0.269091
0.265921
0.262698
0.258461
0.25588
0.251854
0.268457
0.265056
0.26234
0.258516
0.254828
0.251167
0.247768
0.246625
0.243339
0.240222
0.242492
0.244821
0.241885
0.238787
0.236923
0.234166
0.231306
0.229949
0.228889
0.226158
0.223534
0.222692
0.223022
0.22964
0.228121
0.225854
0.223387
0.223906
0.224931
0.222548
0.22251
0.220346
0.218325
0.217346
0.215613
0.213464
0.211341
0.210104
0.208059
0.206718
0.204769
0.204632
0.204053
0.205635
0.205008
0.204404
0.202716
0.205195
0.203378
0.201593
0.199886
0.198313
0.199268
0.198071
0.197953
0.196969
0.195369
0.19433
0.192827
0.193608
0.192611
0.19115
0.189777
0.188358
0.186936
0.185503
0.185895
0.184509
0.183214
0.182138
0.180794
0.179471
0.178166
0.176914
0.175788
0.175409
0.174697
0.173468
0.172819
0.171868
0.170678
0.169909
0.171049
0.171071
0.170729
0.170549
0.169567
0.16866
0.167646
0.166988
0.166754
0.166132
0.165206
0.164222
0.163225
0.162257
0.161268
0.160308
0.161293
0.162297
0.161542
0.161154
0.160188
0.159678
0.158961
0.158151
0.158105
0.157431
0.156671
0.158327
0.15806
0.157162
0.156295
0.155566
0.154736
0.154165
0.15345
0.152751
0.152365
0.151549
0.151117
0.150306
0.149705
0.149091
0.148506
0.147723
0.147388
0.14723
0.146873
0.146301
0.145677
0.14494
0.144269
0.143688
0.143081
0.142371
0.141665
0.141016
0.140694
0.140286
0.139666
0.139109
0.138552
0.138187
0.137528
0.137003
0.136531
0.135979
0.13534
0.134999
0.134424
0.134045
0.13382
0.133208
0.132779
0.13272
0.132815
0.132276
0.131693
0.131108
0.131278
0.130876
0.130812
0.130253
0.131149
0.13058
0.130077
0.129652
0.129332
0.129109
0.128727
0.128273
0.127985
0.127608
0.127345
0.126892
0.126366
0.125848
0.125374
0.12487
0.124684
0.124797
0.124466
0.124054
0.124843
0.124362
0.124369
0.123956
0.123617
0.123137
0.122697
0.122334
0.121922
0.122127
0.121756
0.121309
0.120913
0.120556
0.120097
0.119711
0.119511
0.119113
0.119114
0.11867
0.118895
0.118454
0.118448
0.11804
0.117616
0.117223
0.116802
0.116398
0.116011
0.115805
0.115545
0.115343
0.115038
0.115577
0.115229
0.114873
0.114786
0.114385
0.114347
0.114013
0.113622
0.114372
0.114284
0.114043
0.113715
0.113449
0.113209
0.112955
0.113334
0.113227
0.11285
0.112709
0.112354
0.11199
0.111648
0.111523
0.111326
0.110962
0.110971
0.110723
0.110522
0.110175
0.109895
0.109543
0.1092
0.108994
0.10895
0.108987
0.108793
0.108597
0.108302
0.107984
0.107674
0.10746
0.107139
0.107077
0.106757
0.106471
0.106205
0.106209
0.105908
0.105769
0.105524
0.105864
0.105548
0.105286
0.10499
0.105297
0.105281
0.105
0.105225
0.105197
0.104891
0.104654
0.104355
0.104095
0.103797
0.103497
0.103201
0.102909
0.102652
0.102403
0.102139
0.10185
0.101572
0.101861
0.101583
0.101484
0.101229
0.101451
0.101171
0.100916
0.100874
0.100637
0.100941
0.100796
0.10052
0.100354
0.10009
0.0999434
0.0997389
0.0994871
0.0992193
0.0994971
0.0992593
0.0990031
0.0987394
0.0985544
0.0982932
0.0981935
0.0979746
0.0980716
0.0988232
0.0988998
0.098755
0.0984979
0.0984903
0.0982597
0.0981824
0.0982146
0.0979969
0.0978966
0.09815
0.0979573
0.0977391
0.0974951
0.0972484
0.0970628
0.0971202
0.0969548
0.0969117
0.0969012
0.0968284
0.0967071
0.0964677
0.0963301
0.0961168
0.0960426
0.0958363
0.0959042
0.095771
0.0957353
0.095502
0.0953797
0.0951582
0.0950561
0.0948633
0.0951429
0.0954096
0.095189
0.0950553
0.0951023
0.0948781
0.094653
0.0945919
0.0944039
0.0941842
0.0939718
0.0937871
0.0936407
0.0944257
0.0942107
0.094129
0.0939396
0.0937591
0.0939778
0.0937778
0.0938767
0.0937814
0.0936988
0.0934851
0.0932776
0.0931172
0.0929187
0.0930431
0.0929919
0.0928497
0.0926894
0.0925174
0.0928653
0.0930126
0.0928743
0.0927085
0.0928057
0.0926079
0.09241
0.0922161
0.0920438
0.092416
0.0923056
0.0921203
0.0921538
0.0919538
0.0918898
0.0918447
0.0916577
0.0914654
0.0912934
0.0911612
0.090969
0.0907851
0.0906165
0.0904296
0.0902378
0.0901259
0.0899502
0.0897613
0.0897685
0.0895842
0.0893985
0.0892151
0.0890342
0.0889651
0.0888789
0.0886965
0.0885141
0.0884736
0.0882951
0.0884362
0.0884904
0.0883093
0.088158
0.0879871
0.0879018
0.0877409
0.0875632
0.0873926
0.0872282
0.087195
0.0870638
0.0869366
0.0867649
0.0865921
0.0865376
0.0869307
0.0867787
0.0869379
0.0868032
0.0866639
0.0864932
0.0863493
0.0861815
0.0860482
0.0859061
0.0857394
0.0855743
0.0854857
0.0853225
0.0851976
0.0850389
0.0853733
0.0852497
0.0851026
0.0849472
0.0852666
0.0855254
0.085365
0.0852713
0.0851098
0.085084
0.0849278
0.0849648
0.0848067
0.0849563
0.084815
0.0846855
0.0845411
0.0845336
0.0843801
0.0842431
0.0842645
0.0841862
0.0843164
0.0841609
0.084058
0.0839101
0.083798
0.0836505
0.0835029
0.0834663
0.0838338
0.0837772
0.0836287
0.0834969
0.0833471
0.0832023
0.0834003
0.0832861
0.083191
0.0832452
0.0832105
0.0831227
0.0829783
0.0831438
0.0830193
0.0830561
0.0829829
0.0828876
0.0830233
0.0830484
0.0829962
0.0828541
0.0827576
0.0826563
0.0825425
0.0824042
0.0822802
0.0822285
0.0820859
0.0819535
0.0818124
0.081714
0.0815735
0.0815692
0.0814389
0.0813539
0.0812148
0.0815148
0.0813777
0.0812393
0.0811023
0.0809926
0.0808597
0.0807879
0.080652
0.0808898
0.0809909
0.0809177
0.080818
0.0806981
0.0805642
0.0804644
0.0808092
0.0806748
0.0805802
0.0804839
0.0803508
0.080223
0.0801165
0.0800067
0.0798977
0.0798312
0.0797072
0.0795931
0.0794632
0.0794868
0.0794234
0.0793606
0.0792336
0.0791315
0.0790479
0.0789244
0.0787973
0.078783
0.0787925
0.0786947
0.078656
0.0785838
0.0784696
0.0787285
0.0786134
0.0784974
0.0783809
0.0783189
0.0782119
0.0781088
0.0780859
0.0779648
0.0781603
0.0780388
0.078041
0.0779533
0.077904
0.0777892
0.07772
0.0776288
0.0776792
0.0775986
0.0775331
0.0774774
0.077414
0.0776902
0.0775742
0.077487
0.0774026
0.0775069
0.0774003
0.0772927
0.0774059
0.0773082
0.0772774
0.0771993
0.0771289
0.0770199
0.0769915
0.0768771
0.0768495
0.0767345
0.076764
0.0767103
0.0766714
0.0767056
0.0767002
0.0767256
0.0766307
0.0766724
0.0765846
0.0764717
0.0765406
0.076428
0.0763447
0.0762349
0.0761367
0.0762044
0.0763005
0.0762275
0.0762471
0.0761405
0.0760587
0.0759586
0.0758517
0.0758455
0.0757412
0.0756667
0.0755578
0.0754496
0.0753706
0.0752942
0.0752038
0.0751601
0.07507
0.0749694
0.0748707
0.0747646
0.0748985
0.0748839
0.0748124
0.075406
0.0755078
0.0754302
0.0753251
0.0752473
0.0751764
0.0751591
0.075212
0.0751479
0.0750639
0.0750577
0.0749529
0.0748636
0.0748457
0.074744
0.0746493
0.0745619
0.0745309
0.0744653
0.0745145
0.0744337
0.0743365
0.0743565
0.0742559
0.0742549
0.0741692
0.0741022
0.0740024
0.0739539
0.0739321
0.0738316
0.0737404
0.0736607
0.073561
0.0734622
0.0733831
0.0733053
0.0732105
0.0731287
0.0730935
0.0730921
0.0730177
0.0729547
0.0729364
0.072863
0.0727867
0.0727486
0.0727702
0.0726902
0.0725957
0.0725051
0.0724551
0.0723792
0.0722851
0.0722123
0.0722227
0.0721282
0.072437
0.0723428
0.0724379
0.0723436
0.0722512
0.0722542
0.0721916
0.0720997
0.0720268
0.0720668
0.072001
0.0719082
0.0718948
0.0718376
0.0717935
0.0719401
0.071959
0.0718741
0.0717846
0.0717408
0.0716514
0.0716424
0.0715624
0.0714758
0.0714086
0.0713195
0.0712384
0.0712053
0.0713119
0.0712247
0.0711349
0.071046
0.0712278
0.0711979
0.0711207
0.0710981
0.071012
0.0711489
0.0711097
0.0710236
0.0709362
0.070889
0.0708892
0.0708017
0.0707315
0.0708782
0.0710582
0.0709725
0.070976
0.0708911
0.0708679
0.0708668
0.0707801
0.0707153
0.0706304
0.0706329
0.070587
0.0705336
0.0704692
0.0703874
0.0703024
0.0702387
0.0701771
0.0700927
0.070016
0.0699415
0.069859
0.0698257
0.0697418
0.0696686
0.0696386
0.0695591
0.0694762
0.0694216
0.0694384
0.0693831
0.0693082
0.0692951
0.0692206
0.0691469
0.0690779
0.0690119
0.0689337
0.0688975
0.0688311
0.0688006
0.06878
0.0687058
0.0686369
0.0685613
0.068523
0.0684841
0.0684058
0.0683613
0.0682978
0.0682278
0.068149
0.0681176
0.0680405
0.067965
0.0678911
0.0678419
0.0678206
0.0677903
0.0677397
0.0678763
0.0677987
0.0677238
0.0676518
0.067588
0.0675349
0.0674593
0.0674021
0.0673398
0.0672762
0.0672099
0.0671357
0.0670931
0.0670335
0.0670491
0.0669757
0.0669007
0.0670948
0.0671351
0.0670595
0.0670048
0.0670424
0.0671242
0.067054
0.066998
0.066923
0.0668808
0.0668149
0.066741
0.0666667
0.0665934
0.0665407
0.0664725
0.0664051
0.0663315
0.0663372
0.0662706
0.0663169
0.0662529
0.066196
0.0661326
0.0660602
0.065988
0.0659335
0.0659157
0.0658841
0.0658128
0.0657426
0.0656728
0.0656058
0.0655469
0.0655928
0.0655345
0.0654796
0.065446
0.0653752
0.065425
0.0654718
0.0655108
0.0654536
0.0653854
0.0654046
0.0654092
0.0654502
0.0653897
0.0653909
0.0653908
0.0653229
0.0654054
0.065349
0.0652978
0.0652471
0.0652181
0.0651804
0.0651137
0.065055
0.0649986
0.065015
0.0649464
0.0649034
0.0648934
0.0648407
0.0647728
0.0647641
0.0647362
0.0646969
0.0646342
0.0646047
0.0645462
0.0645291
0.0644646
0.0644047
0.0643376
0.0642994
0.0642453
0.0642408
0.0642783
0.0643417
0.0643126
0.0642485
0.0641825
0.0641162
0.0640659
0.0640143
0.0639504
0.0638864
0.0638514
0.0638009
0.0638165
0.0637591
0.0637025
0.0637501
0.063685
0.0636231
0.0635583
0.0634981
0.0634337
0.063445
0.0633812
0.0633255
0.0632923
0.0632352
0.0632248
0.0631726
0.0632162
0.0631691
0.0631101
0.0630589
0.063076
0.0631139
0.0630904
0.0631476
0.0632334
