4.97234
5.19403
5.49334
5.37468
4.90333
5.13081
5.30848
5.10205
5.32298
5.41355
5.38602
5.38091
5.43843
5.42122
5.27721
5.36088
5.41325
5.40879
5.42686
5.379
5.35589
5.29936
5.36177
5.30201
5.25475
5.2966
5.33693
5.3156
5.33456
5.43468
5.4456
5.42061
5.38748
5.39045
5.37256
5.39031
5.39404
5.37449
5.34861
5.36334
5.36831
5.35788
5.36587
5.35167
5.39102
5.39433
5.40467
5.39627
5.36927
5.38012
5.38972
5.3669
5.36789
5.38289
5.3841
5.353
5.35314
5.35006
5.32303
5.31782
5.32927
5.32539
5.3131
5.33209
5.33159
5.3315
5.32472
5.31683
5.32565
5.33779
5.33535
5.32283
5.32562
5.33291
5.33006
5.32943
5.33374
5.32937
5.33485
5.32263
5.31779
5.31306
5.32152
5.32829
5.32104
5.32518
5.31487
5.31082
5.32595
5.35168
5.34208
5.31683
5.3227
5.33305
5.34552
5.34251
5.33928
5.33921
5.34745
5.35149
5.33905
5.35424
5.34995
5.36071
5.36691
5.37072
5.3676
5.36612
5.36394
5.3683
5.36884
5.37617
5.3837
5.3752
5.39052
5.38419
5.38466
5.3992
5.39416
5.39833
5.40195
5.41816
5.42816
5.41409
5.40999
5.41517
5.41621
5.41533
5.41526
5.40402
5.40088
5.39585
5.39686
5.39353
5.38751
5.38802
5.38819
5.3856
5.3869
5.38241
5.38243
5.37987
5.3737
5.37469
5.37227
5.36571
5.38048
5.37783
5.37675
5.37521
5.38235
5.38383
5.38025
5.36726
5.36088
5.35605
5.35349
5.34908
5.35191
5.35508
5.35787
5.3496
5.35066
5.34675
5.34828
5.35995
5.36854
5.36887
5.37102
5.37008
5.36543
5.35912
5.36177
5.36078
5.36316
5.3604
5.36495
5.37055
5.37155
5.38222
5.38551
5.38735
5.38599
5.38701
5.3839
5.37903
5.38728
5.38925
5.39265
5.39206
5.39365
5.39212
5.3895
5.39253
5.38994
5.39055
5.38605
5.37979
5.37851
5.37857
5.38435
5.3942
5.39601
5.39991
5.40092
5.39766
5.39348
5.39471
5.39793
5.40164
5.40258
5.39985
5.39631
5.39173
5.39469
5.39006
5.38911
5.38956
5.39107
5.39009
5.38836
5.38684
5.3849
5.38657
5.38349
5.39228
5.39505
5.39386
5.39258
5.39589
5.39677
5.38922
5.38472
5.38441
5.38122
5.37466
5.36712
5.37239
5.37499
5.37511
5.37535
5.38014
5.37618
5.37876
5.38285
5.38122
5.38185
5.38517
5.38934
5.3864
5.39762
5.39916
5.39724
5.3978
5.39451
5.39243
5.3943
5.39115
5.3972
5.39932
5.40281
5.40269
5.39911
5.39798
5.39447
5.39275
5.39096
5.39567
5.39556
5.39254
5.39155
5.39177
5.38992
5.38874
5.38795
5.38761
5.38548
5.38834
5.38437
5.38246
5.38904
5.39493
5.39982
5.40177
5.40029
5.39958
5.39842
5.39621
5.39909
5.40056
5.40056
5.39818
5.39947
5.40576
5.4007
5.39828
5.39922
5.39685
5.39642
5.39342
5.39126
5.3969
5.39498
5.39607
5.39572
5.38921
5.39038
5.39127
5.3905
5.39257
5.39148
5.39354
5.39032
5.39529
5.39461
5.39092
5.39057
5.38868
5.38995
5.38993
5.39186
5.39477
5.40364
5.40602
5.40785
5.40486
5.40047
5.40383
5.40235
5.40017
5.39668
5.39512
5.39449
5.39544
5.39809
5.3963
5.39618
5.39544
5.39185
5.39377
5.39335
5.39904
5.39667
5.39548
5.39652
5.3966
5.40001
5.39841
5.40088
5.3983
5.39746
5.39838
5.40022
5.39982
5.39636
5.39652
5.39826
5.39222
5.39446
5.39561
5.3925
5.39191
5.39374
5.39365
5.39274
5.3966
5.39506
5.39733
5.39817
5.40084
5.40425
5.40652
5.40659
5.40823
5.40759
5.40526
5.40596
5.40512
5.41161
5.40856
5.41215
5.41739
5.41709
5.41767
5.41992
5.4229
5.42226
5.42546
5.42588
5.42531
5.42557
5.42504
5.42344
5.42244
5.42089
5.41821
5.41612
5.41292
5.41317
5.41232
5.41036
5.41273
5.4168
5.42028
5.42177
5.4232
5.42389
5.42365
5.42172
5.42227
5.42071
5.4186
5.4172
5.41589
5.41709
5.4155
5.41804
5.41769
5.41728
5.41862
5.41612
5.41714
5.41567
5.41594
5.41225
5.41458
5.4144
5.41781
5.41996
5.42044
5.41859
5.42348
5.42068
5.42422
5.42226
5.42312
5.42644
5.4301
5.42961
5.43001
5.42896
5.42842
5.43224
5.43217
5.43244
5.42919
5.43173
5.4337
5.43135
5.43133
5.43116
5.42942
5.4271
5.42948
5.42905
5.43068
5.43191
5.43538
5.43297
5.43102
5.42836
5.43034
5.43059
5.431
5.43218
5.43196
5.43283
5.43374
5.4351
5.43473
5.43642
5.43677
5.43629
5.43444
5.4324
5.43229
5.43241
5.43036
5.43221
5.43006
5.43097
5.43408
5.43299
5.43225
5.42877
5.42713
5.42659
5.42782
5.42476
5.42598
5.42721
5.43078
5.42982
5.42783
5.43035
5.4301
5.42755
5.42715
5.42497
5.42717
5.42415
5.42403
5.42466
5.42255
5.4227
5.4224
5.42353
5.42078
5.42332
5.42441
5.42098
5.41989
5.41986
5.4199
5.4209
5.42014
5.42176
5.42315
5.42093
5.42237
5.42459
5.42459
5.42393
5.42409
5.42559
5.42769
5.42606
5.42571
5.42485
5.42252
5.42379
5.42414
5.42189
5.42217
5.42115
5.4197
5.42176
5.42385
5.42411
5.42535
5.42551
5.426
5.42784
5.42768
5.4286
5.42835
5.42681
5.42558
5.42302
5.42265
5.42413
5.42067
5.42151
5.42102
5.42184
5.41907
5.42243
5.42388
5.42466
5.42684
5.43049
5.42816
5.42753
5.42886
5.4275
5.4271
5.42672
5.42643
5.42588
5.42605
5.42619
5.42665
5.42826
5.4251
5.42706
5.4265
5.42516
5.42519
5.42466
5.42714
5.42744
5.43135
5.43254
5.43221
5.43256
5.43264
5.43125
5.4319
5.4321
5.43407
5.43478
5.43225
5.43095
5.42904
5.42942
5.43023
5.43319
5.43256
5.43152
5.43053
5.42797
5.42726
5.42867
5.42798
5.4278
5.4271
5.42693
5.42648
5.42602
5.42676
5.42759
5.42769
5.42842
5.42756
5.42719
5.42797
5.43057
5.43168
5.43464
5.43409
5.43472
5.43205
5.42961
5.43063
5.42953
5.43092
5.42939
5.42789
5.42374
5.42481
5.42529
5.42385
5.42337
5.42298
5.42373
5.42741
5.42681
5.42883
5.42868
5.43076
5.43062
5.4305
5.43053
5.42872
5.42794
5.42812
5.42956
5.42773
5.42939
5.42787
5.42788
5.4284
5.42774
5.42789
5.42763
5.427
5.42768
5.4292
5.43018
5.43127
5.43165
5.4329
5.43326
5.43328
5.4346
5.43416
5.4364
5.43542
5.43426
5.43349
5.4344
5.43192
5.42991
5.43061
5.43257
5.4328
5.43169
5.43113
5.4321
5.43313
5.43279
5.43375
5.43236
5.43121
5.43048
5.4313
5.43215
5.43129
5.42983
5.42947
5.42736
5.42573
5.4269
5.42654
5.42431
5.42314
5.4216
5.42182
5.4242
5.42295
5.42256
5.42159
5.42083
5.42037
5.42059
5.42219
5.4217
5.42105
5.42117
5.4209
5.42231
5.42326
5.42409
5.42295
5.42459
5.42466
5.4241
5.42331
5.42365
5.42504
5.42507
5.42457
5.42455
5.42508
5.42633
5.42656
5.42597
5.42682
5.42662
5.42704
5.42902
5.43087
5.43378
5.43355
5.43319
5.43412
5.43348
5.43492
5.43581
5.43504
5.43573
5.43562
5.43589
5.43334
5.43522
5.43491
5.43457
5.43376
5.43382
5.43267
5.4325
5.43543
5.43466
5.43306
5.43161
5.43316
5.43288
5.4334
5.43237
5.43267
5.43196
5.43373
5.43472
5.43601
5.43672
5.43609
5.43524
5.43551
5.43403
5.43456
5.43419
5.43495
5.43529
5.43633
5.43592
5.43483
5.43518
5.43654
5.43532
5.43818
5.4385
5.43733
5.43917
5.43947
5.43893
5.43986
5.439
5.44162
5.44255
5.44247
5.44129
5.44037
5.44551
5.44633
5.44928
5.44857
5.4469
5.44812
5.44867
5.44877
5.44931
5.44955
5.44946
5.44811
5.44833
5.44897
5.44828
5.44869
5.44886
5.44926
5.4495
5.44821
5.44633
5.445
5.44507
5.44496
5.44605
5.44705
5.44647
5.44443
5.44379
5.44268
5.44179
5.44235
5.44298
5.44253
5.44357
5.44385
5.44222
5.44382
5.44318
5.44186
5.44294
5.44326
5.44313
5.44373
5.44401
5.44136
5.44209
5.44367
5.44402
5.4427
5.4405
5.44067
5.44071
5.4398
5.43853
5.43809
5.43723
5.43862
5.43904
5.43872
5.43744
5.43718
5.43821
5.43559
5.43477
5.43496
5.43555
5.43437
5.43271
5.43357
5.43498
5.43435
5.43442
5.43495
5.43548
5.43342
5.43298
5.4322
5.43277
5.43567
5.43835
5.43936
5.43864
5.43873
5.43745
5.43696
5.43672
5.43819
5.43759
5.4383
5.43737
5.4376
5.43766
5.43784
5.43658
5.4363
5.43762
5.43928
5.43927
5.44006
5.43921
5.43891
5.44006
5.44044
5.44192
5.44256
5.44482
5.44618
5.44826
5.448
5.44872
5.44973
5.44924
5.45011
5.45045
5.45121
5.45352
5.4525
5.4517
5.45178
5.45119
5.45003
5.45005
5.45072
5.4497
5.44911
5.44806
5.44705
5.44704
5.44707
5.44756
5.44584
5.44628
5.44728
5.44664
5.44618
5.44645
5.44707
5.44645
5.44642
5.44655
5.44744
5.4459
5.44663
5.44614
5.44522
5.44511
5.44476
5.44639
5.4478
5.446
5.44535
5.44478
5.44419
5.44449
5.44469
5.44415
5.44444
5.44462
5.44632
5.44556
5.44647
5.44737
5.44723
5.44707
5.44857
5.4498
5.44894
5.44804
5.44668
5.44589
5.44565
5.44616
5.44553
5.44575
5.44483
5.44399
5.44418
5.44476
5.44444
5.44448
5.44385
5.4435
5.44397
5.44317
5.44478
5.44387
5.44388
5.44337
5.44195
5.44176
5.44198
5.44156
5.44269
5.44286
5.4429
5.44274
5.44161
5.44276
5.44432
5.44728
5.44629
5.44774
5.4488
5.44913
5.44921
5.45069
5.44955
