3.95067
4.9805
5.51169
5.07343
5.26841
5.31974
5.3698
5.40151
5.46549
5.50927
5.4767
5.63154
5.59226
5.60468
5.61221
5.56204
5.56466
5.51749
5.54131
5.48222
5.51419
5.53608
5.48607
5.4719
5.47345
5.48094
5.44163
5.43401
5.42408
5.4596
5.49487
5.54863
5.51857
5.5103
5.49811
5.53134
5.51774
5.5378
5.54717
5.5771
5.60667
5.59783
5.61057
5.6061
5.60081
5.58118
5.58154
5.59214
5.60142
5.56701
5.5658
5.55497
5.54602
5.53193
5.52999
5.54243
5.52697
5.53696
5.54785
5.54237
5.54835
5.54521
5.54163
5.53922
5.5213
5.50241
5.52569
5.52854
5.53849
5.52919
5.5354
5.52084
5.52058
5.51576
5.50812
5.49376
5.50787
5.51832
5.52736
5.53265
5.5331
5.53523
5.53667
5.51627
5.52991
5.54303
5.52309
5.52331
5.51525
5.51015
5.50292
5.51823
5.49917
5.51619
5.54488
5.54653
5.55031
5.54508
5.54463
5.54663
5.55925
5.55721
5.55135
5.56475
5.55686
5.56486
5.56552
5.57798
5.5862
5.58604
5.573
5.55417
5.54513
5.53481
5.52548
5.52266
5.53283
5.53296
5.51707
5.50538
5.50285
5.49846
5.49633
5.49519
5.4849
5.47543
5.47708
5.46884
5.45708
5.45621
5.45516
5.46428
5.45037
5.44274
5.43577
5.44293
5.44233
5.44399
5.43182
5.43069
5.42387
5.42765
5.42713
5.43065
5.44078
5.44282
5.44909
5.45257
5.46374
5.46113
5.45483
5.45448
5.45151
5.45468
5.46441
5.46556
5.46504
5.46352
5.46322
5.46301
5.4572
5.46212
5.47119
5.47858
5.48211
5.49486
5.49753
5.5025
5.50195
5.49885
5.49571
5.49419
5.49339
5.48665
5.48488
5.48656
5.48516
5.49848
5.50091
5.50089
5.5052
5.50199
5.49699
5.49725
5.49964
5.50442
5.5054
5.50166
5.51013
5.50694
5.50268
5.49897
5.50636
5.5043
5.49886
5.49942
5.49818
5.49805
5.49147
5.49142
5.4956
5.49875
5.49773
5.49283
5.49104
5.48579
5.48655
5.48519
5.48848
5.48983
5.4869
5.48957
5.49017
5.49259
5.48764
5.48539
5.48227
5.47992
5.47971
5.47903
5.48289
5.48235
5.47781
5.47599
5.47889
5.47962
5.4895
5.48916
5.49725
5.49205
5.49079
5.4966
5.49928
5.5018
5.50419
5.49844
5.50049
5.50179
5.50088
5.50424
5.50471
5.50281
5.5035
5.50139
5.49893
5.50205
5.5035
5.50234
5.4934
5.49623
5.50035
5.49951
5.50424
5.50124
5.50072
5.50032
5.50085
5.49862
5.49479
5.49527
5.49387
5.49766
5.50292
5.49839
5.49254
5.49373
5.49302
5.49202
5.49134
5.49053
5.48778
5.48411
5.47924
5.47701
5.48167
5.48228
5.48198
5.47949
5.47558
5.47888
5.47887
5.47765
5.48114
5.48176
5.48124
5.48086
5.48198
5.48377
5.47767
5.47845
5.47563
5.47283
5.47327
5.47338
5.4684
5.47297
5.47548
5.47345
5.47178
5.47778
5.47668
5.47727
5.478
5.48157
5.48246
5.48084
5.48332
5.48843
5.48802
5.48719
5.48477
5.48653
5.48612
5.48977
5.48699
5.48694
5.48937
5.48943
5.48738
5.48839
5.4888
5.48662
5.4862
5.4876
5.48796
5.48723
5.48469
5.48502
5.48028
5.486
5.48952
5.48452
5.48579
5.48723
5.48735
5.48684
5.48373
5.48124
5.4818
5.48019
5.47832
5.47442
5.47565
5.47208
5.4733
5.47154
5.46793
5.46984
5.47117
5.46779
5.47268
5.47595
5.47903
5.47896
5.48066
5.48002
5.48082
5.4835
5.48279
5.48221
5.48286
5.47999
5.48073
5.4838
5.48479
5.48518
5.48673
5.48849
5.48347
5.48199
5.47891
5.47972
5.48099
5.48426
5.48325
5.48274
5.48079
5.47633
5.47425
5.47593
5.47289
5.4713
5.47011
5.47045
5.46966
5.46798
5.47215
5.47155
5.47052
5.4699
5.47017
5.46867
5.46867
5.4685
5.47109
5.46908
5.46678
5.4729
5.47036
5.46923
5.46799
5.4691
5.47046
5.47077
5.47165
5.47189
5.47002
5.46998
5.46643
5.4668
5.46638
5.46711
5.46611
5.46955
5.46607
5.46297
5.46098
5.45991
5.46118
5.46092
5.45814
5.45678
5.45777
5.4613
5.45981
5.46269
5.46413
5.46383
5.46283
5.46182
5.46087
5.46071
5.46251
5.46376
5.46273
5.46057
5.45893
5.45981
5.45925
5.45733
5.45649
5.45716
5.45623
5.45412
5.45499
5.4548
5.4592
5.46025
5.46082
5.46283
5.46405
5.46634
5.46577
5.46837
5.47204
5.47182
5.47302
5.47462
5.47596
5.47662
5.47648
5.48017
5.47983
5.4801
5.48056
5.47959
5.48308
5.48511
5.48524
5.48425
5.48327
5.47888
5.47871
5.47898
5.47863
5.48153
5.48251
5.48329
5.48316
5.4786
5.47802
5.47485
5.47757
5.47588
5.47515
5.47536
5.47393
5.47409
5.47269
5.47322
5.47229
5.4734
5.47388
5.47558
5.47813
5.47531
5.47392
5.47293
5.47318
5.47459
5.47237
5.47455
5.47112
5.46895
5.46795
5.46797
5.46495
5.46576
5.46568
5.46679
5.46748
5.4643
5.46304
5.46262
5.4618
5.46075
5.45983
5.46084
5.46676
5.46729
5.46703
5.46922
5.47332
5.47292
5.47111
5.47055
5.47229
5.4695
5.46747
5.46625
5.46829
5.47038
5.47305
5.47318
5.47616
5.4747
5.47461
5.47398
5.47087
5.47009
5.4677
5.46777
5.46488
5.46431
5.4663
5.46576
5.46857
5.46888
5.46979
5.4722
5.47228
5.47168
5.47331
5.47426
5.47554
5.47464
5.47426
5.47824
5.47787
5.4783
5.47943
5.47812
5.47995
5.48061
5.48062
5.48051
5.47914
5.47785
5.48288
5.4811
5.47847
5.47805
5.47466
5.47426
5.47516
5.47646
5.47607
5.47542
5.47499
5.47614
5.47635
5.47514
5.47451
5.47454
5.47166
5.46846
5.46919
5.46948
5.46923
5.46942
5.47184
5.47453
5.47542
5.47872
5.47893
5.47868
5.47629
5.47318
5.47075
5.46959
5.47003
5.46932
5.4702
5.47026
5.47364
5.47593
5.47548
5.47485
5.47483
5.47411
5.47133
5.47052
5.47029
5.46855
5.46993
5.47297
5.47269
5.47026
5.46922
5.46864
5.46797
5.46835
5.46802
5.47
5.47012
5.4703
5.4697
5.46795
5.46773
5.4661
5.46586
5.46654
5.46511
5.46526
5.46386
5.46502
5.4634
5.46461
5.4628
5.4623
5.46506
5.46408
5.46413
5.46248
5.46083
5.45998
5.45883
5.45997
5.46151
5.45955
5.45917
5.4604
5.45999
5.46317
5.46445
5.46557
5.46242
5.46421
5.46326
5.46314
5.46504
5.464
5.46097
5.46029
5.45965
5.45931
5.45791
5.45897
5.45915
5.46141
5.46186
5.46337
5.46224
5.46132
5.46174
5.46178
5.46418
5.46487
5.46358
5.46189
5.46016
5.45855
5.45975
5.4587
5.45799
5.4569
5.45766
5.45653
5.4574
5.45713
5.45543
5.45472
5.4527
5.4522
5.45381
5.45466
5.45453
5.45314
5.45637
5.45484
5.45578
5.45501
5.45314
5.452
5.45153
5.44963
5.45249
5.45163
5.45204
5.454
5.4538
5.45082
5.45043
5.45102
5.45029
5.45118
5.45087
5.45146
5.45089
5.45023
5.45016
5.45143
5.451
5.4506
5.44836
5.45118
5.45038
5.44803
5.4482
5.44919
5.44815
5.44858
5.44818
5.44865
5.44846
5.44857
5.44768
5.44692
5.44629
5.44561
5.4452
5.44497
5.44532
5.44578
5.44408
5.44276
5.44474
5.44315
5.44452
5.44324
5.44196
5.4427
5.44193
5.44041
5.438
5.43971
5.43747
5.43635
5.4355
5.43512
5.43644
5.43651
5.43591
5.4346
5.43595
5.43525
5.43469
5.43391
5.43458
5.43536
5.4358
5.43215
5.43164
5.43125
5.43058
5.4305
5.42972
5.42843
5.42894
5.42869
5.42722
5.42943
5.43015
5.42939
5.42892
5.42983
5.42917
5.42914
5.42952
5.43072
5.43026
5.42993
5.42988
5.43026
5.43194
5.43225
5.43439
5.43455
5.43451
5.43356
5.43382
5.43211
5.43231
5.43125
5.43274
5.43279
5.43301
5.4344
5.43605
5.43567
5.43702
5.43562
5.43566
5.43594
5.43425
5.43403
5.43539
5.43626
5.43734
5.43781
5.43829
5.43865
5.43819
5.43725
5.43905
5.43941
5.43944
5.43843
5.43946
5.4385
5.43951
5.43907
5.44056
5.43995
5.4405
5.43955
5.43965
5.4402
5.44104
5.4423
5.44214
5.44173
5.44225
5.44295
5.44238
5.44259
5.44347
5.44372
5.44338
5.44388
5.44246
5.44203
5.44307
5.4421
5.44206
5.44169
5.44136
5.44253
5.44199
5.44293
5.44337
5.44297
5.44224
5.44317
5.44348
5.44354
5.44511
5.4462
5.44568
5.44588
5.4455
5.44399
5.44245
5.442
5.44153
5.44222
5.44214
5.44171
5.4411
5.44055
5.4424
5.44302
5.44237
5.44317
5.44305
5.44207
5.44058
5.44128
5.43993
5.44071
5.44037
5.4406
5.44007
5.44145
5.44045
5.44074
5.44246
5.44228
5.4433
5.44227
5.44275
5.44457
5.44354
5.44432
5.44483
5.44442
5.44702
5.44781
5.44808
5.44942
5.44904
5.44948
5.44902
5.44972
5.45024
5.4502
5.45064
5.45077
5.45124
5.45095
5.45078
5.45009
5.44958
5.45004
5.44868
5.44802
5.44811
5.44919
5.44821
5.45028
5.45114
5.45018
5.44912
5.45036
5.45016
5.44926
5.44957
5.44945
5.44931
5.44872
5.44899
5.44819
5.44779
5.4463
5.44471
5.44539
5.44513
5.44411
5.4433
5.44228
5.44261
5.44223
5.44304
5.44327
5.44251
5.44352
5.44252
5.44093
5.44133
5.4407
5.43953
5.4421
5.44366
5.44265
5.4415
5.44174
5.44192
5.44196
5.4422
5.44091
5.43964
5.43937
5.43964
5.4389
5.4399
5.43983
5.44121
5.44097
5.4405
5.44045
5.43997
5.44059
5.44093
5.44113
5.44063
5.44084
5.44063
5.44055
5.44112
5.44154
5.44152
5.44308
5.4435
5.44199
5.44265
5.44509
5.44783
5.44793
5.4471
5.44982
