0
1.02983
0.797295
0.714077
0.586479
0.481602
0.410095
0.356566
0.320904
0.290344
0.264637
0.286943
0.266855
0.247372
0.230414
0.221294
0.207886
0.201593
0.19217
0.191646
0.185074
0.177814
0.177114
0.170165
0.163224
0.157
0.156106
0.15062
0.145673
0.145147
0.144749
0.15011
0.148564
0.144365
0.140709
0.140726
0.137544
0.135369
0.132185
0.13227
0.132347
0.12946
0.127054
0.124213
0.121537
0.120475
0.117884
0.115888
0.113877
0.11676
0.114454
0.112752
0.110965
0.1098
0.107803
0.106588
0.105837
0.104475
0.103264
0.101677
0.100175
0.0985957
0.097084
0.0955855
0.0957933
0.0962036
0.0975742
0.0961709
0.0952875
0.0943755
0.0932436
0.0930852
0.0918016
0.0906811
0.0897891
0.0897567
0.0897004
0.0891573
0.0884846
0.0875317
0.0864454
0.0854115
0.0843885
0.0858383
0.0859117
0.085915
0.087231
0.0862343
0.0856401
0.0848369
0.08421
0.0846848
0.0859104
0.0866801
0.0904342
0.0895023
0.0886556
0.0879023
0.087011
0.0861599
0.0862309
0.0854058
0.0847751
0.0850184
0.0845737
0.0841533
0.0833658
0.0835237
0.0831619
0.0824026
0.0826923
0.084085
0.0838271
0.0837263
0.0835183
0.0828432
0.0827605
0.0820562
0.0829008
0.0830334
0.0823833
0.0818228
0.081183
0.0805336
0.0805466
0.0804645
0.0798455
0.0796466
0.0798967
0.0792846
0.0786839
0.0786162
0.0792529
0.079029
0.0787499
0.0784958
0.077923
0.077374
0.0777732
0.0772239
0.0769769
0.0765259
0.0759906
0.075543
0.0757008
0.0752083
0.0749571
0.0745304
0.0748667
0.0744118
0.074185
0.0736962
0.0732734
0.0728653
0.0730445
0.0725838
0.0721219
0.0716801
0.0712285
0.0707822
0.0705813
0.070317
0.0704701
0.0704283
0.0700891
0.0708229
0.0704482
0.0702031
0.0697886
0.0694461
0.0691101
0.0687241
0.0683303
0.06827
0.0679018
0.0675356
0.0671675
0.0681041
0.0677662
0.0673886
0.0671539
0.0668612
0.0666826
0.0663198
0.0660035
0.0658212
0.0654756
0.065234
0.0654393
0.0651724
0.0649701
0.0647374
0.0648237
0.0645216
0.0644196
0.0640925
0.0637783
0.0634555
0.0634779
0.0631597
0.0629835
0.0627498
0.0624481
0.0623345
0.0620555
0.0619764
0.061681
0.0613988
0.0611925
0.0609155
0.0606968
0.0604688
0.0601872
0.0599542
0.0598799
0.0596446
0.0594507
0.059224
0.0589533
0.0586887
0.0585501
0.0582882
0.0582035
0.0579716
0.0577859
0.0575344
0.0581251
0.0578705
0.0581816
0.0581609
0.0579222
0.0579641
0.057777
0.0575844
0.0573889
0.0574343
0.0572284
0.057002
0.0567702
0.0566331
0.0563995
0.0561983
0.0559708
0.0557806
0.055607
0.055468
0.055262
0.0550508
0.0555539
0.0554038
0.0553356
0.055122
0.0551076
0.0549724
0.0547588
0.054546
0.0543359
0.054171
0.0540973
0.053891
0.0537023
0.0536312
0.0536854
0.0536735
0.0537893
0.0535998
0.0534034
0.0532131
0.0530192
0.0528288
0.0527052
0.0526393
0.0526715
0.0525265
0.0525422
0.0523551
0.0521666
0.0520385
0.0519988
0.0519176
0.0517325
0.0515633
0.0514991
0.0513213
0.0511436
0.0509659
0.0508003
0.0506551
0.0508461
0.0506764
0.0505804
0.0504847
0.050314
0.0501427
0.0502206
0.0502595
0.050153
0.0500259
0.0498863
0.0500815
0.0499271
0.0497649
0.0496059
0.0495708
0.0494162
0.0492812
0.0491831
0.0492883
0.0491303
0.0489786
0.0488807
0.0487555
0.0486013
0.0485838
0.0485094
0.0483556
0.0482645
0.0481125
0.0480051
0.0478655
0.0477179
0.0476197
0.0474738
0.0473475
0.047203
0.0470637
0.0469883
0.046846
0.0469434
0.0471488
0.0471376
0.0472605
0.0471356
0.0470163
0.0468759
0.0467389
0.0467037
0.0466321
0.0464978
0.0463888
0.0462905
0.0463192
0.0462005
0.0462044
0.0460864
0.0459867
0.0459957
0.0459029
0.0457905
0.045784
0.0459139
0.0458999
0.0458732
0.0457435
0.0456458
0.0455218
0.0454011
0.045353
0.0452321
0.0451099
0.0449894
0.0449564
0.0448385
0.0448207
0.0447086
0.044588
0.0444931
0.0444069
0.0445693
0.0444734
0.0444603
0.0443482
0.0442471
0.0442499
0.0441433
0.0440287
0.0439551
0.0440644
0.0439974
0.0439134
0.0439029
0.0438168
0.0437183
0.0436056
0.0434994
0.0434192
0.043507
0.0433988
0.0432993
0.0431926
0.0430829
0.0429991
0.0428895
0.0427808
0.0427506
0.04269
0.042644
0.0429742
0.0429417
0.042849
0.0427599
0.0426678
0.0425837
0.0424792
0.0423835
0.0422796
0.0422169
0.0421133
0.0421605
0.0420592
0.0419589
0.0418633
0.0417739
0.0418146
0.0418588
0.0418729
0.0418196
0.0417332
0.0416531
0.0415546
0.0415494
0.0414731
0.0413867
0.0414394
0.0413683
0.0413712
0.0412992
0.0412037
0.0411196
0.0410363
0.040952
0.0408574
0.0408027
0.0407277
0.040647
0.0406111
0.0405514
0.0404682
0.0403797
0.0403339
0.0402511
0.0401655
0.0400855
0.0400509
0.0399703
0.0398811
0.0400352
0.0399595
0.0398745
0.0398363
0.0397668
0.0397445
0.0396607
0.0396588
0.0397409
0.0396542
0.0395855
0.0395314
0.039468
0.0393876
0.0393023
0.0393905
0.0393069
0.039223
0.0391413
0.0390692
0.0391414
0.0391105
0.0390272
0.0389567
0.0388863
0.0390514
0.0389691
0.0388877
0.0388074
0.0388346
0.0387654
0.0386921
0.0386114
0.0387991
0.0387227
0.0387724
0.0387879
0.0387448
0.0386717
0.0385927
0.0385399
0.0384612
0.038408
0.0383332
0.0382663
0.0382046
0.0381301
0.0380909
0.0380991
0.0381266
0.0380751
0.0380115
0.0379361
0.0378862
0.0378757
0.0378632
0.0379439
0.0379304
0.0378683
0.0377934
0.0378397
0.0377737
0.0376995
0.037642
0.0375746
0.0376358
0.0375833
0.0375125
0.0374485
0.0373906
0.0373296
0.0372712
0.0376676
0.0375989
0.0375275
0.0375191
0.0376712
0.0376012
0.0375735
0.0375062
0.0374756
0.0375087
0.0374923
0.0374416
0.0374266
0.0374147
0.0374394
0.0373694
0.0374185
0.0373774
0.0373079
0.0372438
0.0373044
0.0372433
0.0372513
0.0371826
0.0372265
0.0371624
0.037148
0.0370839
0.0371222
0.0370557
0.0369995
0.0370108
0.0369437
0.0368816
0.0368507
0.0367965
0.0367525
0.0366973
0.0366334
0.0367838
0.0367199
0.0366568
0.0366088
0.036567
0.0365478
0.0364888
0.0364242
0.03636
0.0363215
0.0362804
0.036564
0.0365436
0.036574
0.0365124
0.0366059
0.0365442
0.0364916
0.0364516
0.0363905
0.0363333
0.0362731
0.0362287
0.0361669
0.0361251
0.0360686
0.0360068
0.0360601
0.0361404
0.036086
0.0360259
0.0359656
0.0359051
0.0359261
0.0359657
0.0359161
0.0360067
0.0359468
0.0358873
0.035907
0.0359816
0.0360035
0.0359621
0.0359049
0.0358522
0.0358034
0.0357442
0.0358448
0.0358591
0.0358028
0.0357494
0.0356906
0.0356394
0.0356895
0.0356401
0.0355827
0.0355676
0.0355367
0.035609
0.0355524
0.0355777
0.0355355
0.0354827
0.035432
0.0353771
0.0353217
0.0353208
0.0352644
0.0352085
0.0351575
0.0351446
0.0350895
0.0350717
0.0350168
0.0349679
0.0349419
0.034887
0.0348601
0.0348245
0.0348076
0.0347741
0.0347671
0.0347163
0.034772
0.0347317
0.0346777
0.0346631
0.0346488
0.0346055
0.0345712
0.0345366
0.0345177
0.0345204
0.0344694
0.0344386
0.0343883
0.0344829
0.0344541
0.0344196
0.0345107
0.0345045
0.0344652
0.0344131
0.0344135
0.0343772
0.0344582
0.0344131
0.0343673
0.0343173
0.0342943
0.0342593
0.0342085
0.0342322
0.034184
0.0341665
0.0341342
0.034096
0.034048
0.0339977
0.0340322
0.0339889
0.0339633
0.0339557
0.0339497
0.0339382
0.0339097
0.0338764
0.0338342
0.0338024
0.0337616
0.0337314
0.0336936
0.0336459
0.0336404
0.0335991
0.0336117
0.0335669
0.0335571
0.0335197
0.0334719
0.0334528
0.033561
0.033548
0.0335133
0.0334743
0.0334791
0.0334509
0.0334068
0.0334134
0.0334891
0.0334528
0.0334081
0.0334188
0.0333724
0.0334586
0.0334139
0.0333724
0.0333339
0.0332992
0.0332541
0.0332128
0.0331715
0.0331319
0.033086
0.0330643
0.0330213
0.0329781
0.0330083
0.0330829
0.0330471
0.033085
0.03304
0.0330097
0.0329809
0.0329385
0.0328959
0.0328544
0.0328102
0.0327657
0.0327333
0.0326978
0.0326595
0.0326226
0.032581
0.0325379
0.032496
0.0324555
0.0324564
0.0324395
0.0324561
0.0324516
0.0324373
0.0324195
0.0324013
0.0323665
0.0323327
0.0323258
0.0323722
0.0323744
0.0324089
0.0323857
0.0323541
0.0323137
0.0322983
0.0322559
0.0322192
0.0322037
0.03219
0.0321556
0.0321185
0.0320861
0.0320514
0.0320191
0.0319806
0.0321466
0.032109
0.0320699
0.0320356
0.0319944
0.0319628
0.0319478
0.0319109
0.031871
0.031864
0.0318996
0.0318671
0.0318356
0.0317984
0.0317709
0.0317374
0.0316971
0.0316592
0.0316417
0.031605
0.0315668
0.031527
0.0314896
0.031495
0.031457
0.0314903
0.0314512
0.0314118
0.031387
0.0313488
0.0313561
0.0313176
0.0312967
0.0312935
0.0312547
0.0312167
0.0312089
0.0312142
0.0311779
0.031169
0.0311622
0.0311239
0.0310869
0.0310945
0.0310571
0.0310489
0.0310232
0.0310039
0.0309696
0.0309357
0.0309001
0.0308658
0.0308428
0.0308579
0.0308227
0.0307854
0.0307647
0.0307448
0.0307227
0.0307025
0.0306688
0.0306682
0.0306376
0.0306059
0.0305839
0.0305475
0.0305161
0.0304912
0.0304809
0.0304451
0.0304116
0.0303798
0.030352
0.0303214
0.0302863
0.0302632
0.0302285
0.0301949
0.0301634
0.0301613
0.030129
0.0301116
0.030092
0.0300568
0.030024
0.0299907
0.0299782
0.0299481
0.0299281
0.0298966
0.0298645
0.0298388
0.0298187
0.0297859
0.0297515
0.0297585
0.0297443
0.0297145
0.029681
0.0296493
0.0296537
0.0296598
0.0296293
0.0295991
0.0295735
0.0295399
0.0295094
0.0294819
0.0294537
0.0294789
0.0294518
0.0294256
0.0294033
0.0293703
0.0293535
0.0293582
0.0293335
0.0293314
0.029309
0.0292782
0.0292462
0.0292183
0.0292184
0.0292029
0.0291719
0.02919
0.029158
0.0291432
0.0291292
0.0291009
0.0291256
0.0291116
0.0290898
0.029062
0.0290328
0.0291167
0.0290953
0.0290646
0.0290639
0.0290345
0.0290059
0.0289777
0.0289543
0.0289273
0.0288957
0.0288675
0.0288363
0.0288088
0.0287789
0.0287482
0.0287252
0.0286986
0.0286712
0.0286724
0.028649
0.0286182
0.0286077
0.0285936
0.0286376
0.0286199
0.0286053
0.0285944
0.0285909
0.028561
0.0285449
0.0285161
0.0284859
0.0284559
0.0284318
0.0284028
0.028384
0.0283566
0.0283657
0.0283804
0.0283586
0.0283298
0.0283183
0.0283
0.0282886
0.0282607
0.0282334
0.0282153
0.0281867
0.0281676
0.0281562
0.0281445
0.0281601
0.0281336
0.0281115
0.0281062
0.0281941
0.0282077
0.0281965
0.0281904
0.0281622
0.0281337
0.0281046
0.0280766
0.0280772
0.0280768
0.0280493
0.0280217
0.0280026
0.0279916
0.027963
0.0279682
0.0279407
0.027916
0.0278876
0.0278632
0.0278416
0.0278154
0.0277878
0.027764
0.0277366
0.0277093
0.0276814
0.0276592
0.0276344
0.0276065
0.0276227
0.0275981
0.0276114
0.0275915
0.0276717
0.0277791
0.0277514
0.027736
0.0278414
