0
0.221692
0.325528
0.258964
0.512259
0.476116
0.43987
0.433274
0.44138
0.40504
0.367405
0.335433
0.31387
0.291096
0.306885
0.299009
0.285712
0.269409
0.255475
0.247045
0.23612
0.232121
0.230414
0.228555
0.22426
0.21949
0.215019
0.208292
0.201873
0.219229
0.21232
0.207091
0.203433
0.197381
0.192493
0.18791
0.182799
0.178994
0.176255
0.172423
0.168238
0.164514
0.160841
0.157784
0.15918
0.155716
0.152718
0.149739
0.149115
0.146504
0.143923
0.14296
0.14024
0.138433
0.135899
0.137025
0.1346
0.132295
0.132812
0.130684
0.129033
0.126995
0.125566
0.125038
0.1231
0.121221
0.11959
0.118082
0.116692
0.115652
0.114038
0.113137
0.111612
0.110334
0.10889
0.10745
0.106133
0.104854
0.103663
0.103086
0.101921
0.100781
0.0999185
0.0989537
0.0980509
0.0969924
0.0964236
0.0954078
0.0955353
0.0979091
0.0973012
0.0994961
0.0985953
0.0980882
0.0978478
0.0968699
0.0959202
0.0949364
0.0943339
0.0934731
0.0933764
0.0936971
0.0928821
0.0926116
0.0919347
0.091143
0.090341
0.0895129
0.0887147
0.0880125
0.0872177
0.086746
0.0863037
0.0859645
0.0865797
0.0860628
0.0853254
0.085839
0.0852635
0.0846525
0.084028
0.084898
0.0847971
0.0852799
0.0846941
0.084179
0.08352
0.0828697
0.0822248
0.0823603
0.0817896
0.0813232
0.0807156
0.08018
0.0798114
0.079224
0.0786438
0.0781145
0.0775615
0.0771368
0.0765878
0.0760898
0.0758073
0.0752856
0.0748039
0.0745785
0.0755283
0.075063
0.0745654
0.0740827
0.0739361
0.0734631
0.0730692
0.0737464
0.0735469
0.073233
0.0728101
0.0724819
0.07208
0.0716981
0.071306
0.0713454
0.0709143
0.0705892
0.0701769
0.0707218
0.0708204
0.0703984
0.0700134
0.0696066
0.0693544
0.0692385
0.068888
0.0684979
0.0681467
0.0678144
0.0675836
0.0674356
0.0670653
0.0675396
0.0672459
0.0669007
0.066548
0.0661933
0.065908
0.0657338
0.0658998
0.0655782
0.0653188
0.0649768
0.0646551
0.0643357
0.0640551
0.0637962
0.0635209
0.063199
0.063038
0.0630308
0.0627264
0.062412
0.0623698
0.0628361
0.062552
0.0623669
0.06207
0.0618539
0.0616963
0.0614113
0.0612018
0.0610223
0.0607397
0.0605141
0.0603331
0.0602252
0.0600173
0.0599177
0.0596485
0.0593759
0.0591235
0.0588623
0.058621
0.0583761
0.058146
0.0579099
0.0577341
0.0581458
0.0579551
0.0577126
0.0574742
0.0573192
0.0570774
0.0573309
0.0572612
0.0570169
0.056863
0.0570007
0.057258
0.0572602
0.0570789
0.0568407
0.0566049
0.0565737
0.0564794
0.0563064
0.0562254
0.0560201
0.0557963
0.0556702
0.0556029
0.0554585
0.0563649
0.056162
0.0559724
0.0557544
0.0556326
0.0554538
0.0552693
0.0551451
0.0552646
0.0550923
0.0549915
0.0547813
0.0546905
0.0544945
0.0544022
0.0542246
0.0540507
0.0540549
0.0538537
0.0537387
0.0535492
0.0533524
0.0531888
0.0530076
0.0528203
0.0526297
0.0524826
0.0523715
0.0523337
0.0521816
0.0524101
0.0525557
0.0525967
0.0524474
0.0522838
0.0521056
0.0519366
0.0518029
0.0517037
0.0515459
0.0513685
0.0512473
0.0510882
0.0513017
0.0513774
0.0512606
0.0510964
0.0509799
0.0508109
0.05073
0.0506073
0.0507538
0.0506225
0.0504676
0.0503032
0.0505588
0.0504075
0.0502514
0.0500944
0.0499753
0.0498262
0.0497088
0.049654
0.049745
0.0495916
0.0495715
0.0494161
0.0492968
0.0491587
0.0490048
0.0488902
0.048825
0.0494745
0.049379
0.0492607
0.0492002
0.0492456
0.0492099
0.0490823
0.048982
0.0489582
0.0488355
0.0486927
0.048556
0.0484832
0.0483717
0.0482281
0.0480909
0.0480826
0.0479793
0.0478403
0.0480393
0.0479578
0.047833
0.0477056
0.0475676
0.0475528
0.0474427
0.0473707
0.0473054
0.0471779
0.0470527
0.0469555
0.0468244
0.0468204
0.046689
0.0465905
0.0468506
0.0467734
0.0466574
0.0466314
0.0465061
0.0464139
0.0462863
0.0461683
0.0462039
0.0461038
0.0460342
0.0459171
0.0458707
0.0458735
0.0458064
0.0456834
0.0455905
0.0454733
0.0454117
0.0452964
0.0451841
0.0455297
0.0455123
0.0455345
0.0457165
0.0455979
0.0454827
0.0454199
0.0454004
0.0452875
0.045284
0.0451694
0.045057
0.0449424
0.0448307
0.0447452
0.0446427
0.0445564
0.0445248
0.0444613
0.0444649
0.044354
0.0442511
0.0441841
0.0441376
0.044216
0.0442439
0.0441596
0.0440737
0.0439708
0.0438636
0.0437986
0.043695
0.0436163
0.0435617
0.0434786
0.0433931
0.0433049
0.0432298
0.0432003
0.0430982
0.0429972
0.0429158
0.0428868
0.0427973
0.0427213
0.0426213
0.0426804
0.0426439
0.0425443
0.0425811
0.0425361
0.0424398
0.0423818
0.0425657
0.042559
0.0426077
0.0425547
0.0424656
0.042498
0.0425589
0.0424647
0.0423701
0.042287
0.0421947
0.0422726
0.0421774
0.0420834
0.0421148
0.0420973
0.0420492
0.0420209
0.0419274
0.0418347
0.0417782
0.0417506
0.0417265
0.041637
0.0415775
0.0415047
0.0415591
0.0415384
0.0414939
0.0414891
0.0414466
0.0413577
0.0412706
0.0411985
0.0411105
0.0410316
0.0409541
0.0408891
0.0408036
0.0407519
0.040667
0.0405837
0.0405404
0.0405065
0.0404214
0.0403368
0.0403044
0.0402627
0.0402363
0.0401629
0.0402003
0.040132
0.0400558
0.0401247
0.0400754
0.0399966
0.0399333
0.0399686
0.0399056
0.0398433
0.0399219
0.0398524
0.0398214
0.0398205
0.0397409
0.0397428
0.0396649
0.0396453
0.0396267
0.0396627
0.0395838
0.0395101
0.0394883
0.0394103
0.0393334
0.0392719
0.0392907
0.0392957
0.0392337
0.0393067
0.0392452
0.0391687
0.0390924
0.0390292
0.0389608
0.0389189
0.0388687
0.0388572
0.0388089
0.0387979
0.0387235
0.0386551
0.0385816
0.0385372
0.0385215
0.038483
0.0384116
0.0383486
0.0383468
0.0382955
0.038225
0.0382197
0.0381491
0.0380916
0.0380479
0.0380326
0.0380192
0.0379496
0.0378994
0.0378296
0.037763
0.0377384
0.0376693
0.0376113
0.0375432
0.037506
0.0374577
0.0374765
0.0374101
0.0373713
0.0374634
0.0374051
0.0373407
0.0372824
0.0373184
0.0374027
0.0373637
0.0373049
0.0373019
0.0374141
0.0374202
0.037359
0.0373165
0.0372753
0.0372116
0.0371478
0.0370835
0.0370224
0.0369578
0.0368933
0.0368317
0.0368023
0.0368735
0.0368611
0.0368012
0.0367619
0.0366982
0.0366385
0.0366593
0.0365973
0.0367428
0.0366992
0.0366379
0.036577
0.0365146
0.0364788
0.0364224
0.0363611
0.0363527
0.0362982
0.0363256
0.0362873
0.0362765
0.0362174
0.0361656
0.0362262
0.036171
0.0361253
0.0360788
0.0361094
0.0360564
0.0360241
0.0359709
0.0359119
0.0358594
0.0358007
0.0357446
0.0356888
0.0356378
0.0355892
0.0355312
0.0354806
0.0354331
0.0353774
0.0353286
0.0353668
0.035327
0.0353937
0.0353408
0.0352895
0.0353338
0.0353615
0.0353197
0.0352804
0.0352512
0.0352281
0.0352039
0.0353919
0.0353517
0.0352989
0.0352721
0.0352197
0.0351662
0.0351187
0.0352558
0.0352055
0.0352084
0.0351536
0.0351603
0.0351057
0.0350512
0.0349966
0.0349887
0.0349432
0.0348896
0.0348651
0.0348592
0.034845
0.0348244
0.0347708
0.0347213
0.0346744
0.0346217
0.0345698
0.0345227
0.0344768
0.0344578
0.0344194
0.0343845
0.0343346
0.0343055
0.0342555
0.0342039
0.0341777
0.0341292
0.0341519
0.0341148
0.0340838
0.0340415
0.0340028
0.0340427
0.0340512
0.0340079
0.0340138
0.0339643
0.0339325
0.0338871
0.0338512
0.0338169
0.0337689
0.0337331
0.0337123
0.0336826
0.0336415
0.0336027
0.0335645
0.0335268
0.0335097
0.0334631
0.033481
0.0334721
0.0334441
0.0333978
0.0334241
0.0333964
0.033384
0.0333369
0.0333744
0.0333505
0.0333051
0.0332717
0.033233
0.0331891
0.0331427
0.0331344
0.0330912
0.033051
0.0330045
0.0329591
0.0329426
0.0329099
0.0328743
0.0328481
0.0328433
0.0327975
0.0327565
0.0327206
0.0326768
0.0326612
0.0326158
0.0325745
0.0325295
0.0324888
0.0324681
0.0324241
0.0323848
0.0323514
0.0323076
0.0322661
0.032283
0.0322917
0.0323786
0.0323353
0.0322932
0.0322627
0.0322253
0.0322141
0.0321828
0.0321487
0.0321129
0.0320697
0.0320277
0.0320863
0.0320982
0.0320566
0.0320155
0.0319829
0.0319402
0.0319183
0.0318762
0.031968
0.0319347
0.0319325
0.0319234
0.0319191
0.0318782
0.0318404
0.0318152
0.0317747
0.0317408
0.0317487
0.0317224
0.031707
0.0316735
0.0316384
0.0316084
0.0315684
0.0315624
0.0315258
0.031487
0.0314553
0.0314165
0.0313929
0.0313551
0.0313333
0.031295
0.0312839
0.0312672
0.031357
0.0313185
0.0313002
0.031314
0.0312755
0.0312401
0.0312142
0.0311863
0.0312567
0.031231
0.0311915
0.0311745
0.0311487
0.031531
0.0315018
0.0316007
0.0315691
0.0315735
0.0315574
0.0315228
0.0314835
0.0314489
0.0314106
0.0313716
0.0313619
0.0313237
0.0312914
0.0312603
0.0312244
0.0311862
0.0311502
0.0311127
0.0311011
0.03112
0.0311101
0.031072
0.0310341
0.0310153
0.0309933
0.0309608
0.0309904
0.0309593
0.0309414
0.0309165
0.030884
0.030853
0.0308189
0.0307991
0.0307632
0.0307695
0.0307743
0.0307439
0.0307351
0.0307171
0.0306819
0.0306453
0.0306146
0.0305792
0.0306576
0.0306298
0.0306338
0.0305994
0.0305916
0.0306343
0.0305985
0.0305623
0.0305397
0.0305298
0.030497
0.0304733
0.0304693
0.0304364
0.0304024
0.0303936
0.0303591
0.0303411
0.0304187
0.0303942
0.0303594
0.0303297
0.0303173
0.0303275
0.0303045
0.0303021
0.0302734
0.0302385
0.0302083
0.0301781
0.0302134
0.0301819
0.0301573
0.0301281
0.0302326
0.0303166
0.0302987
0.0302727
0.0302382
0.0302307
0.0302002
0.0301668
0.0301681
0.0301398
0.030114
0.0300941
0.0300609
0.030027
0.0299937
0.0299865
0.029954
0.0299496
0.0299618
0.0299281
0.0299049
0.0298835
0.0298515
0.0298404
0.0298095
0.0298129
0.0297865
0.0298391
0.0298367
0.0298762
0.0298442
0.0298198
0.029804
0.0297751
0.0297552
0.0297243
0.0297011
0.0297587
0.0297437
0.0297217
0.0296892
0.0296626
0.0296525
0.0296201
0.0295953
0.0295804
0.0295542
0.0295407
0.0295259
0.0294938
0.0294618
0.0294339
0.0294521
0.0294236
0.0294085
0.0293836
0.0293555
0.0293252
0.0293002
0.0292753
0.0292439
0.0292128
0.0291951
0.0292048
0.0291828
0.0291559
0.0291392
0.0291083
0.0290795
0.0290944
0.0290978
0.029123
0.0290994
0.0290742
0.0290494
0.0290203
0.0289903
0.0289647
0.0289356
0.0289057
0.0289256
0.0289052
0.0288891
0.0288727
0.0288429
0.0288131
0.0288222
0.0288185
0.0288013
0.0287854
0.0287876
0.0287686
0.0287397
0.0287145
0.0286918
0.0286629
0.0286483
0.0286309
0.028602
0.0285784
0.0285507
0.0285214
0.028499
0.0284721
0.0284469
0.0284291
0.0284454
0.0284307
0.0284016
0.0283773
0.0283839
0.0283556
0.0283277
0.028302
0.0282957
0.0282676
0.028239
0.0282109
0.028205
0.0281999
0.0282148
0.0283412
0.0283298
0.0283384
0.0283297
0.0283032
0.028275
0.0282853
0.0282798
